0 0.601310 0.316577 0.01 0.01
0 0.609913 0.313047 0.01 0.01
0 0.621824 0.321283 0.01 0.01
0 0.622486 0.334224 0.01 0.01
0 0.615869 0.347165 0.01 0.01
0 0.620501 0.362459 0.01 0.01
0 0.637707 0.365989 0.01 0.01
0 0.627119 0.375400 0.01 0.01
0 0.631751 0.385989 0.01 0.01
0 0.625133 0.387165 0.01 0.01
0 0.634398 0.400106 0.01 0.01
0 0.627780 0.405989 0.01 0.01
0 0.614545 0.385989 0.01 0.01
0 0.605280 0.330694 0.01 0.01
0 0.641677 0.421283 0.01 0.01
0 0.637045 0.411871 0.01 0.01
0 0.631751 0.423636 0.01 0.01
0 0.652927 0.442459 0.01 0.01
0 0.647633 0.433047 0.01 0.01
0 0.642339 0.440106 0.01 0.01
0 0.644986 0.445989 0.01 0.01
0 0.645648 0.458930 0.01 0.01
0 0.646310 0.474224 0.01 0.01
0 0.650280 0.482459 0.01 0.01
0 0.657560 0.484812 0.01 0.01
0 0.647633 0.495400 0.01 0.01
0 0.654913 0.503636 0.01 0.01
0 0.635722 0.461283 0.01 0.01
0 0.639692 0.475400 0.01 0.01
0 0.636383 0.477753 0.01 0.01
0 0.633074 0.482459 0.01 0.01
0 0.634398 0.503636 0.01 0.01
0 0.637045 0.514224 0.01 0.01
0 0.640354 0.510694 0.01 0.01
0 0.650942 0.522459 0.01 0.01
0 0.650280 0.534224 0.01 0.01
0 0.652266 0.550694 0.01 0.01
0 0.641016 0.530694 0.01 0.01
0 0.641016 0.530694 0.01 0.01
0 0.629104 0.543636 0.01 0.01
0 0.619177 0.538930 0.01 0.01
0 0.633074 0.525989 0.01 0.01
0 0.629104 0.558930 0.01 0.01
0 0.636383 0.564812 0.01 0.01
0 0.632413 0.580106 0.01 0.01
0 0.631751 0.593047 0.01 0.01
0 0.637707 0.588342 0.01 0.01
0 0.648957 0.580106 0.01 0.01
0 0.667486 0.582459 0.01 0.01
0 0.652927 0.598930 0.01 0.01
0 0.649619 0.594224 0.01 0.01
0 0.637045 0.602459 0.01 0.01
0 0.640354 0.610694 0.01 0.01
0 0.646972 0.613047 0.01 0.01
0 0.641016 0.625989 0.01 0.01
0 0.643663 0.636577 0.01 0.01
0 0.643001 0.650694 0.01 0.01
0 0.636383 0.642459 0.01 0.01
0 0.627780 0.645989 0.01 0.01
0 0.621824 0.663636 0.01 0.01
0 0.639030 0.673047 0.01 0.01
0 0.634398 0.691871 0.01 0.01
0 0.648295 0.693047 0.01 0.01
0 0.621824 0.695400 0.01 0.01
0 0.612560 0.698930 0.01 0.01
0 0.605280 0.694224 0.01 0.01
0 0.598663 0.702459 0.01 0.01
0 0.611236 0.720106 0.01 0.01
0 0.615207 0.725989 0.01 0.01
0 0.623810 0.728342 0.01 0.01
0 0.594030 0.661283 0.01 0.01
0 0.600648 0.574224 0.01 0.01
0 0.605280 0.578930 0.01 0.01
0 0.610574 0.578930 0.01 0.01
0 0.654913 0.755400 0.01 0.01
0 0.633074 0.754224 0.01 0.01
0 0.614545 0.781283 0.01 0.01
0 0.607266 0.802459 0.01 0.01
0 0.606604 0.775400 0.01 0.01
0 0.604619 0.760106 0.01 0.01
0 0.624472 0.861283 0.01 0.01
0 0.615869 0.878930 0.01 0.01
0 0.623810 0.889518 0.01 0.01
0 0.615207 0.889518 0.01 0.01
0 0.617192 0.905989 0.01 0.01
0 0.603957 0.884812 0.01 0.01
0 0.586751 0.869518 0.01 0.01
0 0.594692 0.782459 0.01 0.01
0 0.580133 0.794224 0.01 0.01
0 0.572192 0.788342 0.01 0.01
0 0.563589 0.793047 0.01 0.01
0 0.564913 0.804812 0.01 0.01
0 0.566236 0.814224 0.01 0.01
0 0.558295 0.807165 0.01 0.01
0 0.552339 0.801283 0.01 0.01
0 0.553663 0.810694 0.01 0.01
0 0.550354 0.821283 0.01 0.01
0 0.556971 0.837753 0.01 0.01
0 0.541089 0.824812 0.01 0.01
0 0.543736 0.817753 0.01 0.01
0 0.537780 0.811871 0.01 0.01
0 0.530501 0.803636 0.01 0.01
0 0.529839 0.807165 0.01 0.01
0 0.527854 0.820106 0.01 0.01
0 0.525869 0.836577 0.01 0.01
0 0.518589 0.841283 0.01 0.01
0 0.508663 0.847165 0.01 0.01
0 0.504692 0.840106 0.01 0.01
0 0.490795 0.842459 0.01 0.01
0 0.494766 0.855400 0.01 0.01
0 0.497413 0.875400 0.01 0.01
0 0.474251 0.845989 0.01 0.01
0 0.469619 0.844812 0.01 0.01
0 0.464324 0.843636 0.01 0.01
0 0.462339 0.849518 0.01 0.01
0 0.459692 0.854224 0.01 0.01
0 0.451089 0.842459 0.01 0.01
0 0.466310 0.823636 0.01 0.01
0 0.454398 0.830694 0.01 0.01
0 0.443810 0.824812 0.01 0.01
0 0.443148 0.838930 0.01 0.01
0 0.443148 0.845989 0.01 0.01
0 0.434545 0.822459 0.01 0.01
0 0.437192 0.813047 0.01 0.01
0 0.429251 0.813047 0.01 0.01
0 0.431236 0.802459 0.01 0.01
0 0.426604 0.829518 0.01 0.01
0 0.420648 0.837753 0.01 0.01
0 0.416677 0.802459 0.01 0.01
0 0.406751 0.807165 0.01 0.01
0 0.406751 0.798930 0.01 0.01
0 0.425280 0.783636 0.01 0.01
0 0.390207 0.808341 0.01 0.01
0 0.388222 0.798930 0.01 0.01
0 0.373001 0.787165 0.01 0.01
0 0.378957 0.768341 0.01 0.01
0 0.378295 0.796577 0.01 0.01
0 0.365722 0.824812 0.01 0.01
0 0.355133 0.824812 0.01 0.01
0 0.342560 0.770694 0.01 0.01
0 0.364398 0.782459 0.01 0.01
0 0.363736 0.775400 0.01 0.01
0 0.392192 0.760106 0.01 0.01
0 0.389545 0.740106 0.01 0.01
0 0.425280 0.765989 0.01 0.01
0 0.413369 0.760106 0.01 0.01
0 0.383589 0.718930 0.01 0.01
0 0.381604 0.713047 0.01 0.01
0 0.376972 0.713047 0.01 0.01
0 0.373663 0.702459 0.01 0.01
0 0.367707 0.700106 0.01 0.01
0 0.357119 0.689518 0.01 0.01
0 0.359104 0.701283 0.01 0.01
0 0.355133 0.705989 0.01 0.01
0 0.355133 0.711871 0.01 0.01
0 0.355133 0.716577 0.01 0.01
0 0.354472 0.729518 0.01 0.01
0 0.367707 0.740106 0.01 0.01
0 0.349839 0.745989 0.01 0.01
0 0.340574 0.749518 0.01 0.01
0 0.365722 0.715400 0.01 0.01
0 0.336604 0.730694 0.01 0.01
0 0.334619 0.717753 0.01 0.01
0 0.332633 0.713047 0.01 0.01
0 0.339251 0.709518 0.01 0.01
0 0.329986 0.696577 0.01 0.01
0 0.331971 0.677753 0.01 0.01
0 0.337927 0.680106 0.01 0.01
0 0.312780 0.658930 0.01 0.01
0 0.310133 0.640106 0.01 0.01
0 0.318074 0.635400 0.01 0.01
0 0.351163 0.670694 0.01 0.01
0 0.339913 0.650694 0.01 0.01
0 0.330648 0.627165 0.01 0.01
0 0.317413 0.613047 0.01 0.01
0 0.291604 0.618930 0.01 0.01
0 0.287633 0.595400 0.01 0.01
0 0.357119 0.661283 0.01 0.01
0 0.356457 0.595400 0.01 0.01
0 0.376310 0.630694 0.01 0.01
0 0.381604 0.629518 0.01 0.01
0 0.405427 0.640106 0.01 0.01
0 0.417339 0.623636 0.01 0.01
0 0.437854 0.620106 0.01 0.01
0 0.429251 0.624812 0.01 0.01
0 0.459030 0.682459 0.01 0.01
0 0.455060 0.698930 0.01 0.01
0 0.439839 0.680106 0.01 0.01
0 0.443810 0.703636 0.01 0.01
0 0.429913 0.718930 0.01 0.01
0 0.419986 0.734224 0.01 0.01
0 0.414692 0.715400 0.01 0.01
0 0.413369 0.704812 0.01 0.01
0 0.409398 0.717753 0.01 0.01
0 0.453736 0.760106 0.01 0.01
0 0.454398 0.765989 0.01 0.01
0 0.453736 0.734224 0.01 0.01
0 0.471604 0.728342 0.01 0.01
0 0.474251 0.762459 0.01 0.01
0 0.480869 0.758930 0.01 0.01
0 0.486824 0.754224 0.01 0.01
0 0.494766 0.791871 0.01 0.01
0 0.484839 0.807165 0.01 0.01
0 0.490133 0.808341 0.01 0.01
0 0.505354 0.817753 0.01 0.01
0 0.504030 0.795400 0.01 0.01
0 0.504692 0.771871 0.01 0.01
0 0.504692 0.745989 0.01 0.01
0 0.484177 0.736577 0.01 0.01
0 0.488148 0.711871 0.01 0.01
0 0.472927 0.676577 0.01 0.01
0 0.458369 0.649518 0.01 0.01
0 0.471604 0.642459 0.01 0.01
0 0.475574 0.642459 0.01 0.01
0 0.519251 0.677753 0.01 0.01
0 0.509324 0.683636 0.01 0.01
0 0.504692 0.693047 0.01 0.01
0 0.506677 0.670694 0.01 0.01
0 0.499398 0.663636 0.01 0.01
0 0.483516 0.662459 0.01 0.01
0 0.536457 0.725989 0.01 0.01
0 0.534472 0.740106 0.01 0.01
0 0.545722 0.737753 0.01 0.01
0 0.540427 0.753047 0.01 0.01
0 0.533810 0.765989 0.01 0.01
0 0.523883 0.773047 0.01 0.01
0 0.512633 0.787165 0.01 0.01
0 0.511310 0.754224 0.01 0.01
0 0.511972 0.738930 0.01 0.01
0 0.561604 0.776577 0.01 0.01
0 0.577486 0.756577 0.01 0.01
0 0.585427 0.753047 0.01 0.01
0 0.574177 0.745989 0.01 0.01
0 0.579471 0.734224 0.01 0.01
0 0.596016 0.735400 0.01 0.01
0 0.590060 0.714224 0.01 0.01
0 0.583442 0.705989 0.01 0.01
0 0.580133 0.690694 0.01 0.01
0 0.568222 0.708342 0.01 0.01
0 0.568222 0.683636 0.01 0.01
0 0.536457 0.702459 0.01 0.01
0 0.534472 0.661283 0.01 0.01
0 0.539766 0.635400 0.01 0.01
0 0.547045 0.624812 0.01 0.01
0 0.553663 0.615400 0.01 0.01
0 0.529839 0.637753 0.01 0.01
0 0.517266 0.624812 0.01 0.01
0 0.522560 0.630694 0.01 0.01
0 0.519251 0.636577 0.01 0.01
0 0.517927 0.644812 0.01 0.01
0 0.498736 0.615400 0.01 0.01
0 0.492119 0.603636 0.01 0.01
0 0.482192 0.623636 0.01 0.01
0 0.484839 0.584812 0.01 0.01
0 0.469619 0.601283 0.01 0.01
0 0.461016 0.602459 0.01 0.01
0 0.543736 0.901283 0.01 0.01
0 0.559619 0.921283 0.01 0.01
0 0.568883 0.925989 0.01 0.01
0 0.573516 0.934224 0.01 0.01
0 0.481530 0.973047 0.01 0.01
0 0.504030 0.921283 0.01 0.01
0 0.550354 0.953047 0.01 0.01
0 0.541089 0.963636 0.01 0.01
0 0.490795 0.916577 0.01 0.01
0 0.476236 0.897753 0.01 0.01
0 0.463001 0.881283 0.01 0.01
0 0.442486 0.936577 0.01 0.01
0 0.433883 0.953047 0.01 0.01
0 0.435207 0.877753 0.01 0.01
0 0.355133 0.865989 0.01 0.01
0 0.382927 0.961283 0.01 0.01
0 0.340574 0.933047 0.01 0.01
0 0.329986 0.885989 0.01 0.01
0 0.284986 0.856577 0.01 0.01
0 0.284986 0.856577 0.01 0.01
0 0.253883 0.821283 0.01 0.01
0 0.284986 0.798930 0.01 0.01
0 0.300869 0.820106 0.01 0.01
0 0.248589 0.735400 0.01 0.01
0 0.240648 0.737753 0.01 0.01
0 0.214177 0.716577 0.01 0.01
0 0.237339 0.621283 0.01 0.01
0 0.247266 0.597753 0.01 0.01
0 0.231383 0.584812 0.01 0.01
0 0.199619 0.564812 0.01 0.01
0 0.191016 0.536577 0.01 0.01
0 0.191677 0.508341 0.01 0.01
0 0.200280 0.491871 0.01 0.01
0 0.217486 0.464812 0.01 0.01
0 0.307486 0.595400 0.01 0.01
0 0.302192 0.574224 0.01 0.01
0 0.309472 0.577753 0.01 0.01
0 0.314104 0.573047 0.01 0.01
0 0.324692 0.590694 0.01 0.01
0 0.338589 0.597753 0.01 0.01
0 0.352486 0.641283 0.01 0.01
0 0.356457 0.644812 0.01 0.01
0 0.400133 0.602459 0.01 0.01
0 0.406751 0.583636 0.01 0.01
0 0.409398 0.574224 0.01 0.01
0 0.439177 0.555400 0.01 0.01
0 0.443148 0.545989 0.01 0.01
0 0.445133 0.523636 0.01 0.01
0 0.449104 0.530694 0.01 0.01
0 0.427927 0.537753 0.01 0.01
0 0.405427 0.543636 0.01 0.01
0 0.465648 0.496577 0.01 0.01
0 0.474251 0.505989 0.01 0.01
0 0.478222 0.456577 0.01 0.01
0 0.466310 0.464812 0.01 0.01
0 0.536457 0.558930 0.01 0.01
0 0.543736 0.558930 0.01 0.01
0 0.554986 0.551871 0.01 0.01
0 0.560942 0.581283 0.01 0.01
0 0.578148 0.578930 0.01 0.01
0 0.562927 0.553047 0.01 0.01
0 0.582780 0.535400 0.01 0.01
0 0.580795 0.505989 0.01 0.01
0 0.594030 0.440106 0.01 0.01
0 0.553001 0.520106 0.01 0.01
0 0.557633 0.511871 0.01 0.01
0 0.551016 0.533047 0.01 0.01
0 0.548369 0.485989 0.01 0.01
0 0.544398 0.454224 0.01 0.01
0 0.533148 0.442459 0.01 0.01
0 0.517266 0.489518 0.01 0.01
0 0.513295 0.514224 0.01 0.01
0 0.492780 0.463636 0.01 0.01
0 0.514619 0.403636 0.01 0.01
0 0.506016 0.368341 0.01 0.01
0 0.516604 0.367165 0.01 0.01
0 0.524545 0.353047 0.01 0.01
0 0.535795 0.380106 0.01 0.01
0 0.584766 0.368341 0.01 0.01
0 0.596016 0.343636 0.01 0.01
0 0.588736 0.338930 0.01 0.01
0 0.307486 0.550694 0.01 0.01
0 0.286972 0.534224 0.01 0.01
0 0.281016 0.491871 0.01 0.01
0 0.304839 0.495400 0.01 0.01
0 0.305501 0.516577 0.01 0.01
0 0.298222 0.522459 0.01 0.01
0 0.271751 0.561283 0.01 0.01
0 0.343221 0.563636 0.01 0.01
0 0.324692 0.536577 0.01 0.01
0 0.322707 0.485989 0.01 0.01
0 0.337266 0.494224 0.01 0.01
0 0.345869 0.476577 0.01 0.01
0 0.346530 0.494224 0.01 0.01
0 0.359104 0.520106 0.01 0.01
0 0.375648 0.504812 0.01 0.01
0 0.388883 0.516577 0.01 0.01
0 0.404766 0.502459 0.01 0.01
0 0.401457 0.495400 0.01 0.01
0 0.370354 0.448341 0.01 0.01
0 0.377633 0.442459 0.01 0.01
0 0.387560 0.445989 0.01 0.01
0 0.414030 0.420106 0.01 0.01
0 0.423957 0.462459 0.01 0.01
0 0.484177 0.424812 0.01 0.01
0 0.466971 0.390694 0.01 0.01
0 0.461677 0.385989 0.01 0.01
0 0.443148 0.356577 0.01 0.01
0 0.425280 0.355400 0.01 0.01
0 0.425942 0.347165 0.01 0.01
0 0.404104 0.305989 0.01 0.01
0 0.438516 0.275400 0.01 0.01
0 0.489472 0.341283 0.01 0.01
0 0.441163 0.304812 0.01 0.01
0 0.515942 0.314224 0.01 0.01
0 0.551016 0.316577 0.01 0.01
0 0.538442 0.295400 0.01 0.01
0 0.551016 0.393047 0.01 0.01
0 0.573516 0.428342 0.01 0.01
0 0.519251 0.437753 0.01 0.01
0 0.574839 0.325989 0.01 0.01
0 0.578810 0.300106 0.01 0.01
0 0.587413 0.293047 0.01 0.01
0 0.574177 0.282459 0.01 0.01
0 0.551677 0.260106 0.01 0.01
0 0.543074 0.254224 0.01 0.01
0 0.534472 0.247165 0.01 0.01
0 0.522560 0.258930 0.01 0.01
0 0.507339 0.269518 0.01 0.01
0 0.513957 0.229518 0.01 0.01
0 0.509986 0.229518 0.01 0.01
0 0.538442 0.202459 0.01 0.01
0 0.517266 0.205989 0.01 0.01
0 0.496751 0.197753 0.01 0.01
0 0.485501 0.228342 0.01 0.01
0 0.474913 0.220106 0.01 0.01
0 0.491457 0.249518 0.01 0.01
0 0.447119 0.222459 0.01 0.01
0 0.433883 0.237753 0.01 0.01
0 0.424619 0.242459 0.01 0.01
0 0.403442 0.257753 0.01 0.01
0 0.398148 0.249518 0.01 0.01
0 0.397486 0.260106 0.01 0.01
0 0.390869 0.265989 0.01 0.01
0 0.384913 0.264812 0.01 0.01
0 0.384251 0.280106 0.01 0.01
0 0.380942 0.280106 0.01 0.01
0 0.372339 0.283636 0.01 0.01
0 0.373663 0.320106 0.01 0.01
0 0.368369 0.313047 0.01 0.01
0 0.366383 0.298930 0.01 0.01
0 0.361751 0.297753 0.01 0.01
0 0.359766 0.303636 0.01 0.01
0 0.359104 0.325989 0.01 0.01
0 0.357780 0.344812 0.01 0.01
0 0.353148 0.375400 0.01 0.01
0 0.348516 0.340106 0.01 0.01
0 0.345869 0.349518 0.01 0.01
0 0.337266 0.356577 0.01 0.01
0 0.328001 0.363636 0.01 0.01
0 0.343883 0.414224 0.01 0.01
0 0.324030 0.420106 0.01 0.01
0 0.323369 0.395400 0.01 0.01
0 0.315427 0.396577 0.01 0.01
0 0.312119 0.430694 0.01 0.01
0 0.304839 0.456577 0.01 0.01
0 0.299545 0.395400 0.01 0.01
0 0.288957 0.388342 0.01 0.01
0 0.269104 0.431871 0.01 0.01
0 0.275721 0.389518 0.01 0.01
0 0.255207 0.394224 0.01 0.01
0 0.250574 0.360106 0.01 0.01
0 0.220133 0.360106 0.01 0.01
0 0.212854 0.345989 0.01 0.01
0 0.205574 0.388342 0.01 0.01
0 0.236016 0.331871 0.01 0.01
0 0.226751 0.316577 0.01 0.01
0 0.251898 0.317753 0.01 0.01
0 0.242633 0.264812 0.01 0.01
0 0.283663 0.317753 0.01 0.01
0 0.663516 0.821283 0.01 0.01
0 0.660207 0.828341 0.01 0.01
0 0.681383 0.796577 0.01 0.01
0 0.678074 0.773047 0.01 0.01
0 0.700574 0.743636 0.01 0.01
0 0.694619 0.684812 0.01 0.01
0 0.707854 0.655400 0.01 0.01
0 0.725060 0.650694 0.01 0.01
0 0.719104 0.682459 0.01 0.01
0 0.730354 0.609518 0.01 0.01
0 0.719104 0.549518 0.01 0.01
0 0.704545 0.537753 0.01 0.01
0 0.688663 0.553047 0.01 0.01
0 0.682045 0.554224 0.01 0.01
0 0.723074 0.496577 0.01 0.01
0 0.732339 0.514224 0.01 0.01
0 0.738295 0.523636 0.01 0.01
0 0.719766 0.524812 0.01 0.01
0 0.715795 0.437753 0.01 0.01
0 0.709839 0.451871 0.01 0.01
0 0.721089 0.473047 0.01 0.01
0 0.701898 0.482459 0.01 0.01
0 0.733663 0.427165 0.01 0.01
0 0.727707 0.395400 0.01 0.01
0 0.715795 0.395400 0.01 0.01
0 0.715795 0.378930 0.01 0.01
0 0.723074 0.368341 0.01 0.01
0 0.711824 0.333047 0.01 0.01
0 0.701236 0.358930 0.01 0.01
0 0.682045 0.357753 0.01 0.01
0 0.670133 0.380106 0.01 0.01
0 0.731016 0.575400 0.01 0.01
0 0.675427 0.709518 0.01 0.01
0 0.711824 0.590694 0.01 0.01
0 0.662854 0.667165 0.01 0.01
0 0.436530 0.587165 0.01 0.01
0 0.658883 0.302459 0.01 0.01
0 0.647633 0.298930 0.01 0.01
0 0.641016 0.282459 0.01 0.01
0 0.658883 0.247165 0.01 0.01
0 0.664839 0.274224 0.01 0.01
0 0.676751 0.245989 0.01 0.01
0 0.688663 0.251871 0.01 0.01
0 0.703883 0.290694 0.01 0.01
0 0.651604 0.197753 0.01 0.01
0 0.650942 0.180106 0.01 0.01
0 0.647633 0.175400 0.01 0.01
0 0.642339 0.162459 0.01 0.01
0 0.622486 0.217753 0.01 0.01
0 0.627780 0.163636 0.01 0.01
0 0.616530 0.173047 0.01 0.01
0 0.601972 0.196577 0.01 0.01
0 0.606604 0.240106 0.01 0.01
0 0.579471 0.233047 0.01 0.01
0 0.592707 0.153047 0.01 0.01
0 0.568883 0.134224 0.01 0.01
0 0.557633 0.141283 0.01 0.01
0 0.547707 0.107165 0.01 0.01
0 0.535795 0.108342 0.01 0.01
0 0.537780 0.095400 0.01 0.01
0 0.547045 0.089518 0.01 0.01
0 0.515280 0.127165 0.01 0.01
0 0.507339 0.053047 0.01 0.01
0 0.484839 0.037753 0.01 0.01
0 0.450427 0.056577 0.01 0.01
0 0.470280 0.116577 0.01 0.01
0 0.468295 0.074224 0.01 0.01
0 0.521898 0.183636 0.01 0.01
0 0.407413 0.081283 0.01 0.01
0 0.423957 0.157753 0.01 0.01
0 0.423957 0.178930 0.01 0.01
0 0.390869 0.149518 0.01 0.01
0 0.397486 0.195400 0.01 0.01
0 0.404104 0.211871 0.01 0.01
0 0.383589 0.185989 0.01 0.01
0 0.378957 0.242459 0.01 0.01
0 0.353810 0.084812 0.01 0.01
0 0.337266 0.121283 0.01 0.01
0 0.328001 0.164812 0.01 0.01
0 0.322045 0.169518 0.01 0.01
0 0.306163 0.200106 0.01 0.01
0 0.306163 0.187165 0.01 0.01
0 0.306163 0.120106 0.01 0.01
0 0.322707 0.137753 0.01 0.01
0 0.411383 0.683636 0.01 0.01
0 0.415354 0.680106 0.01 0.01
0 0.548369 0.709518 0.01 0.01
0 0.527854 0.716577 0.01 0.01
0 0.399471 0.280106 0.01 0.01
