0 0.240625 0.283333 0.01 0.01
0 0.227344 0.301389 0.01 0.01
0 0.215625 0.345833 0.01 0.01
0 0.210156 0.376389 0.01 0.01
0 0.207813 0.484722 0.01 0.01
0 0.212500 0.484722 0.01 0.01
0 0.196094 0.505556 0.01 0.01
0 0.192969 0.541667 0.01 0.01
0 0.196875 0.555556 0.01 0.01
0 0.228125 0.356944 0.01 0.01
0 0.246875 0.315278 0.01 0.01
0 0.260156 0.312500 0.01 0.01
0 0.251563 0.355556 0.01 0.01
0 0.269531 0.383333 0.01 0.01
0 0.283594 0.379167 0.01 0.01
0 0.287500 0.368056 0.01 0.01
0 0.309375 0.183333 0.01 0.01
0 0.307813 0.173611 0.01 0.01
0 0.317969 0.166667 0.01 0.01
0 0.323438 0.158333 0.01 0.01
0 0.311719 0.116667 0.01 0.01
0 0.320312 0.123611 0.01 0.01
0 0.335156 0.119444 0.01 0.01
0 0.357812 0.084722 0.01 0.01
0 0.399219 0.086111 0.01 0.01
0 0.216406 0.588889 0.01 0.01
0 0.225781 0.577778 0.01 0.01
0 0.243750 0.595833 0.01 0.01
0 0.242188 0.615278 0.01 0.01
0 0.223438 0.720833 0.01 0.01
0 0.239844 0.734722 0.01 0.01
0 0.253125 0.729167 0.01 0.01
0 0.253906 0.809722 0.01 0.01
0 0.288281 0.808333 0.01 0.01
0 0.280469 0.854167 0.01 0.01
0 0.285156 0.854167 0.01 0.01
0 0.305469 0.818056 0.01 0.01
0 0.337500 0.919444 0.01 0.01
0 0.350000 0.908333 0.01 0.01
0 0.364062 0.865278 0.01 0.01
0 0.352344 0.823611 0.01 0.01
0 0.357812 0.818056 0.01 0.01
0 0.353906 0.811111 0.01 0.01
0 0.437500 0.958333 0.01 0.01
0 0.433594 0.922222 0.01 0.01
0 0.439844 0.894444 0.01 0.01
0 0.480469 0.898611 0.01 0.01
0 0.496875 0.925000 0.01 0.01
0 0.509375 0.909722 0.01 0.01
0 0.513281 0.968056 0.01 0.01
0 0.474219 0.977778 0.01 0.01
0 0.568750 0.905556 0.01 0.01
0 0.577344 0.912500 0.01 0.01
0 0.557031 0.952778 0.01 0.01
0 0.546094 0.963889 0.01 0.01
0 0.584375 0.904167 0.01 0.01
0 0.611719 0.888889 0.01 0.01
0 0.616406 0.901389 0.01 0.01
0 0.621094 0.886111 0.01 0.01
0 0.542969 0.891667 0.01 0.01
0 0.267969 0.565278 0.01 0.01
0 0.283594 0.584722 0.01 0.01
0 0.292188 0.630556 0.01 0.01
0 0.272656 0.436111 0.01 0.01
0 0.287500 0.445833 0.01 0.01
0 0.296875 0.440278 0.01 0.01
0 0.301562 0.401389 0.01 0.01
0 0.312500 0.395833 0.01 0.01
0 0.323438 0.398611 0.01 0.01
0 0.311719 0.443056 0.01 0.01
0 0.308594 0.459722 0.01 0.01
0 0.306250 0.497222 0.01 0.01
0 0.302344 0.550000 0.01 0.01
0 0.310937 0.552778 0.01 0.01
0 0.306250 0.577778 0.01 0.01
0 0.309375 0.593056 0.01 0.01
0 0.311719 0.573611 0.01 0.01
0 0.314844 0.568056 0.01 0.01
0 0.314063 0.636111 0.01 0.01
0 0.321875 0.630556 0.01 0.01
0 0.316406 0.656944 0.01 0.01
0 0.318750 0.611111 0.01 0.01
0 0.326562 0.587500 0.01 0.01
0 0.320312 0.522222 0.01 0.01
0 0.327344 0.515278 0.01 0.01
0 0.325781 0.488889 0.01 0.01
0 0.329688 0.418056 0.01 0.01
0 0.331250 0.368056 0.01 0.01
0 0.335938 0.362500 0.01 0.01
0 0.339844 0.354167 0.01 0.01
0 0.346094 0.358333 0.01 0.01
0 0.349219 0.348611 0.01 0.01
0 0.358594 0.347222 0.01 0.01
0 0.360938 0.334722 0.01 0.01
0 0.363281 0.304167 0.01 0.01
0 0.367188 0.291667 0.01 0.01
0 0.373437 0.311111 0.01 0.01
0 0.376563 0.294444 0.01 0.01
0 0.376563 0.290278 0.01 0.01
0 0.374219 0.281944 0.01 0.01
0 0.377344 0.277778 0.01 0.01
0 0.381250 0.279167 0.01 0.01
0 0.384375 0.286111 0.01 0.01
0 0.382031 0.272222 0.01 0.01
0 0.378906 0.255556 0.01 0.01
0 0.376563 0.197222 0.01 0.01
0 0.400781 0.162500 0.01 0.01
0 0.403906 0.190278 0.01 0.01
0 0.390625 0.262500 0.01 0.01
0 0.403906 0.279167 0.01 0.01
0 0.405469 0.254167 0.01 0.01
0 0.404687 0.204167 0.01 0.01
0 0.414844 0.258333 0.01 0.01
0 0.424219 0.188889 0.01 0.01
0 0.424219 0.159722 0.01 0.01
0 0.428125 0.238889 0.01 0.01
0 0.434375 0.231944 0.01 0.01
0 0.408594 0.300000 0.01 0.01
0 0.358594 0.380556 0.01 0.01
0 0.348437 0.436111 0.01 0.01
0 0.339063 0.490278 0.01 0.01
0 0.349219 0.487500 0.01 0.01
0 0.335938 0.540278 0.01 0.01
0 0.344531 0.561111 0.01 0.01
0 0.343750 0.591667 0.01 0.01
0 0.357031 0.583333 0.01 0.01
0 0.331250 0.630556 0.01 0.01
0 0.330469 0.687500 0.01 0.01
0 0.332031 0.670833 0.01 0.01
0 0.339063 0.675000 0.01 0.01
0 0.340625 0.663889 0.01 0.01
0 0.342187 0.655556 0.01 0.01
0 0.350000 0.669444 0.01 0.01
0 0.363281 0.661111 0.01 0.01
0 0.357812 0.666667 0.01 0.01
0 0.352344 0.668056 0.01 0.01
0 0.357031 0.650000 0.01 0.01
0 0.361719 0.640278 0.01 0.01
0 0.332031 0.704167 0.01 0.01
0 0.341406 0.705556 0.01 0.01
0 0.337500 0.716667 0.01 0.01
0 0.335156 0.740278 0.01 0.01
0 0.358594 0.712500 0.01 0.01
0 0.356250 0.705556 0.01 0.01
0 0.353906 0.695833 0.01 0.01
0 0.355469 0.688889 0.01 0.01
0 0.359375 0.694444 0.01 0.01
0 0.371875 0.684722 0.01 0.01
0 0.345313 0.738889 0.01 0.01
0 0.350000 0.745833 0.01 0.01
0 0.351562 0.755556 0.01 0.01
0 0.356250 0.729167 0.01 0.01
0 0.360938 0.725000 0.01 0.01
0 0.368750 0.713889 0.01 0.01
0 0.374219 0.701389 0.01 0.01
0 0.371875 0.737500 0.01 0.01
0 0.376563 0.752778 0.01 0.01
0 0.371094 0.761111 0.01 0.01
0 0.367969 0.773611 0.01 0.01
0 0.382031 0.773611 0.01 0.01
0 0.374219 0.777778 0.01 0.01
0 0.382031 0.795833 0.01 0.01
0 0.380469 0.805556 0.01 0.01
0 0.389062 0.800000 0.01 0.01
0 0.392969 0.809722 0.01 0.01
0 0.397656 0.818056 0.01 0.01
0 0.396094 0.758333 0.01 0.01
0 0.376563 0.712500 0.01 0.01
0 0.382812 0.712500 0.01 0.01
0 0.385938 0.718056 0.01 0.01
0 0.393750 0.745833 0.01 0.01
0 0.413281 0.762500 0.01 0.01
0 0.420312 0.763889 0.01 0.01
0 0.426562 0.761111 0.01 0.01
0 0.410156 0.775000 0.01 0.01
0 0.428125 0.781944 0.01 0.01
0 0.414844 0.791667 0.01 0.01
0 0.409375 0.793056 0.01 0.01
0 0.411719 0.802778 0.01 0.01
0 0.422656 0.800000 0.01 0.01
0 0.434375 0.794444 0.01 0.01
0 0.431250 0.806944 0.01 0.01
0 0.429688 0.825000 0.01 0.01
0 0.424219 0.831944 0.01 0.01
0 0.437500 0.826389 0.01 0.01
0 0.443750 0.837500 0.01 0.01
0 0.447656 0.825000 0.01 0.01
0 0.456250 0.829167 0.01 0.01
0 0.454688 0.838889 0.01 0.01
0 0.455469 0.847222 0.01 0.01
0 0.460156 0.841667 0.01 0.01
0 0.471094 0.844444 0.01 0.01
0 0.475781 0.843056 0.01 0.01
0 0.464063 0.859722 0.01 0.01
0 0.442187 0.866667 0.01 0.01
0 0.528906 0.859722 0.01 0.01
0 0.553125 0.850000 0.01 0.01
0 0.640625 0.861111 0.01 0.01
0 0.633594 0.876389 0.01 0.01
0 0.658594 0.834722 0.01 0.01
0 0.667188 0.827778 0.01 0.01
0 0.676562 0.790278 0.01 0.01
0 0.689062 0.779167 0.01 0.01
0 0.623438 0.776389 0.01 0.01
0 0.622656 0.768056 0.01 0.01
0 0.613281 0.802778 0.01 0.01
0 0.592969 0.787500 0.01 0.01
0 0.572656 0.794444 0.01 0.01
0 0.567187 0.804167 0.01 0.01
0 0.564844 0.793056 0.01 0.01
0 0.557031 0.801389 0.01 0.01
0 0.555469 0.809722 0.01 0.01
0 0.559375 0.830556 0.01 0.01
0 0.547656 0.820833 0.01 0.01
0 0.545313 0.812500 0.01 0.01
0 0.541406 0.808333 0.01 0.01
0 0.536719 0.825000 0.01 0.01
0 0.531250 0.830556 0.01 0.01
0 0.525000 0.834722 0.01 0.01
0 0.514844 0.838889 0.01 0.01
0 0.503125 0.862500 0.01 0.01
0 0.490625 0.844444 0.01 0.01
0 0.503906 0.841667 0.01 0.01
0 0.467969 0.822222 0.01 0.01
0 0.372656 0.622222 0.01 0.01
0 0.380469 0.625000 0.01 0.01
0 0.388281 0.629167 0.01 0.01
0 0.383594 0.631944 0.01 0.01
0 0.382031 0.644444 0.01 0.01
0 0.357812 0.512500 0.01 0.01
0 0.372656 0.450000 0.01 0.01
0 0.382812 0.444444 0.01 0.01
0 0.377344 0.504167 0.01 0.01
0 0.385938 0.480556 0.01 0.01
0 0.396875 0.458333 0.01 0.01
0 0.399219 0.438889 0.01 0.01
0 0.406250 0.390278 0.01 0.01
0 0.456250 0.048611 0.01 0.01
0 0.490625 0.031944 0.01 0.01
0 0.508594 0.047222 0.01 0.01
0 0.484375 0.068056 0.01 0.01
0 0.492969 0.065278 0.01 0.01
0 0.470313 0.120833 0.01 0.01
0 0.473437 0.220833 0.01 0.01
0 0.439844 0.269444 0.01 0.01
0 0.442969 0.311111 0.01 0.01
0 0.442969 0.351389 0.01 0.01
0 0.428906 0.352778 0.01 0.01
0 0.424219 0.461111 0.01 0.01
0 0.404687 0.481944 0.01 0.01
0 0.404687 0.500000 0.01 0.01
0 0.396875 0.513889 0.01 0.01
0 0.410156 0.541667 0.01 0.01
0 0.416406 0.568056 0.01 0.01
0 0.410937 0.580556 0.01 0.01
0 0.406250 0.593056 0.01 0.01
0 0.406250 0.640278 0.01 0.01
0 0.408594 0.683333 0.01 0.01
0 0.417969 0.677778 0.01 0.01
0 0.409375 0.716667 0.01 0.01
0 0.414844 0.709722 0.01 0.01
0 0.417188 0.720833 0.01 0.01
0 0.424219 0.738889 0.01 0.01
0 0.421875 0.626389 0.01 0.01
0 0.433594 0.630556 0.01 0.01
0 0.436719 0.622222 0.01 0.01
0 0.428906 0.572222 0.01 0.01
0 0.445312 0.584722 0.01 0.01
0 0.428125 0.536111 0.01 0.01
0 0.442969 0.554167 0.01 0.01
0 0.446094 0.540278 0.01 0.01
0 0.453906 0.526389 0.01 0.01
0 0.463281 0.509722 0.01 0.01
0 0.460938 0.491667 0.01 0.01
0 0.465625 0.458333 0.01 0.01
0 0.478906 0.456944 0.01 0.01
0 0.464844 0.413889 0.01 0.01
0 0.469531 0.387500 0.01 0.01
0 0.464063 0.327778 0.01 0.01
0 0.490625 0.344444 0.01 0.01
0 0.492969 0.244444 0.01 0.01
0 0.503125 0.252778 0.01 0.01
0 0.503906 0.238889 0.01 0.01
0 0.508594 0.268056 0.01 0.01
0 0.510938 0.226389 0.01 0.01
0 0.517187 0.222222 0.01 0.01
0 0.521875 0.236111 0.01 0.01
0 0.512500 0.206944 0.01 0.01
0 0.518750 0.183333 0.01 0.01
0 0.513281 0.123611 0.01 0.01
0 0.540625 0.097222 0.01 0.01
0 0.542188 0.080556 0.01 0.01
0 0.553906 0.079167 0.01 0.01
0 0.551562 0.063889 0.01 0.01
0 0.546875 0.120833 0.01 0.01
0 0.566406 0.106944 0.01 0.01
0 0.571875 0.143056 0.01 0.01
0 0.609375 0.162500 0.01 0.01
0 0.622656 0.169444 0.01 0.01
0 0.626562 0.154167 0.01 0.01
0 0.639063 0.161111 0.01 0.01
0 0.655469 0.170833 0.01 0.01
0 0.642187 0.184722 0.01 0.01
0 0.659375 0.209722 0.01 0.01
0 0.687500 0.243056 0.01 0.01
0 0.666406 0.247222 0.01 0.01
0 0.679688 0.266667 0.01 0.01
0 0.675000 0.293056 0.01 0.01
0 0.648438 0.286111 0.01 0.01
0 0.623438 0.191667 0.01 0.01
0 0.624219 0.212500 0.01 0.01
0 0.625000 0.237500 0.01 0.01
0 0.592969 0.191667 0.01 0.01
0 0.552344 0.211111 0.01 0.01
0 0.539062 0.216667 0.01 0.01
0 0.552344 0.237500 0.01 0.01
0 0.548437 0.244444 0.01 0.01
0 0.541406 0.240278 0.01 0.01
0 0.545313 0.250000 0.01 0.01
0 0.555469 0.255556 0.01 0.01
0 0.608594 0.225000 0.01 0.01
0 0.594531 0.250000 0.01 0.01
0 0.580469 0.273611 0.01 0.01
0 0.573438 0.275000 0.01 0.01
0 0.544531 0.295833 0.01 0.01
0 0.521094 0.313889 0.01 0.01
0 0.531250 0.354167 0.01 0.01
0 0.521094 0.363889 0.01 0.01
0 0.513281 0.369444 0.01 0.01
0 0.492969 0.418056 0.01 0.01
0 0.493750 0.466667 0.01 0.01
0 0.478906 0.501389 0.01 0.01
0 0.460938 0.604167 0.01 0.01
0 0.477344 0.600000 0.01 0.01
0 0.463281 0.648611 0.01 0.01
0 0.445312 0.680556 0.01 0.01
0 0.446094 0.690278 0.01 0.01
0 0.448438 0.684722 0.01 0.01
0 0.449219 0.704167 0.01 0.01
0 0.457031 0.704167 0.01 0.01
0 0.459375 0.680556 0.01 0.01
0 0.435937 0.719444 0.01 0.01
0 0.445312 0.729167 0.01 0.01
0 0.451562 0.741667 0.01 0.01
0 0.454688 0.762500 0.01 0.01
0 0.457812 0.770833 0.01 0.01
0 0.475000 0.752778 0.01 0.01
0 0.478125 0.755556 0.01 0.01
0 0.492188 0.762500 0.01 0.01
0 0.487500 0.770833 0.01 0.01
0 0.495313 0.788889 0.01 0.01
0 0.491406 0.805556 0.01 0.01
0 0.492969 0.815278 0.01 0.01
0 0.507031 0.798611 0.01 0.01
0 0.507031 0.816667 0.01 0.01
0 0.525781 0.806944 0.01 0.01
0 0.535937 0.809722 0.01 0.01
0 0.480469 0.729167 0.01 0.01
0 0.488281 0.736111 0.01 0.01
0 0.488281 0.736111 0.01 0.01
0 0.475781 0.679167 0.01 0.01
0 0.471094 0.638889 0.01 0.01
0 0.482031 0.648611 0.01 0.01
0 0.484375 0.659722 0.01 0.01
0 0.488281 0.665278 0.01 0.01
0 0.488281 0.622222 0.01 0.01
0 0.490625 0.633333 0.01 0.01
0 0.493750 0.605556 0.01 0.01
0 0.492969 0.579167 0.01 0.01
0 0.513281 0.481944 0.01 0.01
0 0.516406 0.511111 0.01 0.01
0 0.520312 0.436111 0.01 0.01
0 0.521875 0.397222 0.01 0.01
0 0.536719 0.394444 0.01 0.01
0 0.555469 0.393056 0.01 0.01
0 0.534375 0.441667 0.01 0.01
0 0.539062 0.455556 0.01 0.01
0 0.546094 0.463889 0.01 0.01
0 0.549219 0.487500 0.01 0.01
0 0.557813 0.508333 0.01 0.01
0 0.556250 0.515278 0.01 0.01
0 0.561719 0.520833 0.01 0.01
0 0.563281 0.509722 0.01 0.01
0 0.550781 0.529167 0.01 0.01
0 0.551562 0.555556 0.01 0.01
0 0.553906 0.573611 0.01 0.01
0 0.558594 0.556944 0.01 0.01
0 0.564844 0.555556 0.01 0.01
0 0.564062 0.572222 0.01 0.01
0 0.583594 0.577778 0.01 0.01
0 0.590625 0.543056 0.01 0.01
0 0.586719 0.527778 0.01 0.01
0 0.512500 0.590278 0.01 0.01
0 0.504687 0.629167 0.01 0.01
0 0.511719 0.623611 0.01 0.01
0 0.525781 0.620833 0.01 0.01
0 0.529688 0.615278 0.01 0.01
0 0.524219 0.627778 0.01 0.01
0 0.532031 0.638889 0.01 0.01
0 0.521875 0.634722 0.01 0.01
0 0.521094 0.645833 0.01 0.01
0 0.514844 0.645833 0.01 0.01
0 0.498437 0.666667 0.01 0.01
0 0.507812 0.658333 0.01 0.01
0 0.503125 0.684722 0.01 0.01
0 0.510156 0.680556 0.01 0.01
0 0.520312 0.675000 0.01 0.01
0 0.540625 0.659722 0.01 0.01
0 0.543750 0.644444 0.01 0.01
0 0.551562 0.627778 0.01 0.01
0 0.553125 0.613889 0.01 0.01
0 0.512500 0.754167 0.01 0.01
0 0.522656 0.784722 0.01 0.01
0 0.521875 0.772222 0.01 0.01
0 0.515625 0.730556 0.01 0.01
0 0.540625 0.701389 0.01 0.01
0 0.535156 0.694444 0.01 0.01
0 0.529688 0.719444 0.01 0.01
0 0.542188 0.733333 0.01 0.01
0 0.528906 0.770833 0.01 0.01
0 0.540625 0.745833 0.01 0.01
0 0.537500 0.727778 0.01 0.01
0 0.535156 0.766667 0.01 0.01
0 0.540625 0.754167 0.01 0.01
0 0.553906 0.770833 0.01 0.01
0 0.567187 0.769444 0.01 0.01
0 0.550781 0.715278 0.01 0.01
0 0.570312 0.713889 0.01 0.01
0 0.704687 0.291667 0.01 0.01
0 0.717969 0.327778 0.01 0.01
0 0.721875 0.348611 0.01 0.01
0 0.725000 0.381944 0.01 0.01
0 0.728906 0.397222 0.01 0.01
0 0.728906 0.419444 0.01 0.01
0 0.741406 0.512500 0.01 0.01
0 0.732813 0.587500 0.01 0.01
0 0.732031 0.611111 0.01 0.01
0 0.728125 0.643056 0.01 0.01
0 0.721875 0.665278 0.01 0.01
0 0.710156 0.711111 0.01 0.01
0 0.706250 0.736111 0.01 0.01
0 0.697656 0.695833 0.01 0.01
0 0.671875 0.727778 0.01 0.01
0 0.660937 0.743056 0.01 0.01
0 0.632031 0.705556 0.01 0.01
0 0.645312 0.705556 0.01 0.01
0 0.665625 0.665278 0.01 0.01
0 0.666406 0.600000 0.01 0.01
0 0.704687 0.583333 0.01 0.01
0 0.714063 0.600000 0.01 0.01
0 0.714063 0.619444 0.01 0.01
0 0.724219 0.543056 0.01 0.01
0 0.721875 0.527778 0.01 0.01
0 0.718750 0.505556 0.01 0.01
0 0.723437 0.491667 0.01 0.01
0 0.730469 0.502778 0.01 0.01
0 0.720312 0.473611 0.01 0.01
0 0.711719 0.456944 0.01 0.01
0 0.716406 0.379167 0.01 0.01
0 0.706250 0.377778 0.01 0.01
0 0.721094 0.437500 0.01 0.01
0 0.703125 0.497222 0.01 0.01
0 0.681250 0.516667 0.01 0.01
0 0.684375 0.544444 0.01 0.01
0 0.696875 0.445833 0.01 0.01
0 0.679688 0.425000 0.01 0.01
0 0.684375 0.354167 0.01 0.01
0 0.671094 0.325000 0.01 0.01
0 0.662500 0.306944 0.01 0.01
0 0.651563 0.304167 0.01 0.01
0 0.589063 0.290278 0.01 0.01
0 0.579687 0.297222 0.01 0.01
0 0.552344 0.320833 0.01 0.01
0 0.571094 0.430556 0.01 0.01
0 0.592969 0.441667 0.01 0.01
0 0.586719 0.477778 0.01 0.01
0 0.608594 0.586111 0.01 0.01
0 0.614844 0.579167 0.01 0.01
0 0.585156 0.372222 0.01 0.01
0 0.594531 0.366667 0.01 0.01
0 0.588281 0.336111 0.01 0.01
0 0.577344 0.320833 0.01 0.01
0 0.607031 0.315278 0.01 0.01
0 0.617188 0.319444 0.01 0.01
0 0.610937 0.333333 0.01 0.01
0 0.604688 0.354167 0.01 0.01
0 0.620313 0.350000 0.01 0.01
0 0.636719 0.362500 0.01 0.01
0 0.625781 0.363889 0.01 0.01
0 0.657812 0.370833 0.01 0.01
0 0.630469 0.383333 0.01 0.01
0 0.636719 0.381944 0.01 0.01
0 0.621094 0.380556 0.01 0.01
0 0.629687 0.401389 0.01 0.01
0 0.636719 0.394444 0.01 0.01
0 0.650000 0.411111 0.01 0.01
0 0.642187 0.418056 0.01 0.01
0 0.637500 0.423611 0.01 0.01
0 0.621094 0.434722 0.01 0.01
0 0.657812 0.437500 0.01 0.01
0 0.657031 0.431944 0.01 0.01
0 0.649219 0.436111 0.01 0.01
0 0.648438 0.452778 0.01 0.01
0 0.635156 0.456944 0.01 0.01
0 0.640625 0.462500 0.01 0.01
0 0.647656 0.463889 0.01 0.01
0 0.651563 0.475000 0.01 0.01
0 0.657031 0.480556 0.01 0.01
0 0.664844 0.481944 0.01 0.01
0 0.654688 0.490278 0.01 0.01
0 0.656250 0.505556 0.01 0.01
0 0.660156 0.520833 0.01 0.01
0 0.634375 0.473611 0.01 0.01
0 0.642187 0.484722 0.01 0.01
0 0.636719 0.505556 0.01 0.01
0 0.642187 0.511111 0.01 0.01
0 0.646875 0.515278 0.01 0.01
0 0.637500 0.525000 0.01 0.01
0 0.642187 0.531944 0.01 0.01
0 0.651563 0.530556 0.01 0.01
0 0.653906 0.552778 0.01 0.01
0 0.651563 0.543056 0.01 0.01
0 0.642969 0.531944 0.01 0.01
0 0.624219 0.540278 0.01 0.01
0 0.576563 0.700000 0.01 0.01
0 0.632812 0.559722 0.01 0.01
0 0.581250 0.694444 0.01 0.01
0 0.632031 0.544444 0.01 0.01
0 0.587500 0.704167 0.01 0.01
0 0.633594 0.577778 0.01 0.01
0 0.613281 0.618056 0.01 0.01
0 0.576563 0.743056 0.01 0.01
0 0.594531 0.712500 0.01 0.01
0 0.584375 0.727778 0.01 0.01
0 0.577344 0.755556 0.01 0.01
0 0.607813 0.747222 0.01 0.01
0 0.589844 0.750000 0.01 0.01
0 0.603906 0.759722 0.01 0.01
0 0.598437 0.731944 0.01 0.01
0 0.617969 0.722222 0.01 0.01
0 0.596094 0.747222 0.01 0.01
0 0.613281 0.697222 0.01 0.01
0 0.655469 0.602778 0.01 0.01
0 0.657812 0.590278 0.01 0.01
0 0.639844 0.581944 0.01 0.01
0 0.633594 0.594444 0.01 0.01
0 0.651563 0.580556 0.01 0.01
0 0.644531 0.591667 0.01 0.01
0 0.651563 0.598611 0.01 0.01
0 0.640625 0.606944 0.01 0.01
0 0.632031 0.622222 0.01 0.01
0 0.648438 0.611111 0.01 0.01
0 0.642969 0.620833 0.01 0.01
0 0.619531 0.676389 0.01 0.01
0 0.625781 0.661111 0.01 0.01
0 0.607813 0.693056 0.01 0.01
0 0.600781 0.702778 0.01 0.01
0 0.622656 0.695833 0.01 0.01
0 0.629687 0.673611 0.01 0.01
0 0.632031 0.641667 0.01 0.01
0 0.637500 0.648611 0.01 0.01
0 0.646875 0.638889 0.01 0.01
0 0.646094 0.627778 0.01 0.01
