0 0.245280 0.267165 0.01 0.01
0 0.224766 0.311871 0.01 0.01
0 0.251236 0.314224 0.01 0.01
0 0.230060 0.330694 0.01 0.01
0 0.212192 0.348341 0.01 0.01
0 0.220133 0.360106 0.01 0.01
0 0.206236 0.385989 0.01 0.01
0 0.247927 0.362459 0.01 0.01
0 0.215501 0.470694 0.01 0.01
0 0.201604 0.490694 0.01 0.01
0 0.194986 0.511871 0.01 0.01
0 0.190354 0.535400 0.01 0.01
0 0.200280 0.564812 0.01 0.01
0 0.230060 0.584812 0.01 0.01
0 0.247266 0.600106 0.01 0.01
0 0.238001 0.622459 0.01 0.01
0 0.257854 0.627165 0.01 0.01
0 0.215501 0.722459 0.01 0.01
0 0.283001 0.496577 0.01 0.01
0 0.272413 0.387165 0.01 0.01
0 0.288957 0.390694 0.01 0.01
0 0.296236 0.397753 0.01 0.01
0 0.270427 0.431871 0.01 0.01
0 0.286972 0.535400 0.01 0.01
0 0.296236 0.528342 0.01 0.01
0 0.303516 0.514224 0.01 0.01
0 0.304177 0.497753 0.01 0.01
0 0.268442 0.558930 0.01 0.01
0 0.286310 0.590694 0.01 0.01
0 0.291604 0.622459 0.01 0.01
0 0.306163 0.594224 0.01 0.01
0 0.300869 0.573047 0.01 0.01
0 0.313442 0.573047 0.01 0.01
0 0.309472 0.551871 0.01 0.01
0 0.326677 0.590694 0.01 0.01
0 0.317413 0.613047 0.01 0.01
0 0.312119 0.637753 0.01 0.01
0 0.317413 0.634224 0.01 0.01
0 0.314104 0.657753 0.01 0.01
0 0.332633 0.630694 0.01 0.01
0 0.333957 0.651871 0.01 0.01
0 0.339913 0.650694 0.01 0.01
0 0.330648 0.673047 0.01 0.01
0 0.336604 0.677753 0.01 0.01
0 0.326677 0.690694 0.01 0.01
0 0.335942 0.710694 0.01 0.01
0 0.333957 0.723636 0.01 0.01
0 0.337927 0.713047 0.01 0.01
0 0.340574 0.750694 0.01 0.01
0 0.349839 0.745989 0.01 0.01
0 0.343221 0.769518 0.01 0.01
0 0.237339 0.740106 0.01 0.01
0 0.283663 0.796577 0.01 0.01
0 0.255869 0.816577 0.01 0.01
0 0.300869 0.820106 0.01 0.01
0 0.283663 0.857753 0.01 0.01
0 0.284986 0.855400 0.01 0.01
0 0.329324 0.883636 0.01 0.01
0 0.355795 0.863636 0.01 0.01
0 0.341898 0.937753 0.01 0.01
0 0.429913 0.950694 0.01 0.01
0 0.484839 0.973047 0.01 0.01
0 0.383589 0.958930 0.01 0.01
0 0.249251 0.733047 0.01 0.01
0 0.367045 0.828341 0.01 0.01
0 0.355795 0.822459 0.01 0.01
0 0.357780 0.809518 0.01 0.01
0 0.442486 0.936577 0.01 0.01
0 0.435207 0.874224 0.01 0.01
0 0.461677 0.883636 0.01 0.01
0 0.474913 0.897753 0.01 0.01
0 0.492119 0.917753 0.01 0.01
0 0.505354 0.922459 0.01 0.01
0 0.543736 0.903636 0.01 0.01
0 0.559619 0.923636 0.01 0.01
0 0.570207 0.929518 0.01 0.01
0 0.575501 0.929518 0.01 0.01
0 0.617192 0.904812 0.01 0.01
0 0.621163 0.889518 0.01 0.01
0 0.613883 0.891871 0.01 0.01
0 0.624472 0.861283 0.01 0.01
0 0.603295 0.885989 0.01 0.01
0 0.662854 0.824812 0.01 0.01
0 0.662854 0.821283 0.01 0.01
0 0.587413 0.868342 0.01 0.01
0 0.679398 0.795400 0.01 0.01
0 0.678736 0.767165 0.01 0.01
0 0.703883 0.743636 0.01 0.01
0 0.654251 0.760106 0.01 0.01
0 0.676751 0.707165 0.01 0.01
0 0.693295 0.687165 0.01 0.01
0 0.717119 0.683636 0.01 0.01
0 0.705869 0.653047 0.01 0.01
0 0.723074 0.647165 0.01 0.01
0 0.731016 0.610694 0.01 0.01
0 0.733663 0.575400 0.01 0.01
0 0.711824 0.591871 0.01 0.01
0 0.719104 0.553047 0.01 0.01
0 0.705869 0.535400 0.01 0.01
0 0.373663 0.703636 0.01 0.01
0 0.368369 0.702459 0.01 0.01
0 0.359104 0.662459 0.01 0.01
0 0.359766 0.691871 0.01 0.01
0 0.360427 0.702459 0.01 0.01
0 0.356457 0.708342 0.01 0.01
0 0.355133 0.725989 0.01 0.01
0 0.390869 0.742459 0.01 0.01
0 0.393516 0.762459 0.01 0.01
0 0.368369 0.741283 0.01 0.01
0 0.364398 0.711871 0.01 0.01
0 0.380942 0.711871 0.01 0.01
0 0.382266 0.722459 0.01 0.01
0 0.374324 0.717753 0.01 0.01
0 0.353148 0.671871 0.01 0.01
0 0.347854 0.665989 0.01 0.01
0 0.355795 0.640106 0.01 0.01
0 0.375648 0.634224 0.01 0.01
0 0.380942 0.633047 0.01 0.01
0 0.380280 0.642459 0.01 0.01
0 0.406089 0.638930 0.01 0.01
0 0.415354 0.676577 0.01 0.01
0 0.412045 0.688341 0.01 0.01
0 0.412707 0.707165 0.01 0.01
0 0.415354 0.717753 0.01 0.01
0 0.408074 0.722459 0.01 0.01
0 0.384251 0.754224 0.01 0.01
0 0.369030 0.768341 0.01 0.01
0 0.364398 0.773047 0.01 0.01
0 0.364398 0.780106 0.01 0.01
0 0.378957 0.771871 0.01 0.01
0 0.370354 0.787165 0.01 0.01
0 0.380942 0.798930 0.01 0.01
0 0.387560 0.795400 0.01 0.01
0 0.388222 0.805989 0.01 0.01
0 0.337266 0.595400 0.01 0.01
0 0.358442 0.597753 0.01 0.01
0 0.402780 0.596577 0.01 0.01
0 0.431898 0.717753 0.01 0.01
0 0.421971 0.736577 0.01 0.01
0 0.414030 0.760106 0.01 0.01
0 0.406751 0.776577 0.01 0.01
0 0.420648 0.788342 0.01 0.01
0 0.411383 0.797753 0.01 0.01
0 0.405427 0.796577 0.01 0.01
0 0.407413 0.803636 0.01 0.01
0 0.427266 0.811871 0.01 0.01
0 0.431898 0.797753 0.01 0.01
0 0.435207 0.809518 0.01 0.01
0 0.435869 0.821283 0.01 0.01
0 0.429913 0.830694 0.01 0.01
0 0.425942 0.835400 0.01 0.01
0 0.444472 0.825989 0.01 0.01
0 0.451751 0.831871 0.01 0.01
0 0.443148 0.840106 0.01 0.01
0 0.443148 0.853047 0.01 0.01
0 0.451089 0.848342 0.01 0.01
0 0.458369 0.856577 0.01 0.01
0 0.461677 0.848342 0.01 0.01
0 0.464986 0.845989 0.01 0.01
0 0.470942 0.844812 0.01 0.01
0 0.464324 0.822459 0.01 0.01
0 0.498736 0.873047 0.01 0.01
0 0.455722 0.771871 0.01 0.01
0 0.453074 0.767165 0.01 0.01
0 0.457045 0.737753 0.01 0.01
0 0.443810 0.703636 0.01 0.01
0 0.455060 0.700106 0.01 0.01
0 0.440501 0.687165 0.01 0.01
0 0.460354 0.685989 0.01 0.01
0 0.484177 0.735400 0.01 0.01
0 0.474913 0.727165 0.01 0.01
0 0.488810 0.754224 0.01 0.01
0 0.482192 0.757753 0.01 0.01
0 0.474913 0.757753 0.01 0.01
0 0.487486 0.770694 0.01 0.01
0 0.494104 0.788342 0.01 0.01
0 0.482854 0.805989 0.01 0.01
0 0.489472 0.808341 0.01 0.01
0 0.490133 0.843636 0.01 0.01
0 0.495427 0.856577 0.01 0.01
0 0.509324 0.849518 0.01 0.01
0 0.502707 0.840106 0.01 0.01
0 0.516604 0.840106 0.01 0.01
0 0.523221 0.833047 0.01 0.01
0 0.529177 0.833047 0.01 0.01
0 0.504030 0.814224 0.01 0.01
0 0.504692 0.801283 0.01 0.01
0 0.506677 0.773047 0.01 0.01
0 0.504030 0.748342 0.01 0.01
0 0.510648 0.753047 0.01 0.01
0 0.513957 0.784812 0.01 0.01
0 0.524545 0.773047 0.01 0.01
0 0.533148 0.769518 0.01 0.01
0 0.525207 0.805989 0.01 0.01
0 0.530501 0.804812 0.01 0.01
0 0.527854 0.817753 0.01 0.01
0 0.536457 0.809518 0.01 0.01
0 0.544398 0.825989 0.01 0.01
0 0.540427 0.814224 0.01 0.01
0 0.551016 0.821283 0.01 0.01
0 0.554324 0.807165 0.01 0.01
0 0.550354 0.801283 0.01 0.01
0 0.564913 0.818930 0.01 0.01
0 0.562927 0.807165 0.01 0.01
0 0.562927 0.795400 0.01 0.01
0 0.560942 0.775400 0.01 0.01
0 0.551677 0.769518 0.01 0.01
0 0.538442 0.753047 0.01 0.01
0 0.534472 0.742459 0.01 0.01
0 0.547707 0.735400 0.01 0.01
0 0.537119 0.727165 0.01 0.01
0 0.525869 0.715400 0.01 0.01
0 0.537119 0.702459 0.01 0.01
0 0.533148 0.698930 0.01 0.01
0 0.515942 0.678930 0.01 0.01
0 0.490133 0.709518 0.01 0.01
0 0.474251 0.680106 0.01 0.01
0 0.458369 0.648341 0.01 0.01
0 0.472266 0.634224 0.01 0.01
0 0.480869 0.642459 0.01 0.01
0 0.482192 0.663636 0.01 0.01
0 0.497413 0.662459 0.01 0.01
0 0.506677 0.667165 0.01 0.01
0 0.502707 0.696577 0.01 0.01
0 0.535795 0.663636 0.01 0.01
0 0.516604 0.653047 0.01 0.01
0 0.508663 0.651871 0.01 0.01
0 0.517927 0.642459 0.01 0.01
0 0.531824 0.637753 0.01 0.01
0 0.523883 0.630694 0.01 0.01
0 0.520574 0.625989 0.01 0.01
0 0.509986 0.620106 0.01 0.01
0 0.500722 0.611871 0.01 0.01
0 0.490795 0.602459 0.01 0.01
0 0.484839 0.628341 0.01 0.01
0 0.428589 0.623636 0.01 0.01
0 0.433222 0.614224 0.01 0.01
0 0.406089 0.581283 0.01 0.01
0 0.411383 0.571871 0.01 0.01
0 0.416016 0.622459 0.01 0.01
0 0.377633 0.598930 0.01 0.01
0 0.345207 0.558930 0.01 0.01
0 0.334619 0.538930 0.01 0.01
0 0.322707 0.534224 0.01 0.01
0 0.336604 0.488342 0.01 0.01
0 0.347192 0.489518 0.01 0.01
0 0.321383 0.488342 0.01 0.01
0 0.359104 0.515400 0.01 0.01
0 0.376972 0.498930 0.01 0.01
0 0.304839 0.457753 0.01 0.01
0 0.311457 0.435400 0.01 0.01
0 0.314104 0.396577 0.01 0.01
0 0.321383 0.394224 0.01 0.01
0 0.343883 0.415400 0.01 0.01
0 0.325354 0.417753 0.01 0.01
0 0.367707 0.442459 0.01 0.01
0 0.377633 0.442459 0.01 0.01
0 0.388883 0.448341 0.01 0.01
0 0.329324 0.367165 0.01 0.01
0 0.335942 0.357753 0.01 0.01
0 0.345207 0.351871 0.01 0.01
0 0.347854 0.343636 0.01 0.01
0 0.361089 0.328342 0.01 0.01
0 0.357119 0.344812 0.01 0.01
0 0.352486 0.377753 0.01 0.01
0 0.361751 0.363636 0.01 0.01
0 0.412045 0.422459 0.01 0.01
0 0.421971 0.461283 0.01 0.01
0 0.399471 0.494224 0.01 0.01
0 0.402780 0.501283 0.01 0.01
0 0.387560 0.513047 0.01 0.01
0 0.407413 0.548342 0.01 0.01
0 0.430574 0.535400 0.01 0.01
0 0.439177 0.581283 0.01 0.01
0 0.437854 0.551871 0.01 0.01
0 0.443148 0.547165 0.01 0.01
0 0.446457 0.527165 0.01 0.01
0 0.457707 0.511871 0.01 0.01
0 0.464324 0.496577 0.01 0.01
0 0.476236 0.501283 0.01 0.01
0 0.486824 0.587165 0.01 0.01
0 0.459030 0.600106 0.01 0.01
0 0.463001 0.460106 0.01 0.01
0 0.467633 0.463636 0.01 0.01
0 0.476236 0.460106 0.01 0.01
0 0.492780 0.463636 0.01 0.01
0 0.521898 0.488342 0.01 0.01
0 0.515280 0.509518 0.01 0.01
0 0.457045 0.385989 0.01 0.01
0 0.464324 0.391871 0.01 0.01
0 0.423295 0.351871 0.01 0.01
0 0.429251 0.347165 0.01 0.01
0 0.438516 0.354224 0.01 0.01
0 0.537119 0.557753 0.01 0.01
0 0.547045 0.555400 0.01 0.01
0 0.553663 0.549518 0.01 0.01
0 0.531163 0.434224 0.01 0.01
0 0.543736 0.458930 0.01 0.01
0 0.562927 0.507165 0.01 0.01
0 0.554986 0.513047 0.01 0.01
0 0.559619 0.516577 0.01 0.01
0 0.562927 0.551871 0.01 0.01
0 0.562927 0.581283 0.01 0.01
0 0.580795 0.575400 0.01 0.01
0 0.554986 0.611871 0.01 0.01
0 0.549030 0.624812 0.01 0.01
0 0.540427 0.634224 0.01 0.01
0 0.594030 0.442459 0.01 0.01
0 0.582119 0.505989 0.01 0.01
0 0.547707 0.533047 0.01 0.01
0 0.547045 0.482459 0.01 0.01
0 0.519251 0.437753 0.01 0.01
0 0.481530 0.423636 0.01 0.01
0 0.514619 0.400106 0.01 0.01
0 0.517927 0.367165 0.01 0.01
0 0.521898 0.354224 0.01 0.01
0 0.488810 0.341283 0.01 0.01
0 0.503369 0.368341 0.01 0.01
0 0.465648 0.335400 0.01 0.01
0 0.441824 0.307165 0.01 0.01
0 0.437192 0.269518 0.01 0.01
0 0.423295 0.240106 0.01 0.01
0 0.435207 0.231871 0.01 0.01
0 0.409398 0.300106 0.01 0.01
0 0.398810 0.277753 0.01 0.01
0 0.404104 0.262459 0.01 0.01
0 0.399471 0.247165 0.01 0.01
0 0.388883 0.262459 0.01 0.01
0 0.386236 0.278930 0.01 0.01
0 0.380942 0.278930 0.01 0.01
0 0.373663 0.280106 0.01 0.01
0 0.375648 0.311871 0.01 0.01
0 0.371677 0.304812 0.01 0.01
0 0.367045 0.296577 0.01 0.01
0 0.360427 0.293047 0.01 0.01
0 0.359104 0.303636 0.01 0.01
0 0.306824 0.195400 0.01 0.01
0 0.306824 0.184812 0.01 0.01
0 0.321383 0.170694 0.01 0.01
0 0.327339 0.160106 0.01 0.01
0 0.339251 0.122459 0.01 0.01
0 0.323369 0.131871 0.01 0.01
0 0.305501 0.120106 0.01 0.01
0 0.392192 0.145989 0.01 0.01
0 0.351824 0.080106 0.01 0.01
0 0.408074 0.080106 0.01 0.01
0 0.423295 0.156577 0.01 0.01
0 0.424619 0.177753 0.01 0.01
0 0.381604 0.185989 0.01 0.01
0 0.396824 0.193047 0.01 0.01
0 0.408074 0.209518 0.01 0.01
0 0.378957 0.242459 0.01 0.01
0 0.453074 0.057753 0.01 0.01
0 0.475574 0.118930 0.01 0.01
0 0.468295 0.071871 0.01 0.01
0 0.489472 0.034224 0.01 0.01
0 0.537780 0.102459 0.01 0.01
0 0.545060 0.108342 0.01 0.01
0 0.540427 0.094224 0.01 0.01
0 0.546383 0.091871 0.01 0.01
0 0.507339 0.055400 0.01 0.01
0 0.513957 0.133047 0.01 0.01
0 0.539766 0.068342 0.01 0.01
0 0.547045 0.064812 0.01 0.01
0 0.559619 0.142459 0.01 0.01
0 0.591383 0.154224 0.01 0.01
0 0.652927 0.178930 0.01 0.01
0 0.646972 0.170694 0.01 0.01
0 0.623810 0.162459 0.01 0.01
0 0.617192 0.168342 0.01 0.01
0 0.598663 0.193047 0.01 0.01
0 0.625795 0.209518 0.01 0.01
0 0.619839 0.222459 0.01 0.01
0 0.652266 0.190694 0.01 0.01
0 0.608589 0.235400 0.01 0.01
0 0.521898 0.182459 0.01 0.01
0 0.517927 0.207165 0.01 0.01
0 0.539766 0.200106 0.01 0.01
0 0.498074 0.198930 0.01 0.01
0 0.486824 0.225989 0.01 0.01
0 0.492780 0.247165 0.01 0.01
0 0.506677 0.264812 0.01 0.01
0 0.516604 0.313047 0.01 0.01
0 0.535795 0.294224 0.01 0.01
0 0.552339 0.317753 0.01 0.01
0 0.533148 0.375400 0.01 0.01
0 0.553001 0.394224 0.01 0.01
0 0.583442 0.370694 0.01 0.01
0 0.592707 0.369518 0.01 0.01
0 0.594692 0.342459 0.01 0.01
0 0.589398 0.337753 0.01 0.01
0 0.576163 0.327165 0.01 0.01
0 0.509324 0.233047 0.01 0.01
0 0.513957 0.227165 0.01 0.01
0 0.506016 0.217753 0.01 0.01
0 0.519913 0.257753 0.01 0.01
0 0.543736 0.254224 0.01 0.01
0 0.552339 0.258930 0.01 0.01
0 0.564251 0.257753 0.01 0.01
0 0.570207 0.277753 0.01 0.01
0 0.578810 0.296577 0.01 0.01
0 0.584104 0.291871 0.01 0.01
0 0.600648 0.317753 0.01 0.01
0 0.576163 0.229518 0.01 0.01
0 0.567560 0.136577 0.01 0.01
0 0.677413 0.242459 0.01 0.01
0 0.659545 0.245989 0.01 0.01
0 0.664839 0.270694 0.01 0.01
0 0.690648 0.250694 0.01 0.01
0 0.645648 0.283636 0.01 0.01
0 0.648295 0.297753 0.01 0.01
0 0.660207 0.303636 0.01 0.01
0 0.703883 0.289518 0.01 0.01
0 0.609251 0.796577 0.01 0.01
0 0.618516 0.780106 0.01 0.01
0 0.607927 0.780106 0.01 0.01
0 0.592707 0.784812 0.01 0.01
0 0.580795 0.793047 0.01 0.01
0 0.573516 0.784812 0.01 0.01
0 0.603957 0.760106 0.01 0.01
0 0.576824 0.754224 0.01 0.01
0 0.585427 0.753047 0.01 0.01
0 0.572854 0.744812 0.01 0.01
0 0.566898 0.716577 0.01 0.01
0 0.566236 0.678930 0.01 0.01
0 0.579471 0.689518 0.01 0.01
0 0.583442 0.705989 0.01 0.01
0 0.593369 0.713047 0.01 0.01
0 0.579471 0.729518 0.01 0.01
0 0.594692 0.733047 0.01 0.01
0 0.612560 0.720106 0.01 0.01
0 0.617192 0.729518 0.01 0.01
0 0.625795 0.725989 0.01 0.01
0 0.629766 0.749518 0.01 0.01
0 0.646310 0.696577 0.01 0.01
0 0.637045 0.694224 0.01 0.01
0 0.621163 0.696577 0.01 0.01
0 0.612560 0.696577 0.01 0.01
0 0.603295 0.693047 0.01 0.01
0 0.601972 0.702459 0.01 0.01
0 0.592045 0.665989 0.01 0.01
0 0.627780 0.673047 0.01 0.01
0 0.623148 0.664812 0.01 0.01
0 0.639692 0.674224 0.01 0.01
0 0.642339 0.651871 0.01 0.01
0 0.644986 0.624812 0.01 0.01
0 0.634398 0.645989 0.01 0.01
0 0.642339 0.641283 0.01 0.01
0 0.627119 0.651871 0.01 0.01
0 0.584104 0.531871 0.01 0.01
0 0.611898 0.575400 0.01 0.01
0 0.606604 0.580106 0.01 0.01
0 0.602633 0.576577 0.01 0.01
0 0.608589 0.311871 0.01 0.01
0 0.619177 0.320106 0.01 0.01
0 0.622486 0.335400 0.01 0.01
0 0.607266 0.330694 0.01 0.01
0 0.617192 0.353047 0.01 0.01
0 0.619839 0.363636 0.01 0.01
0 0.638369 0.367165 0.01 0.01
0 0.656898 0.369518 0.01 0.01
0 0.627780 0.375400 0.01 0.01
0 0.632413 0.385989 0.01 0.01
0 0.635722 0.398930 0.01 0.01
0 0.629104 0.403636 0.01 0.01
0 0.623148 0.388342 0.01 0.01
0 0.615869 0.384812 0.01 0.01
0 0.613883 0.420106 0.01 0.01
0 0.640354 0.423636 0.01 0.01
0 0.638369 0.417753 0.01 0.01
0 0.633736 0.425989 0.01 0.01
0 0.652266 0.440106 0.01 0.01
0 0.648295 0.434224 0.01 0.01
0 0.643663 0.444812 0.01 0.01
0 0.644324 0.451871 0.01 0.01
0 0.645648 0.462459 0.01 0.01
0 0.646972 0.475400 0.01 0.01
0 0.649619 0.480106 0.01 0.01
0 0.660207 0.483636 0.01 0.01
0 0.649619 0.494224 0.01 0.01
0 0.650280 0.504812 0.01 0.01
0 0.651604 0.527165 0.01 0.01
0 0.648957 0.537753 0.01 0.01
0 0.656236 0.571871 0.01 0.01
0 0.664177 0.591871 0.01 0.01
0 0.652927 0.587165 0.01 0.01
0 0.647633 0.580106 0.01 0.01
0 0.653589 0.601283 0.01 0.01
0 0.648295 0.596577 0.01 0.01
0 0.644324 0.589518 0.01 0.01
0 0.639692 0.587165 0.01 0.01
0 0.633074 0.580106 0.01 0.01
0 0.633736 0.591871 0.01 0.01
0 0.636383 0.601283 0.01 0.01
0 0.641677 0.607165 0.01 0.01
0 0.645648 0.611871 0.01 0.01
0 0.637707 0.569518 0.01 0.01
0 0.629766 0.557753 0.01 0.01
0 0.631751 0.542459 0.01 0.01
0 0.622486 0.542459 0.01 0.01
0 0.633074 0.528342 0.01 0.01
0 0.640354 0.529518 0.01 0.01
0 0.640354 0.529518 0.01 0.01
0 0.680060 0.553047 0.01 0.01
0 0.688663 0.553047 0.01 0.01
0 0.642339 0.509518 0.01 0.01
0 0.637707 0.510694 0.01 0.01
0 0.634398 0.505989 0.01 0.01
0 0.641016 0.477753 0.01 0.01
0 0.637707 0.476577 0.01 0.01
0 0.632413 0.482459 0.01 0.01
0 0.633736 0.455400 0.01 0.01
0 0.712486 0.331871 0.01 0.01
0 0.704545 0.356577 0.01 0.01
0 0.680722 0.354224 0.01 0.01
0 0.668148 0.382459 0.01 0.01
0 0.717119 0.393047 0.01 0.01
0 0.723074 0.368341 0.01 0.01
0 0.717780 0.376577 0.01 0.01
0 0.727045 0.401283 0.01 0.01
0 0.731016 0.425989 0.01 0.01
0 0.712486 0.437753 0.01 0.01
0 0.712486 0.437753 0.01 0.01
0 0.709177 0.449518 0.01 0.01
0 0.700574 0.482459 0.01 0.01
0 0.724398 0.498930 0.01 0.01
0 0.722413 0.473047 0.01 0.01
0 0.731677 0.514224 0.01 0.01
0 0.740280 0.518930 0.01 0.01
0 0.719104 0.522459 0.01 0.01
0 0.692633 0.442459 0.01 0.01
0 0.426604 0.564812 0.01 0.01
0 0.285648 0.317753 0.01 0.01
0 0.449766 0.222459 0.01 0.01
0 0.472927 0.223636 0.01 0.01
0 0.533810 0.244812 0.01 0.01
0 0.556310 0.248342 0.01 0.01
0 0.404104 0.827165 0.01 0.01
0 0.422633 0.761283 0.01 0.01
0 0.599324 0.544812 0.01 0.01
