0 0.393750 0.445833 0.01 0.01
0 0.423438 0.465278 0.01 0.01
0 0.405469 0.483333 0.01 0.01
0 0.387500 0.483333 0.01 0.01
0 0.378906 0.445833 0.01 0.01
0 0.369531 0.450000 0.01 0.01
0 0.397656 0.819444 0.01 0.01
0 0.392188 0.812500 0.01 0.01
0 0.387500 0.801389 0.01 0.01
0 0.378125 0.806944 0.01 0.01
0 0.384375 0.793056 0.01 0.01
0 0.375000 0.787500 0.01 0.01
0 0.365625 0.781944 0.01 0.01
0 0.364844 0.770833 0.01 0.01
0 0.377344 0.777778 0.01 0.01
0 0.380469 0.756944 0.01 0.01
0 0.371875 0.755556 0.01 0.01
0 0.371094 0.741667 0.01 0.01
0 0.386719 0.747222 0.01 0.01
0 0.393750 0.759722 0.01 0.01
0 0.360938 0.730556 0.01 0.01
0 0.358594 0.730556 0.01 0.01
0 0.367188 0.715278 0.01 0.01
0 0.354688 0.744444 0.01 0.01
0 0.348437 0.754167 0.01 0.01
0 0.344531 0.743056 0.01 0.01
0 0.335156 0.750000 0.01 0.01
0 0.336719 0.718056 0.01 0.01
0 0.331250 0.704167 0.01 0.01
0 0.327344 0.686111 0.01 0.01
0 0.332812 0.673611 0.01 0.01
0 0.335938 0.680556 0.01 0.01
0 0.339844 0.701389 0.01 0.01
0 0.339844 0.662500 0.01 0.01
0 0.346875 0.668056 0.01 0.01
0 0.350000 0.662500 0.01 0.01
0 0.352344 0.669444 0.01 0.01
0 0.356250 0.666667 0.01 0.01
0 0.360156 0.663889 0.01 0.01
0 0.358594 0.650000 0.01 0.01
0 0.349219 0.683333 0.01 0.01
0 0.362500 0.691667 0.01 0.01
0 0.355469 0.695833 0.01 0.01
0 0.354688 0.701389 0.01 0.01
0 0.354688 0.708333 0.01 0.01
0 0.369531 0.690278 0.01 0.01
0 0.375000 0.698611 0.01 0.01
0 0.376563 0.712500 0.01 0.01
0 0.382812 0.711111 0.01 0.01
0 0.384375 0.719444 0.01 0.01
0 0.407813 0.758333 0.01 0.01
0 0.416406 0.763889 0.01 0.01
0 0.425000 0.765278 0.01 0.01
0 0.406250 0.777778 0.01 0.01
0 0.405469 0.798611 0.01 0.01
0 0.410937 0.795833 0.01 0.01
0 0.409375 0.804167 0.01 0.01
0 0.417969 0.802778 0.01 0.01
0 0.421875 0.831944 0.01 0.01
0 0.428906 0.833333 0.01 0.01
0 0.429688 0.812500 0.01 0.01
0 0.434375 0.801389 0.01 0.01
0 0.424219 0.786111 0.01 0.01
0 0.421875 0.743056 0.01 0.01
0 0.407031 0.720833 0.01 0.01
0 0.417969 0.718056 0.01 0.01
0 0.411719 0.709722 0.01 0.01
0 0.375000 0.620833 0.01 0.01
0 0.380469 0.627778 0.01 0.01
0 0.386719 0.627778 0.01 0.01
0 0.381250 0.637500 0.01 0.01
0 0.402344 0.637500 0.01 0.01
0 0.409375 0.683333 0.01 0.01
0 0.432813 0.719444 0.01 0.01
0 0.446094 0.708333 0.01 0.01
0 0.455469 0.702778 0.01 0.01
0 0.442969 0.687500 0.01 0.01
0 0.450000 0.683333 0.01 0.01
0 0.459375 0.683333 0.01 0.01
0 0.472656 0.681944 0.01 0.01
0 0.454688 0.725000 0.01 0.01
0 0.450781 0.737500 0.01 0.01
0 0.450781 0.762500 0.01 0.01
0 0.455469 0.769444 0.01 0.01
0 0.437500 0.831944 0.01 0.01
0 0.438281 0.811111 0.01 0.01
0 0.425781 0.627778 0.01 0.01
0 0.435156 0.622222 0.01 0.01
0 0.417188 0.627778 0.01 0.01
0 0.401563 0.600000 0.01 0.01
0 0.314844 0.662500 0.01 0.01
0 0.310156 0.637500 0.01 0.01
0 0.332812 0.633333 0.01 0.01
0 0.318750 0.634722 0.01 0.01
0 0.308594 0.594444 0.01 0.01
0 0.301562 0.579167 0.01 0.01
0 0.316406 0.569444 0.01 0.01
0 0.309375 0.575000 0.01 0.01
0 0.326562 0.590278 0.01 0.01
0 0.318750 0.616667 0.01 0.01
0 0.338281 0.597222 0.01 0.01
0 0.344531 0.561111 0.01 0.01
0 0.354688 0.591667 0.01 0.01
0 0.393750 0.522222 0.01 0.01
0 0.405469 0.501389 0.01 0.01
0 0.407813 0.544444 0.01 0.01
0 0.410156 0.572222 0.01 0.01
0 0.407031 0.579167 0.01 0.01
0 0.426562 0.569444 0.01 0.01
0 0.429688 0.540278 0.01 0.01
0 0.436719 0.583333 0.01 0.01
0 0.438281 0.554167 0.01 0.01
0 0.442187 0.543056 0.01 0.01
0 0.449219 0.525000 0.01 0.01
0 0.459375 0.513889 0.01 0.01
0 0.458594 0.494444 0.01 0.01
0 0.467187 0.463889 0.01 0.01
0 0.464844 0.455556 0.01 0.01
0 0.475781 0.458333 0.01 0.01
0 0.477344 0.508333 0.01 0.01
0 0.473437 0.600000 0.01 0.01
0 0.461719 0.600000 0.01 0.01
0 0.462500 0.650000 0.01 0.01
0 0.472656 0.637500 0.01 0.01
0 0.450781 0.820833 0.01 0.01
0 0.443750 0.840278 0.01 0.01
0 0.444531 0.851389 0.01 0.01
0 0.452344 0.848611 0.01 0.01
0 0.453906 0.840278 0.01 0.01
0 0.460938 0.847222 0.01 0.01
0 0.460156 0.855556 0.01 0.01
0 0.467187 0.844444 0.01 0.01
0 0.473437 0.844444 0.01 0.01
0 0.464063 0.823611 0.01 0.01
0 0.491406 0.847222 0.01 0.01
0 0.483594 0.858333 0.01 0.01
0 0.478125 0.758333 0.01 0.01
0 0.474219 0.731944 0.01 0.01
0 0.489062 0.804167 0.01 0.01
0 0.491406 0.813889 0.01 0.01
0 0.492969 0.786111 0.01 0.01
0 0.487500 0.775000 0.01 0.01
0 0.490625 0.744444 0.01 0.01
0 0.484375 0.738889 0.01 0.01
0 0.485156 0.663889 0.01 0.01
0 0.497656 0.677778 0.01 0.01
0 0.482031 0.645833 0.01 0.01
0 0.487500 0.630556 0.01 0.01
0 0.503906 0.693056 0.01 0.01
0 0.514063 0.683333 0.01 0.01
0 0.507031 0.668056 0.01 0.01
0 0.504687 0.816667 0.01 0.01
0 0.507031 0.795833 0.01 0.01
0 0.509375 0.770833 0.01 0.01
0 0.513281 0.752778 0.01 0.01
0 0.514063 0.737500 0.01 0.01
0 0.517187 0.773611 0.01 0.01
0 0.510156 0.845833 0.01 0.01
0 0.517187 0.841667 0.01 0.01
0 0.522656 0.834722 0.01 0.01
0 0.528125 0.834722 0.01 0.01
0 0.532031 0.833333 0.01 0.01
0 0.535156 0.826389 0.01 0.01
0 0.503125 0.840278 0.01 0.01
0 0.500000 0.861111 0.01 0.01
0 0.495313 0.883333 0.01 0.01
0 0.477344 0.902778 0.01 0.01
0 0.446875 0.876389 0.01 0.01
0 0.439844 0.894444 0.01 0.01
0 0.435156 0.934722 0.01 0.01
0 0.432031 0.959722 0.01 0.01
0 0.350781 0.829167 0.01 0.01
0 0.359375 0.820833 0.01 0.01
0 0.353906 0.811111 0.01 0.01
0 0.360938 0.863889 0.01 0.01
0 0.345313 0.909722 0.01 0.01
0 0.338281 0.929167 0.01 0.01
0 0.383594 0.963889 0.01 0.01
0 0.476562 0.976389 0.01 0.01
0 0.590625 0.891667 0.01 0.01
0 0.604688 0.894444 0.01 0.01
0 0.616406 0.894444 0.01 0.01
0 0.620313 0.883333 0.01 0.01
0 0.576563 0.913889 0.01 0.01
0 0.566406 0.902778 0.01 0.01
0 0.540625 0.895833 0.01 0.01
0 0.501562 0.913889 0.01 0.01
0 0.531250 0.970833 0.01 0.01
0 0.542188 0.966667 0.01 0.01
0 0.553125 0.954167 0.01 0.01
0 0.551562 0.873611 0.01 0.01
0 0.569531 0.834722 0.01 0.01
0 0.653906 0.837500 0.01 0.01
0 0.662500 0.826389 0.01 0.01
0 0.522656 0.806944 0.01 0.01
0 0.526563 0.804167 0.01 0.01
0 0.537500 0.802778 0.01 0.01
0 0.539062 0.816667 0.01 0.01
0 0.546875 0.819444 0.01 0.01
0 0.557813 0.836111 0.01 0.01
0 0.565625 0.822222 0.01 0.01
0 0.526563 0.783333 0.01 0.01
0 0.526563 0.719444 0.01 0.01
0 0.495313 0.606944 0.01 0.01
0 0.500781 0.626389 0.01 0.01
0 0.512500 0.658333 0.01 0.01
0 0.536719 0.662500 0.01 0.01
0 0.536719 0.700000 0.01 0.01
0 0.531250 0.697222 0.01 0.01
0 0.535937 0.725000 0.01 0.01
0 0.540625 0.745833 0.01 0.01
0 0.542969 0.758333 0.01 0.01
0 0.535156 0.770833 0.01 0.01
0 0.548437 0.770833 0.01 0.01
0 0.560156 0.794444 0.01 0.01
0 0.557031 0.804167 0.01 0.01
0 0.553906 0.808333 0.01 0.01
0 0.572656 0.804167 0.01 0.01
0 0.575000 0.784722 0.01 0.01
0 0.583594 0.788889 0.01 0.01
0 0.611719 0.802778 0.01 0.01
0 0.622656 0.783333 0.01 0.01
0 0.617188 0.770833 0.01 0.01
0 0.657031 0.752778 0.01 0.01
0 0.677344 0.720833 0.01 0.01
0 0.692969 0.694444 0.01 0.01
0 0.684375 0.775000 0.01 0.01
0 0.679688 0.800000 0.01 0.01
0 0.578125 0.702778 0.01 0.01
0 0.575000 0.700000 0.01 0.01
0 0.583594 0.708333 0.01 0.01
0 0.566406 0.769444 0.01 0.01
0 0.573438 0.747222 0.01 0.01
0 0.580469 0.759722 0.01 0.01
0 0.585938 0.750000 0.01 0.01
0 0.609375 0.743056 0.01 0.01
0 0.605469 0.738889 0.01 0.01
0 0.596875 0.729167 0.01 0.01
0 0.593750 0.713889 0.01 0.01
0 0.582031 0.729167 0.01 0.01
0 0.566406 0.711111 0.01 0.01
0 0.533594 0.640278 0.01 0.01
0 0.521094 0.620833 0.01 0.01
0 0.522656 0.631944 0.01 0.01
0 0.517969 0.640278 0.01 0.01
0 0.511719 0.626389 0.01 0.01
0 0.325781 0.523611 0.01 0.01
0 0.357812 0.376389 0.01 0.01
0 0.374219 0.301389 0.01 0.01
0 0.370313 0.311111 0.01 0.01
0 0.370313 0.291667 0.01 0.01
0 0.358594 0.305556 0.01 0.01
0 0.359375 0.327778 0.01 0.01
0 0.378125 0.297222 0.01 0.01
0 0.374219 0.283333 0.01 0.01
0 0.379687 0.279167 0.01 0.01
0 0.383594 0.290278 0.01 0.01
0 0.383594 0.270833 0.01 0.01
0 0.378125 0.261111 0.01 0.01
0 0.375000 0.276389 0.01 0.01
0 0.357031 0.340278 0.01 0.01
0 0.346875 0.430556 0.01 0.01
0 0.338281 0.493056 0.01 0.01
0 0.343750 0.476389 0.01 0.01
0 0.346875 0.490278 0.01 0.01
0 0.357031 0.518056 0.01 0.01
0 0.376563 0.502778 0.01 0.01
0 0.643750 0.702778 0.01 0.01
0 0.637500 0.695833 0.01 0.01
0 0.627344 0.702778 0.01 0.01
0 0.610937 0.723611 0.01 0.01
0 0.600781 0.705556 0.01 0.01
0 0.614844 0.701389 0.01 0.01
0 0.606250 0.694444 0.01 0.01
0 0.622656 0.691667 0.01 0.01
0 0.615625 0.681944 0.01 0.01
0 0.548437 0.627778 0.01 0.01
0 0.550781 0.615278 0.01 0.01
0 0.539844 0.641667 0.01 0.01
0 0.550000 0.719444 0.01 0.01
0 0.567969 0.690278 0.01 0.01
0 0.547656 0.569444 0.01 0.01
0 0.562500 0.581944 0.01 0.01
0 0.579687 0.579167 0.01 0.01
0 0.621875 0.656944 0.01 0.01
0 0.625781 0.666667 0.01 0.01
0 0.657812 0.668056 0.01 0.01
0 0.703125 0.745833 0.01 0.01
0 0.717969 0.675000 0.01 0.01
0 0.721875 0.648611 0.01 0.01
0 0.728125 0.616667 0.01 0.01
0 0.728125 0.587500 0.01 0.01
0 0.708594 0.623611 0.01 0.01
0 0.708594 0.705556 0.01 0.01
0 0.306250 0.815278 0.01 0.01
0 0.284375 0.804167 0.01 0.01
0 0.284375 0.859722 0.01 0.01
0 0.280469 0.855556 0.01 0.01
0 0.249219 0.822222 0.01 0.01
0 0.217969 0.723611 0.01 0.01
0 0.232812 0.734722 0.01 0.01
0 0.254687 0.730556 0.01 0.01
0 0.646094 0.634722 0.01 0.01
0 0.642969 0.627778 0.01 0.01
0 0.641406 0.622222 0.01 0.01
0 0.643750 0.650000 0.01 0.01
0 0.636719 0.644444 0.01 0.01
0 0.628906 0.641667 0.01 0.01
0 0.632031 0.627778 0.01 0.01
0 0.560156 0.525000 0.01 0.01
0 0.562500 0.505556 0.01 0.01
0 0.555469 0.513889 0.01 0.01
0 0.553125 0.523611 0.01 0.01
0 0.555469 0.558333 0.01 0.01
0 0.560938 0.551389 0.01 0.01
0 0.589063 0.545833 0.01 0.01
0 0.584375 0.534722 0.01 0.01
0 0.606250 0.584722 0.01 0.01
0 0.610937 0.581944 0.01 0.01
0 0.635156 0.601389 0.01 0.01
0 0.642187 0.601389 0.01 0.01
0 0.664062 0.605556 0.01 0.01
0 0.653906 0.600000 0.01 0.01
0 0.632031 0.580556 0.01 0.01
0 0.657031 0.583333 0.01 0.01
0 0.642187 0.587500 0.01 0.01
0 0.647656 0.581944 0.01 0.01
0 0.707031 0.601389 0.01 0.01
0 0.705469 0.576389 0.01 0.01
0 0.514063 0.493056 0.01 0.01
0 0.514063 0.515278 0.01 0.01
0 0.507812 0.581944 0.01 0.01
0 0.485938 0.579167 0.01 0.01
0 0.504687 0.475000 0.01 0.01
0 0.519531 0.440278 0.01 0.01
0 0.532812 0.444444 0.01 0.01
0 0.532812 0.455556 0.01 0.01
0 0.570312 0.430556 0.01 0.01
0 0.588281 0.445833 0.01 0.01
0 0.582812 0.488889 0.01 0.01
0 0.546875 0.459722 0.01 0.01
0 0.548437 0.487500 0.01 0.01
0 0.684375 0.529167 0.01 0.01
0 0.678906 0.554167 0.01 0.01
0 0.718750 0.545833 0.01 0.01
0 0.735156 0.513889 0.01 0.01
0 0.710156 0.334722 0.01 0.01
0 0.718750 0.358333 0.01 0.01
0 0.710156 0.381944 0.01 0.01
0 0.702344 0.381944 0.01 0.01
0 0.674219 0.427778 0.01 0.01
0 0.651563 0.551389 0.01 0.01
0 0.648438 0.547222 0.01 0.01
0 0.717969 0.525000 0.01 0.01
0 0.728125 0.508333 0.01 0.01
0 0.702344 0.494444 0.01 0.01
0 0.693750 0.447222 0.01 0.01
0 0.725781 0.420833 0.01 0.01
0 0.719531 0.383333 0.01 0.01
0 0.728125 0.398611 0.01 0.01
0 0.717188 0.437500 0.01 0.01
0 0.710156 0.459722 0.01 0.01
0 0.714063 0.500000 0.01 0.01
0 0.721875 0.491667 0.01 0.01
0 0.719531 0.476389 0.01 0.01
0 0.638281 0.565278 0.01 0.01
0 0.629687 0.556944 0.01 0.01
0 0.621875 0.541667 0.01 0.01
0 0.630469 0.540278 0.01 0.01
0 0.657812 0.522222 0.01 0.01
0 0.653906 0.529167 0.01 0.01
0 0.633594 0.527778 0.01 0.01
0 0.634375 0.506944 0.01 0.01
0 0.644531 0.519444 0.01 0.01
0 0.639844 0.513889 0.01 0.01
0 0.643750 0.536111 0.01 0.01
0 0.639063 0.536111 0.01 0.01
0 0.663281 0.486111 0.01 0.01
0 0.654688 0.511111 0.01 0.01
0 0.653125 0.498611 0.01 0.01
0 0.653125 0.487500 0.01 0.01
0 0.650000 0.484722 0.01 0.01
0 0.636719 0.480556 0.01 0.01
0 0.638281 0.483333 0.01 0.01
0 0.635938 0.472222 0.01 0.01
0 0.646875 0.475000 0.01 0.01
0 0.635938 0.459722 0.01 0.01
0 0.642969 0.458333 0.01 0.01
0 0.649219 0.452778 0.01 0.01
0 0.653906 0.444444 0.01 0.01
0 0.653906 0.433333 0.01 0.01
0 0.649219 0.443056 0.01 0.01
0 0.644531 0.443056 0.01 0.01
0 0.657812 0.369444 0.01 0.01
0 0.680469 0.347222 0.01 0.01
0 0.704687 0.293056 0.01 0.01
0 0.682031 0.241667 0.01 0.01
0 0.665625 0.251389 0.01 0.01
0 0.645312 0.290278 0.01 0.01
0 0.647656 0.304167 0.01 0.01
0 0.682031 0.265278 0.01 0.01
0 0.670313 0.283333 0.01 0.01
0 0.660156 0.302778 0.01 0.01
0 0.665625 0.316667 0.01 0.01
0 0.632812 0.361111 0.01 0.01
0 0.623438 0.234722 0.01 0.01
0 0.600000 0.230556 0.01 0.01
0 0.586719 0.370833 0.01 0.01
0 0.594531 0.370833 0.01 0.01
0 0.617969 0.431944 0.01 0.01
0 0.635938 0.431944 0.01 0.01
0 0.618750 0.386111 0.01 0.01
0 0.646094 0.415278 0.01 0.01
0 0.628125 0.408333 0.01 0.01
0 0.639063 0.418056 0.01 0.01
0 0.628125 0.397222 0.01 0.01
0 0.628125 0.377778 0.01 0.01
0 0.633594 0.387500 0.01 0.01
0 0.635938 0.405556 0.01 0.01
0 0.623438 0.368056 0.01 0.01
0 0.617188 0.351389 0.01 0.01
0 0.606250 0.347222 0.01 0.01
0 0.588281 0.337500 0.01 0.01
0 0.596094 0.348611 0.01 0.01
0 0.602344 0.316667 0.01 0.01
0 0.618750 0.318056 0.01 0.01
0 0.614844 0.312500 0.01 0.01
0 0.610156 0.331944 0.01 0.01
0 0.554688 0.391667 0.01 0.01
0 0.535937 0.386111 0.01 0.01
0 0.223438 0.358333 0.01 0.01
0 0.207031 0.384722 0.01 0.01
0 0.203906 0.487500 0.01 0.01
0 0.213281 0.481944 0.01 0.01
0 0.191406 0.504167 0.01 0.01
0 0.191406 0.537500 0.01 0.01
0 0.194531 0.556944 0.01 0.01
0 0.207813 0.584722 0.01 0.01
0 0.239844 0.622222 0.01 0.01
0 0.227344 0.580556 0.01 0.01
0 0.243750 0.595833 0.01 0.01
0 0.267188 0.559722 0.01 0.01
0 0.282813 0.587500 0.01 0.01
0 0.289062 0.629167 0.01 0.01
0 0.658594 0.204167 0.01 0.01
0 0.654688 0.176389 0.01 0.01
0 0.641406 0.184722 0.01 0.01
0 0.621094 0.209722 0.01 0.01
0 0.596094 0.191667 0.01 0.01
0 0.597656 0.152778 0.01 0.01
0 0.617969 0.170833 0.01 0.01
0 0.639844 0.163889 0.01 0.01
0 0.625781 0.162500 0.01 0.01
0 0.549219 0.080556 0.01 0.01
0 0.543750 0.077778 0.01 0.01
0 0.539844 0.083333 0.01 0.01
0 0.546875 0.068056 0.01 0.01
0 0.558594 0.108333 0.01 0.01
0 0.539062 0.102778 0.01 0.01
0 0.541406 0.115278 0.01 0.01
0 0.566406 0.148611 0.01 0.01
0 0.507031 0.050000 0.01 0.01
0 0.450000 0.044444 0.01 0.01
0 0.489062 0.034722 0.01 0.01
0 0.479688 0.070833 0.01 0.01
0 0.486719 0.070833 0.01 0.01
0 0.469531 0.120833 0.01 0.01
0 0.519531 0.370833 0.01 0.01
0 0.525781 0.354167 0.01 0.01
0 0.539844 0.294444 0.01 0.01
0 0.519531 0.227778 0.01 0.01
0 0.511719 0.225000 0.01 0.01
0 0.511719 0.233333 0.01 0.01
0 0.489844 0.244444 0.01 0.01
0 0.497656 0.238889 0.01 0.01
0 0.504687 0.268056 0.01 0.01
0 0.517969 0.311111 0.01 0.01
0 0.508594 0.370833 0.01 0.01
0 0.487500 0.422222 0.01 0.01
0 0.513281 0.401389 0.01 0.01
0 0.573438 0.329167 0.01 0.01
0 0.586719 0.252778 0.01 0.01
0 0.556250 0.241667 0.01 0.01
0 0.516406 0.175000 0.01 0.01
0 0.514844 0.125000 0.01 0.01
0 0.507031 0.202778 0.01 0.01
0 0.532812 0.219444 0.01 0.01
0 0.538281 0.245833 0.01 0.01
0 0.547656 0.213889 0.01 0.01
0 0.545313 0.243056 0.01 0.01
0 0.542969 0.255556 0.01 0.01
0 0.550000 0.256944 0.01 0.01
0 0.575000 0.266667 0.01 0.01
0 0.573438 0.277778 0.01 0.01
0 0.585156 0.290278 0.01 0.01
0 0.579687 0.295833 0.01 0.01
0 0.552344 0.319444 0.01 0.01
0 0.299219 0.545833 0.01 0.01
0 0.253125 0.369444 0.01 0.01
0 0.225000 0.302778 0.01 0.01
0 0.239063 0.279167 0.01 0.01
0 0.236719 0.325000 0.01 0.01
0 0.253906 0.311111 0.01 0.01
0 0.307813 0.179167 0.01 0.01
0 0.309375 0.119444 0.01 0.01
0 0.320312 0.166667 0.01 0.01
0 0.321094 0.133333 0.01 0.01
0 0.324219 0.165278 0.01 0.01
0 0.334375 0.116667 0.01 0.01
0 0.359375 0.077778 0.01 0.01
0 0.403125 0.084722 0.01 0.01
0 0.467969 0.223611 0.01 0.01
0 0.462500 0.390278 0.01 0.01
0 0.490625 0.344444 0.01 0.01
0 0.280469 0.495833 0.01 0.01
0 0.313281 0.515278 0.01 0.01
0 0.350781 0.343056 0.01 0.01
0 0.347656 0.354167 0.01 0.01
0 0.339844 0.345833 0.01 0.01
0 0.328906 0.363889 0.01 0.01
0 0.334375 0.355556 0.01 0.01
0 0.393750 0.258333 0.01 0.01
0 0.376563 0.197222 0.01 0.01
0 0.394531 0.150000 0.01 0.01
0 0.421094 0.163889 0.01 0.01
0 0.397656 0.195833 0.01 0.01
0 0.421875 0.186111 0.01 0.01
0 0.408594 0.212500 0.01 0.01
0 0.403906 0.250000 0.01 0.01
0 0.410156 0.255556 0.01 0.01
0 0.401563 0.280556 0.01 0.01
0 0.409375 0.302778 0.01 0.01
0 0.444531 0.223611 0.01 0.01
0 0.437500 0.231944 0.01 0.01
0 0.425000 0.240278 0.01 0.01
0 0.432031 0.355556 0.01 0.01
0 0.424219 0.351389 0.01 0.01
0 0.435937 0.272222 0.01 0.01
0 0.439844 0.306944 0.01 0.01
0 0.440625 0.350000 0.01 0.01
0 0.404687 0.397222 0.01 0.01
0 0.304688 0.493056 0.01 0.01
0 0.268750 0.384722 0.01 0.01
0 0.319531 0.394444 0.01 0.01
0 0.300000 0.398611 0.01 0.01
0 0.312500 0.398611 0.01 0.01
0 0.324219 0.420833 0.01 0.01
0 0.292188 0.468056 0.01 0.01
0 0.285156 0.370833 0.01 0.01
0 0.273438 0.429167 0.01 0.01
0 0.276563 0.381944 0.01 0.01
0 0.305469 0.459722 0.01 0.01
0 0.310156 0.440278 0.01 0.01
0 0.323438 0.486111 0.01 0.01
0 0.461719 0.333333 0.01 0.01
