0 0.228906 0.344444 0.01 0.01
0 0.235156 0.352778 0.01 0.01
0 0.219531 0.365278 0.01 0.01
0 0.231250 0.312500 0.01 0.01
0 0.253906 0.258333 0.01 0.01
0 0.271094 0.312500 0.01 0.01
0 0.282031 0.266667 0.01 0.01
0 0.256250 0.395833 0.01 0.01
0 0.228125 0.450000 0.01 0.01
0 0.225000 0.493056 0.01 0.01
0 0.232812 0.484722 0.01 0.01
0 0.223438 0.545833 0.01 0.01
0 0.209375 0.562500 0.01 0.01
0 0.203125 0.590278 0.01 0.01
0 0.210938 0.587500 0.01 0.01
0 0.250781 0.622222 0.01 0.01
0 0.267188 0.697222 0.01 0.01
0 0.266406 0.712500 0.01 0.01
0 0.275781 0.587500 0.01 0.01
0 0.279687 0.575000 0.01 0.01
0 0.253125 0.788889 0.01 0.01
0 0.270312 0.819444 0.01 0.01
0 0.274219 0.829167 0.01 0.01
0 0.285156 0.822222 0.01 0.01
0 0.286719 0.777778 0.01 0.01
0 0.305469 0.730556 0.01 0.01
0 0.295312 0.701389 0.01 0.01
0 0.289062 0.645833 0.01 0.01
0 0.297656 0.597222 0.01 0.01
0 0.282813 0.498611 0.01 0.01
0 0.292188 0.519444 0.01 0.01
0 0.307813 0.550000 0.01 0.01
0 0.314844 0.550000 0.01 0.01
0 0.321094 0.547222 0.01 0.01
0 0.311719 0.497222 0.01 0.01
0 0.301562 0.441667 0.01 0.01
0 0.294531 0.395833 0.01 0.01
0 0.300000 0.393056 0.01 0.01
0 0.303125 0.411111 0.01 0.01
0 0.303125 0.151389 0.01 0.01
0 0.307031 0.143056 0.01 0.01
0 0.310937 0.163889 0.01 0.01
0 0.332031 0.119444 0.01 0.01
0 0.332031 0.111111 0.01 0.01
0 0.332031 0.162500 0.01 0.01
0 0.351562 0.141667 0.01 0.01
0 0.403906 0.093056 0.01 0.01
0 0.467187 0.075000 0.01 0.01
0 0.471875 0.043056 0.01 0.01
0 0.485938 0.054167 0.01 0.01
0 0.492188 0.047222 0.01 0.01
0 0.520312 0.052778 0.01 0.01
0 0.532812 0.090278 0.01 0.01
0 0.532031 0.118056 0.01 0.01
0 0.546875 0.076389 0.01 0.01
0 0.546094 0.056944 0.01 0.01
0 0.424219 0.190278 0.01 0.01
0 0.410937 0.186111 0.01 0.01
0 0.367969 0.200000 0.01 0.01
0 0.353125 0.227778 0.01 0.01
0 0.355469 0.277778 0.01 0.01
0 0.315625 0.344444 0.01 0.01
0 0.314844 0.377778 0.01 0.01
0 0.322656 0.384722 0.01 0.01
0 0.333594 0.387500 0.01 0.01
0 0.325000 0.404167 0.01 0.01
0 0.313281 0.462500 0.01 0.01
0 0.333594 0.420833 0.01 0.01
0 0.342969 0.400000 0.01 0.01
0 0.342187 0.354167 0.01 0.01
0 0.349219 0.318056 0.01 0.01
0 0.346875 0.337500 0.01 0.01
0 0.351562 0.337500 0.01 0.01
0 0.357812 0.333333 0.01 0.01
0 0.354688 0.344444 0.01 0.01
0 0.352344 0.355556 0.01 0.01
0 0.358594 0.311111 0.01 0.01
0 0.367969 0.319444 0.01 0.01
0 0.365625 0.347222 0.01 0.01
0 0.371875 0.295833 0.01 0.01
0 0.381250 0.308333 0.01 0.01
0 0.375781 0.312500 0.01 0.01
0 0.381250 0.287500 0.01 0.01
0 0.382031 0.273611 0.01 0.01
0 0.389844 0.247222 0.01 0.01
0 0.391406 0.273611 0.01 0.01
0 0.391406 0.281944 0.01 0.01
0 0.398438 0.251389 0.01 0.01
0 0.405469 0.252778 0.01 0.01
0 0.410937 0.261111 0.01 0.01
0 0.407031 0.263889 0.01 0.01
0 0.416406 0.254167 0.01 0.01
0 0.413281 0.226389 0.01 0.01
0 0.425000 0.238889 0.01 0.01
0 0.428906 0.225000 0.01 0.01
0 0.337500 0.505556 0.01 0.01
0 0.333594 0.493056 0.01 0.01
0 0.342969 0.493056 0.01 0.01
0 0.357812 0.441667 0.01 0.01
0 0.356250 0.516667 0.01 0.01
0 0.345313 0.526389 0.01 0.01
0 0.339063 0.545833 0.01 0.01
0 0.317969 0.570833 0.01 0.01
0 0.311719 0.587500 0.01 0.01
0 0.316406 0.594444 0.01 0.01
0 0.334375 0.587500 0.01 0.01
0 0.344531 0.573611 0.01 0.01
0 0.354688 0.561111 0.01 0.01
0 0.324219 0.615278 0.01 0.01
0 0.318750 0.616667 0.01 0.01
0 0.318750 0.630556 0.01 0.01
0 0.323438 0.645833 0.01 0.01
0 0.326562 0.659722 0.01 0.01
0 0.339063 0.630556 0.01 0.01
0 0.347656 0.612500 0.01 0.01
0 0.396094 0.534722 0.01 0.01
0 0.392188 0.494444 0.01 0.01
0 0.393750 0.486111 0.01 0.01
0 0.375781 0.463889 0.01 0.01
0 0.385156 0.447222 0.01 0.01
0 0.403906 0.411111 0.01 0.01
0 0.401563 0.483333 0.01 0.01
0 0.408594 0.498611 0.01 0.01
0 0.412500 0.468056 0.01 0.01
0 0.432031 0.465278 0.01 0.01
0 0.435156 0.359722 0.01 0.01
0 0.434375 0.334722 0.01 0.01
0 0.436719 0.319444 0.01 0.01
0 0.439844 0.273611 0.01 0.01
0 0.446094 0.263889 0.01 0.01
0 0.453906 0.236111 0.01 0.01
0 0.461719 0.181944 0.01 0.01
0 0.424219 0.166667 0.01 0.01
0 0.574219 0.095833 0.01 0.01
0 0.582031 0.130556 0.01 0.01
0 0.578906 0.144444 0.01 0.01
0 0.561719 0.154167 0.01 0.01
0 0.511719 0.191667 0.01 0.01
0 0.500781 0.219444 0.01 0.01
0 0.503125 0.229167 0.01 0.01
0 0.471094 0.227778 0.01 0.01
0 0.478906 0.227778 0.01 0.01
0 0.446875 0.350000 0.01 0.01
0 0.458594 0.363889 0.01 0.01
0 0.471094 0.384722 0.01 0.01
0 0.472656 0.397222 0.01 0.01
0 0.697656 0.748611 0.01 0.01
0 0.687500 0.748611 0.01 0.01
0 0.646094 0.856944 0.01 0.01
0 0.642187 0.865278 0.01 0.01
0 0.657031 0.834722 0.01 0.01
0 0.649219 0.854167 0.01 0.01
0 0.628906 0.863889 0.01 0.01
0 0.628906 0.897222 0.01 0.01
0 0.353906 0.923611 0.01 0.01
0 0.309375 0.816667 0.01 0.01
0 0.348437 0.866667 0.01 0.01
0 0.354688 0.823611 0.01 0.01
0 0.365625 0.856944 0.01 0.01
0 0.416406 0.901389 0.01 0.01
0 0.392969 0.952778 0.01 0.01
0 0.439844 0.938889 0.01 0.01
0 0.434375 0.952778 0.01 0.01
0 0.425781 0.963889 0.01 0.01
0 0.442969 0.969444 0.01 0.01
0 0.479688 0.909722 0.01 0.01
0 0.472656 0.897222 0.01 0.01
0 0.457812 0.894444 0.01 0.01
0 0.489844 0.891667 0.01 0.01
0 0.528906 0.883333 0.01 0.01
0 0.528906 0.873611 0.01 0.01
0 0.525000 0.863889 0.01 0.01
0 0.561719 0.933333 0.01 0.01
0 0.546094 0.944444 0.01 0.01
0 0.532812 0.955556 0.01 0.01
0 0.571094 0.877778 0.01 0.01
0 0.583594 0.869444 0.01 0.01
0 0.587500 0.887500 0.01 0.01
0 0.591406 0.918056 0.01 0.01
0 0.583594 0.916667 0.01 0.01
0 0.609375 0.923611 0.01 0.01
0 0.593750 0.927778 0.01 0.01
0 0.623438 0.829167 0.01 0.01
0 0.614062 0.806944 0.01 0.01
0 0.340625 0.672222 0.01 0.01
0 0.336719 0.672222 0.01 0.01
0 0.338281 0.704167 0.01 0.01
0 0.333594 0.702778 0.01 0.01
0 0.320312 0.697222 0.01 0.01
0 0.344531 0.708333 0.01 0.01
0 0.351562 0.680556 0.01 0.01
0 0.346875 0.661111 0.01 0.01
0 0.366406 0.630556 0.01 0.01
0 0.412500 0.583333 0.01 0.01
0 0.414062 0.572222 0.01 0.01
0 0.418750 0.531944 0.01 0.01
0 0.432031 0.534722 0.01 0.01
0 0.450781 0.505556 0.01 0.01
0 0.409375 0.595833 0.01 0.01
0 0.352344 0.658333 0.01 0.01
0 0.357812 0.675000 0.01 0.01
0 0.360156 0.666667 0.01 0.01
0 0.361719 0.651389 0.01 0.01
0 0.369531 0.668056 0.01 0.01
0 0.366406 0.662500 0.01 0.01
0 0.375781 0.637500 0.01 0.01
0 0.384375 0.645833 0.01 0.01
0 0.392188 0.640278 0.01 0.01
0 0.385938 0.640278 0.01 0.01
0 0.390625 0.631944 0.01 0.01
0 0.387500 0.627778 0.01 0.01
0 0.346094 0.730556 0.01 0.01
0 0.352344 0.729167 0.01 0.01
0 0.362500 0.693056 0.01 0.01
0 0.358594 0.683333 0.01 0.01
0 0.359375 0.712500 0.01 0.01
0 0.360938 0.718056 0.01 0.01
0 0.363281 0.731944 0.01 0.01
0 0.368750 0.730556 0.01 0.01
0 0.371094 0.716667 0.01 0.01
0 0.378125 0.675000 0.01 0.01
0 0.357812 0.740278 0.01 0.01
0 0.357812 0.754167 0.01 0.01
0 0.372656 0.741667 0.01 0.01
0 0.378906 0.737500 0.01 0.01
0 0.378125 0.700000 0.01 0.01
0 0.382031 0.712500 0.01 0.01
0 0.385156 0.716667 0.01 0.01
0 0.389062 0.713889 0.01 0.01
0 0.390625 0.722222 0.01 0.01
0 0.389062 0.751389 0.01 0.01
0 0.385156 0.758333 0.01 0.01
0 0.378125 0.772222 0.01 0.01
0 0.378906 0.780556 0.01 0.01
0 0.374219 0.790278 0.01 0.01
0 0.380469 0.800000 0.01 0.01
0 0.380469 0.811111 0.01 0.01
0 0.388281 0.797222 0.01 0.01
0 0.389844 0.781944 0.01 0.01
0 0.395312 0.745833 0.01 0.01
0 0.403906 0.759722 0.01 0.01
0 0.408594 0.670833 0.01 0.01
0 0.410937 0.640278 0.01 0.01
0 0.569531 0.202778 0.01 0.01
0 0.577344 0.181944 0.01 0.01
0 0.539062 0.240278 0.01 0.01
0 0.535937 0.225000 0.01 0.01
0 0.514063 0.250000 0.01 0.01
0 0.514844 0.275000 0.01 0.01
0 0.525000 0.223611 0.01 0.01
0 0.496094 0.341667 0.01 0.01
0 0.466406 0.456944 0.01 0.01
0 0.475000 0.451389 0.01 0.01
0 0.479688 0.459722 0.01 0.01
0 0.455469 0.533333 0.01 0.01
0 0.454688 0.523611 0.01 0.01
0 0.450000 0.534722 0.01 0.01
0 0.460938 0.520833 0.01 0.01
0 0.467969 0.506944 0.01 0.01
0 0.478906 0.512500 0.01 0.01
0 0.496875 0.445833 0.01 0.01
0 0.500000 0.423611 0.01 0.01
0 0.510938 0.472222 0.01 0.01
0 0.511719 0.500000 0.01 0.01
0 0.519531 0.511111 0.01 0.01
0 0.445312 0.586111 0.01 0.01
0 0.442187 0.587500 0.01 0.01
0 0.446875 0.558333 0.01 0.01
0 0.434375 0.584722 0.01 0.01
0 0.535937 0.454167 0.01 0.01
0 0.542188 0.450000 0.01 0.01
0 0.525781 0.440278 0.01 0.01
0 0.520312 0.402778 0.01 0.01
0 0.517187 0.370833 0.01 0.01
0 0.540625 0.411111 0.01 0.01
0 0.546875 0.469444 0.01 0.01
0 0.555469 0.490278 0.01 0.01
0 0.576563 0.441667 0.01 0.01
0 0.589063 0.441667 0.01 0.01
0 0.551562 0.380556 0.01 0.01
0 0.523438 0.308333 0.01 0.01
0 0.537500 0.338889 0.01 0.01
0 0.545313 0.300000 0.01 0.01
0 0.536719 0.319444 0.01 0.01
0 0.549219 0.238889 0.01 0.01
0 0.550000 0.254167 0.01 0.01
0 0.595312 0.152778 0.01 0.01
0 0.603125 0.131944 0.01 0.01
0 0.623438 0.156944 0.01 0.01
0 0.607813 0.156944 0.01 0.01
0 0.610937 0.212500 0.01 0.01
0 0.636719 0.223611 0.01 0.01
0 0.629687 0.215278 0.01 0.01
0 0.642969 0.158333 0.01 0.01
0 0.654688 0.172222 0.01 0.01
0 0.671875 0.231944 0.01 0.01
0 0.674219 0.252778 0.01 0.01
0 0.662500 0.275000 0.01 0.01
0 0.653125 0.294444 0.01 0.01
0 0.639063 0.298611 0.01 0.01
0 0.628906 0.295833 0.01 0.01
0 0.583594 0.243056 0.01 0.01
0 0.571094 0.262500 0.01 0.01
0 0.564062 0.265278 0.01 0.01
0 0.586719 0.259722 0.01 0.01
0 0.580469 0.279167 0.01 0.01
0 0.556250 0.326389 0.01 0.01
0 0.571094 0.312500 0.01 0.01
0 0.449219 0.686111 0.01 0.01
0 0.432813 0.630556 0.01 0.01
0 0.428125 0.626389 0.01 0.01
0 0.440625 0.626389 0.01 0.01
0 0.428906 0.658333 0.01 0.01
0 0.421094 0.680556 0.01 0.01
0 0.421875 0.708333 0.01 0.01
0 0.414062 0.725000 0.01 0.01
0 0.398438 0.794444 0.01 0.01
0 0.408594 0.775000 0.01 0.01
0 0.416406 0.773611 0.01 0.01
0 0.410937 0.791667 0.01 0.01
0 0.411719 0.825000 0.01 0.01
0 0.440625 0.841667 0.01 0.01
0 0.449219 0.843056 0.01 0.01
0 0.451562 0.823611 0.01 0.01
0 0.473437 0.822222 0.01 0.01
0 0.461719 0.827778 0.01 0.01
0 0.460156 0.837500 0.01 0.01
0 0.459375 0.845833 0.01 0.01
0 0.471875 0.850000 0.01 0.01
0 0.490625 0.858333 0.01 0.01
0 0.488281 0.850000 0.01 0.01
0 0.481250 0.848611 0.01 0.01
0 0.494531 0.737500 0.01 0.01
0 0.478906 0.751389 0.01 0.01
0 0.435937 0.720833 0.01 0.01
0 0.482031 0.761111 0.01 0.01
0 0.478906 0.729167 0.01 0.01
0 0.428125 0.738889 0.01 0.01
0 0.439063 0.752778 0.01 0.01
0 0.430469 0.762500 0.01 0.01
0 0.435156 0.773611 0.01 0.01
0 0.456250 0.738889 0.01 0.01
0 0.443750 0.730556 0.01 0.01
0 0.447656 0.765278 0.01 0.01
0 0.460938 0.772222 0.01 0.01
0 0.460938 0.762500 0.01 0.01
0 0.453125 0.779167 0.01 0.01
0 0.453125 0.706944 0.01 0.01
0 0.463281 0.704167 0.01 0.01
0 0.470313 0.681944 0.01 0.01
0 0.466406 0.650000 0.01 0.01
0 0.467969 0.602778 0.01 0.01
0 0.476562 0.640278 0.01 0.01
0 0.428125 0.790278 0.01 0.01
0 0.425781 0.798611 0.01 0.01
0 0.421875 0.804167 0.01 0.01
0 0.437500 0.805556 0.01 0.01
0 0.432031 0.827778 0.01 0.01
0 0.425000 0.836111 0.01 0.01
0 0.417188 0.836111 0.01 0.01
0 0.426562 0.826389 0.01 0.01
0 0.420312 0.823611 0.01 0.01
0 0.489062 0.802778 0.01 0.01
0 0.492188 0.813889 0.01 0.01
0 0.497656 0.825000 0.01 0.01
0 0.497656 0.840278 0.01 0.01
0 0.507031 0.838889 0.01 0.01
0 0.507812 0.812500 0.01 0.01
0 0.502344 0.791667 0.01 0.01
0 0.500000 0.781944 0.01 0.01
0 0.501562 0.752778 0.01 0.01
0 0.521094 0.838889 0.01 0.01
0 0.520312 0.823611 0.01 0.01
0 0.516406 0.800000 0.01 0.01
0 0.519531 0.752778 0.01 0.01
0 0.519531 0.726389 0.01 0.01
0 0.487500 0.687500 0.01 0.01
0 0.485156 0.641667 0.01 0.01
0 0.491406 0.629167 0.01 0.01
0 0.491406 0.597222 0.01 0.01
0 0.500781 0.611111 0.01 0.01
0 0.581250 0.331944 0.01 0.01
0 0.584375 0.300000 0.01 0.01
0 0.592188 0.306944 0.01 0.01
0 0.603125 0.300000 0.01 0.01
0 0.604688 0.312500 0.01 0.01
0 0.594531 0.333333 0.01 0.01
0 0.600781 0.343056 0.01 0.01
0 0.590625 0.372222 0.01 0.01
0 0.598437 0.394444 0.01 0.01
0 0.596875 0.369444 0.01 0.01
0 0.610937 0.334722 0.01 0.01
0 0.618750 0.326389 0.01 0.01
0 0.617969 0.341667 0.01 0.01
0 0.623438 0.352778 0.01 0.01
0 0.629687 0.362500 0.01 0.01
0 0.628906 0.384722 0.01 0.01
0 0.639844 0.380556 0.01 0.01
0 0.632031 0.372222 0.01 0.01
0 0.634375 0.386111 0.01 0.01
0 0.646094 0.368056 0.01 0.01
0 0.667188 0.305556 0.01 0.01
0 0.684375 0.294444 0.01 0.01
0 0.695312 0.320833 0.01 0.01
0 0.683594 0.348611 0.01 0.01
0 0.689844 0.354167 0.01 0.01
0 0.706250 0.351389 0.01 0.01
0 0.717188 0.323611 0.01 0.01
0 0.717188 0.336111 0.01 0.01
0 0.721875 0.363889 0.01 0.01
0 0.725781 0.402778 0.01 0.01
0 0.723437 0.415278 0.01 0.01
0 0.735937 0.393056 0.01 0.01
0 0.733594 0.409722 0.01 0.01
0 0.739062 0.466667 0.01 0.01
0 0.735156 0.472222 0.01 0.01
0 0.743750 0.519444 0.01 0.01
0 0.725000 0.666667 0.01 0.01
0 0.731250 0.645833 0.01 0.01
0 0.735156 0.629167 0.01 0.01
0 0.726562 0.598611 0.01 0.01
0 0.737500 0.598611 0.01 0.01
0 0.710938 0.648611 0.01 0.01
0 0.685938 0.701389 0.01 0.01
0 0.668750 0.723611 0.01 0.01
0 0.646094 0.736111 0.01 0.01
0 0.639844 0.741667 0.01 0.01
0 0.633594 0.759722 0.01 0.01
0 0.642187 0.705556 0.01 0.01
0 0.660937 0.687500 0.01 0.01
0 0.680469 0.638889 0.01 0.01
0 0.689844 0.619444 0.01 0.01
0 0.699219 0.651389 0.01 0.01
0 0.699219 0.452778 0.01 0.01
0 0.708594 0.423611 0.01 0.01
0 0.712500 0.447222 0.01 0.01
0 0.703906 0.498611 0.01 0.01
0 0.700781 0.544444 0.01 0.01
0 0.678906 0.556944 0.01 0.01
0 0.717969 0.551389 0.01 0.01
0 0.717188 0.512500 0.01 0.01
0 0.721875 0.490278 0.01 0.01
0 0.563281 0.626389 0.01 0.01
0 0.552344 0.563889 0.01 0.01
0 0.558594 0.551389 0.01 0.01
0 0.559375 0.522222 0.01 0.01
0 0.557813 0.513889 0.01 0.01
0 0.565625 0.508333 0.01 0.01
0 0.565625 0.520833 0.01 0.01
0 0.558594 0.533333 0.01 0.01
0 0.563281 0.568056 0.01 0.01
0 0.567187 0.558333 0.01 0.01
0 0.641406 0.406944 0.01 0.01
0 0.646875 0.413889 0.01 0.01
0 0.644531 0.400000 0.01 0.01
0 0.588281 0.538889 0.01 0.01
0 0.587500 0.573611 0.01 0.01
0 0.496094 0.681944 0.01 0.01
0 0.502344 0.679167 0.01 0.01
0 0.491406 0.641667 0.01 0.01
0 0.500781 0.648611 0.01 0.01
0 0.543750 0.602778 0.01 0.01
0 0.540625 0.595833 0.01 0.01
0 0.539844 0.611111 0.01 0.01
0 0.532812 0.619444 0.01 0.01
0 0.513281 0.618056 0.01 0.01
0 0.525000 0.629167 0.01 0.01
0 0.534375 0.631944 0.01 0.01
0 0.525781 0.638889 0.01 0.01
0 0.522656 0.647222 0.01 0.01
0 0.517969 0.648611 0.01 0.01
0 0.514063 0.662500 0.01 0.01
0 0.517187 0.668056 0.01 0.01
0 0.663281 0.388889 0.01 0.01
0 0.651563 0.395833 0.01 0.01
0 0.670313 0.386111 0.01 0.01
0 0.663281 0.409722 0.01 0.01
0 0.672656 0.418056 0.01 0.01
0 0.667969 0.448611 0.01 0.01
0 0.642187 0.426389 0.01 0.01
0 0.647656 0.445833 0.01 0.01
0 0.651563 0.450000 0.01 0.01
0 0.660156 0.441667 0.01 0.01
0 0.675000 0.468056 0.01 0.01
0 0.616406 0.612500 0.01 0.01
0 0.611719 0.598611 0.01 0.01
0 0.609375 0.576389 0.01 0.01
0 0.546875 0.663889 0.01 0.01
0 0.515625 0.684722 0.01 0.01
0 0.530469 0.675000 0.01 0.01
0 0.542188 0.650000 0.01 0.01
0 0.538281 0.641667 0.01 0.01
0 0.529688 0.659722 0.01 0.01
0 0.521875 0.683333 0.01 0.01
0 0.532812 0.695833 0.01 0.01
0 0.542969 0.698611 0.01 0.01
0 0.546875 0.693056 0.01 0.01
0 0.571875 0.666667 0.01 0.01
0 0.532812 0.719444 0.01 0.01
0 0.533594 0.744444 0.01 0.01
0 0.534375 0.773611 0.01 0.01
0 0.527344 0.815278 0.01 0.01
0 0.529688 0.843056 0.01 0.01
0 0.530469 0.830556 0.01 0.01
0 0.528125 0.804167 0.01 0.01
0 0.537500 0.808333 0.01 0.01
0 0.539844 0.788889 0.01 0.01
0 0.542188 0.727778 0.01 0.01
0 0.555469 0.725000 0.01 0.01
0 0.574219 0.713889 0.01 0.01
0 0.645312 0.455556 0.01 0.01
0 0.642187 0.466667 0.01 0.01
0 0.637500 0.463889 0.01 0.01
0 0.646094 0.495833 0.01 0.01
0 0.660156 0.488889 0.01 0.01
0 0.654688 0.493056 0.01 0.01
0 0.657812 0.504167 0.01 0.01
0 0.651563 0.509722 0.01 0.01
0 0.643750 0.516667 0.01 0.01
0 0.646875 0.537500 0.01 0.01
0 0.653906 0.525000 0.01 0.01
0 0.625781 0.544444 0.01 0.01
0 0.636719 0.547222 0.01 0.01
0 0.623438 0.556944 0.01 0.01
0 0.617969 0.586111 0.01 0.01
0 0.587500 0.708333 0.01 0.01
0 0.594531 0.743056 0.01 0.01
0 0.590625 0.726389 0.01 0.01
0 0.604688 0.726389 0.01 0.01
0 0.595312 0.716667 0.01 0.01
0 0.608594 0.702778 0.01 0.01
0 0.614844 0.709722 0.01 0.01
0 0.610937 0.691667 0.01 0.01
0 0.620313 0.700000 0.01 0.01
0 0.546875 0.779167 0.01 0.01
0 0.550000 0.769444 0.01 0.01
0 0.555469 0.762500 0.01 0.01
0 0.542188 0.820833 0.01 0.01
0 0.538281 0.837500 0.01 0.01
0 0.552344 0.834722 0.01 0.01
0 0.563281 0.818056 0.01 0.01
0 0.578125 0.811111 0.01 0.01
0 0.566406 0.776389 0.01 0.01
0 0.571875 0.762500 0.01 0.01
0 0.567969 0.751389 0.01 0.01
0 0.562500 0.787500 0.01 0.01
0 0.550000 0.808333 0.01 0.01
0 0.558594 0.802778 0.01 0.01
0 0.556250 0.813889 0.01 0.01
0 0.566406 0.805556 0.01 0.01
0 0.580469 0.788889 0.01 0.01
0 0.593750 0.787500 0.01 0.01
0 0.577344 0.744444 0.01 0.01
0 0.585156 0.779167 0.01 0.01
0 0.582812 0.755556 0.01 0.01
0 0.596094 0.777778 0.01 0.01
0 0.638281 0.694444 0.01 0.01
0 0.667188 0.513889 0.01 0.01
0 0.656250 0.555556 0.01 0.01
0 0.654688 0.541667 0.01 0.01
0 0.661719 0.548611 0.01 0.01
0 0.635156 0.563889 0.01 0.01
0 0.635156 0.680556 0.01 0.01
0 0.621875 0.669444 0.01 0.01
0 0.647656 0.661111 0.01 0.01
0 0.665625 0.608333 0.01 0.01
0 0.646094 0.659722 0.01 0.01
0 0.629687 0.675000 0.01 0.01
0 0.628125 0.656944 0.01 0.01
0 0.635156 0.665278 0.01 0.01
0 0.641406 0.581944 0.01 0.01
0 0.643750 0.566667 0.01 0.01
0 0.658594 0.573611 0.01 0.01
0 0.639063 0.598611 0.01 0.01
0 0.653125 0.640278 0.01 0.01
0 0.636719 0.611111 0.01 0.01
0 0.649219 0.588889 0.01 0.01
0 0.653125 0.593056 0.01 0.01
0 0.653906 0.600000 0.01 0.01
0 0.638281 0.627778 0.01 0.01
0 0.643750 0.612500 0.01 0.01
0 0.655469 0.625000 0.01 0.01
0 0.644531 0.647222 0.01 0.01
0 0.653125 0.623611 0.01 0.01
0 0.649219 0.636111 0.01 0.01
0 0.723437 0.620833 0.01 0.01
