0 0.213281 0.483333 0.01 0.01
0 0.204688 0.491667 0.01 0.01
0 0.208594 0.380556 0.01 0.01
0 0.224219 0.363889 0.01 0.01
0 0.248437 0.365278 0.01 0.01
0 0.269531 0.386111 0.01 0.01
0 0.277344 0.384722 0.01 0.01
0 0.288281 0.370833 0.01 0.01
0 0.372656 0.304167 0.01 0.01
0 0.377344 0.300000 0.01 0.01
0 0.385938 0.284722 0.01 0.01
0 0.382031 0.280556 0.01 0.01
0 0.373437 0.284722 0.01 0.01
0 0.373437 0.277778 0.01 0.01
0 0.360156 0.306944 0.01 0.01
0 0.369531 0.294444 0.01 0.01
0 0.396875 0.280556 0.01 0.01
0 0.391406 0.266667 0.01 0.01
0 0.307031 0.176389 0.01 0.01
0 0.307813 0.190278 0.01 0.01
0 0.319531 0.165278 0.01 0.01
0 0.324219 0.158333 0.01 0.01
0 0.321094 0.133333 0.01 0.01
0 0.310937 0.125000 0.01 0.01
0 0.256250 0.308333 0.01 0.01
0 0.235938 0.327778 0.01 0.01
0 0.225781 0.304167 0.01 0.01
0 0.241406 0.276389 0.01 0.01
0 0.339063 0.122222 0.01 0.01
0 0.357031 0.083333 0.01 0.01
0 0.405469 0.081944 0.01 0.01
0 0.397656 0.147222 0.01 0.01
0 0.373437 0.195833 0.01 0.01
0 0.377344 0.256944 0.01 0.01
0 0.400000 0.188889 0.01 0.01
0 0.406250 0.215278 0.01 0.01
0 0.407031 0.256944 0.01 0.01
0 0.414062 0.255556 0.01 0.01
0 0.423438 0.247222 0.01 0.01
0 0.425000 0.181944 0.01 0.01
0 0.424219 0.165278 0.01 0.01
0 0.435937 0.236111 0.01 0.01
0 0.441406 0.230556 0.01 0.01
0 0.469531 0.126389 0.01 0.01
0 0.475781 0.073611 0.01 0.01
0 0.453906 0.048611 0.01 0.01
0 0.488281 0.072222 0.01 0.01
0 0.509375 0.051389 0.01 0.01
0 0.540625 0.083333 0.01 0.01
0 0.546875 0.077778 0.01 0.01
0 0.543750 0.079167 0.01 0.01
0 0.557031 0.102778 0.01 0.01
0 0.541406 0.104167 0.01 0.01
0 0.542188 0.118056 0.01 0.01
0 0.516406 0.130556 0.01 0.01
0 0.400781 0.818056 0.01 0.01
0 0.395312 0.813889 0.01 0.01
0 0.387500 0.800000 0.01 0.01
0 0.382031 0.793056 0.01 0.01
0 0.382812 0.808333 0.01 0.01
0 0.375000 0.787500 0.01 0.01
0 0.380469 0.773611 0.01 0.01
0 0.370313 0.783333 0.01 0.01
0 0.366406 0.772222 0.01 0.01
0 0.346875 0.756944 0.01 0.01
0 0.336719 0.748611 0.01 0.01
0 0.336719 0.719444 0.01 0.01
0 0.330469 0.705556 0.01 0.01
0 0.330469 0.688889 0.01 0.01
0 0.331250 0.669444 0.01 0.01
0 0.335938 0.683333 0.01 0.01
0 0.340625 0.705556 0.01 0.01
0 0.351562 0.745833 0.01 0.01
0 0.315625 0.665278 0.01 0.01
0 0.320312 0.637500 0.01 0.01
0 0.311719 0.634722 0.01 0.01
0 0.317969 0.615278 0.01 0.01
0 0.307813 0.598611 0.01 0.01
0 0.302344 0.575000 0.01 0.01
0 0.300000 0.548611 0.01 0.01
0 0.316406 0.575000 0.01 0.01
0 0.310156 0.577778 0.01 0.01
0 0.325000 0.590278 0.01 0.01
0 0.338281 0.600000 0.01 0.01
0 0.331250 0.634722 0.01 0.01
0 0.339844 0.655556 0.01 0.01
0 0.339063 0.663889 0.01 0.01
0 0.352344 0.661111 0.01 0.01
0 0.354688 0.663889 0.01 0.01
0 0.361719 0.693056 0.01 0.01
0 0.353125 0.686111 0.01 0.01
0 0.357812 0.698611 0.01 0.01
0 0.351562 0.708333 0.01 0.01
0 0.357812 0.709722 0.01 0.01
0 0.360938 0.723611 0.01 0.01
0 0.357812 0.729167 0.01 0.01
0 0.365625 0.715278 0.01 0.01
0 0.371875 0.700000 0.01 0.01
0 0.375781 0.715278 0.01 0.01
0 0.382031 0.713889 0.01 0.01
0 0.384375 0.718056 0.01 0.01
0 0.370313 0.736111 0.01 0.01
0 0.372656 0.752778 0.01 0.01
0 0.381250 0.751389 0.01 0.01
0 0.394531 0.758333 0.01 0.01
0 0.391406 0.748611 0.01 0.01
0 0.360156 0.818056 0.01 0.01
0 0.357031 0.811111 0.01 0.01
0 0.354688 0.825000 0.01 0.01
0 0.361719 0.862500 0.01 0.01
0 0.348437 0.902778 0.01 0.01
0 0.302344 0.820833 0.01 0.01
0 0.282813 0.858333 0.01 0.01
0 0.285937 0.802778 0.01 0.01
0 0.255469 0.818056 0.01 0.01
0 0.239063 0.622222 0.01 0.01
0 0.226562 0.580556 0.01 0.01
0 0.206250 0.584722 0.01 0.01
0 0.192188 0.544444 0.01 0.01
0 0.193750 0.506944 0.01 0.01
0 0.217969 0.722222 0.01 0.01
0 0.241406 0.740278 0.01 0.01
0 0.256250 0.730556 0.01 0.01
0 0.260156 0.631944 0.01 0.01
0 0.245312 0.598611 0.01 0.01
0 0.268750 0.559722 0.01 0.01
0 0.284375 0.591667 0.01 0.01
0 0.291406 0.623611 0.01 0.01
0 0.285937 0.498611 0.01 0.01
0 0.271094 0.437500 0.01 0.01
0 0.291406 0.472222 0.01 0.01
0 0.302344 0.491667 0.01 0.01
0 0.314063 0.515278 0.01 0.01
0 0.325781 0.493056 0.01 0.01
0 0.325781 0.525000 0.01 0.01
0 0.360156 0.327778 0.01 0.01
0 0.358442 0.345989 0.01 0.01
0 0.350501 0.343636 0.01 0.01
0 0.347192 0.351871 0.01 0.01
0 0.337927 0.349518 0.01 0.01
0 0.334619 0.360106 0.01 0.01
0 0.329986 0.364812 0.01 0.01
0 0.321383 0.394224 0.01 0.01
0 0.313442 0.395400 0.01 0.01
0 0.298883 0.401283 0.01 0.01
0 0.326016 0.420106 0.01 0.01
0 0.310133 0.441283 0.01 0.01
0 0.305501 0.461283 0.01 0.01
0 0.342560 0.480106 0.01 0.01
0 0.347192 0.493047 0.01 0.01
0 0.345869 0.433047 0.01 0.01
0 0.355133 0.378930 0.01 0.01
0 0.370354 0.447165 0.01 0.01
0 0.378295 0.444812 0.01 0.01
0 0.392854 0.442459 0.01 0.01
0 0.384913 0.478930 0.01 0.01
0 0.377633 0.498930 0.01 0.01
0 0.339251 0.491871 0.01 0.01
0 0.357780 0.514224 0.01 0.01
0 0.392854 0.518930 0.01 0.01
0 0.402780 0.487165 0.01 0.01
0 0.421971 0.461283 0.01 0.01
0 0.333957 0.541283 0.01 0.01
0 0.308148 0.551871 0.01 0.01
0 0.343221 0.557753 0.01 0.01
0 0.403442 0.395400 0.01 0.01
0 0.408736 0.302459 0.01 0.01
0 0.424619 0.351871 0.01 0.01
0 0.433222 0.353047 0.01 0.01
0 0.440501 0.351871 0.01 0.01
0 0.440501 0.308342 0.01 0.01
0 0.435869 0.270694 0.01 0.01
0 0.466310 0.390694 0.01 0.01
0 0.460354 0.407165 0.01 0.01
0 0.464986 0.334224 0.01 0.01
0 0.470280 0.221283 0.01 0.01
0 0.488810 0.343636 0.01 0.01
0 0.491457 0.244812 0.01 0.01
0 0.498074 0.236577 0.01 0.01
0 0.499398 0.256577 0.01 0.01
0 0.506677 0.268342 0.01 0.01
0 0.506677 0.198930 0.01 0.01
0 0.511972 0.228342 0.01 0.01
0 0.515280 0.224812 0.01 0.01
0 0.514619 0.182459 0.01 0.01
0 0.488148 0.035400 0.01 0.01
0 0.566898 0.148342 0.01 0.01
0 0.599986 0.156577 0.01 0.01
0 0.625795 0.160106 0.01 0.01
0 0.614545 0.170694 0.01 0.01
0 0.638369 0.162459 0.01 0.01
0 0.653589 0.174224 0.01 0.01
0 0.643663 0.180106 0.01 0.01
0 0.655574 0.204812 0.01 0.01
0 0.680722 0.241283 0.01 0.01
0 0.662854 0.250694 0.01 0.01
0 0.596677 0.190694 0.01 0.01
0 0.602633 0.229518 0.01 0.01
0 0.545722 0.210694 0.01 0.01
0 0.532486 0.214224 0.01 0.01
0 0.537119 0.245989 0.01 0.01
0 0.554324 0.242459 0.01 0.01
0 0.543074 0.254224 0.01 0.01
0 0.551677 0.257753 0.01 0.01
0 0.647633 0.290694 0.01 0.01
0 0.644986 0.305989 0.01 0.01
0 0.660869 0.301283 0.01 0.01
0 0.668810 0.276577 0.01 0.01
0 0.680722 0.261283 0.01 0.01
0 0.703883 0.291871 0.01 0.01
0 0.711824 0.334224 0.01 0.01
0 0.683369 0.353047 0.01 0.01
0 0.722413 0.362459 0.01 0.01
0 0.701898 0.382459 0.01 0.01
0 0.710501 0.378930 0.01 0.01
0 0.729692 0.400106 0.01 0.01
0 0.726383 0.421283 0.01 0.01
0 0.617192 0.318930 0.01 0.01
0 0.599986 0.317753 0.01 0.01
0 0.580133 0.296577 0.01 0.01
0 0.573516 0.277753 0.01 0.01
0 0.537780 0.294224 0.01 0.01
0 0.513957 0.313047 0.01 0.01
0 0.551677 0.320106 0.01 0.01
0 0.523883 0.353047 0.01 0.01
0 0.517927 0.371871 0.01 0.01
0 0.535133 0.387165 0.01 0.01
0 0.552339 0.389518 0.01 0.01
0 0.515280 0.400106 0.01 0.01
0 0.509324 0.367165 0.01 0.01
0 0.575501 0.328342 0.01 0.01
0 0.586089 0.368341 0.01 0.01
0 0.593369 0.367165 0.01 0.01
0 0.594030 0.342459 0.01 0.01
0 0.607266 0.329518 0.01 0.01
0 0.607927 0.344812 0.01 0.01
0 0.615869 0.350694 0.01 0.01
0 0.621824 0.362459 0.01 0.01
0 0.633074 0.361283 0.01 0.01
0 0.616530 0.385989 0.01 0.01
0 0.627119 0.375400 0.01 0.01
0 0.625795 0.385989 0.01 0.01
0 0.625795 0.389518 0.01 0.01
0 0.635722 0.401283 0.01 0.01
0 0.628442 0.404812 0.01 0.01
0 0.633736 0.381283 0.01 0.01
0 0.619177 0.425989 0.01 0.01
0 0.633736 0.429518 0.01 0.01
0 0.644324 0.409518 0.01 0.01
0 0.674104 0.422459 0.01 0.01
0 0.658883 0.369518 0.01 0.01
0 0.664177 0.320106 0.01 0.01
0 0.654251 0.437753 0.01 0.01
0 0.653589 0.428342 0.01 0.01
0 0.641677 0.442459 0.01 0.01
0 0.645648 0.442459 0.01 0.01
0 0.647633 0.451871 0.01 0.01
0 0.636383 0.455400 0.01 0.01
0 0.634398 0.465989 0.01 0.01
0 0.636383 0.478930 0.01 0.01
0 0.639030 0.483636 0.01 0.01
0 0.648295 0.481283 0.01 0.01
0 0.652266 0.484812 0.01 0.01
0 0.658883 0.483636 0.01 0.01
0 0.644986 0.469518 0.01 0.01
0 0.653589 0.505989 0.01 0.01
0 0.655574 0.522459 0.01 0.01
0 0.635722 0.504812 0.01 0.01
0 0.637707 0.514224 0.01 0.01
0 0.643663 0.511871 0.01 0.01
0 0.651604 0.545989 0.01 0.01
0 0.630427 0.540106 0.01 0.01
0 0.621163 0.545989 0.01 0.01
0 0.634398 0.527165 0.01 0.01
0 0.641677 0.533047 0.01 0.01
0 0.662192 0.600106 0.01 0.01
0 0.656898 0.581283 0.01 0.01
0 0.655574 0.598930 0.01 0.01
0 0.649619 0.580106 0.01 0.01
0 0.648295 0.597753 0.01 0.01
0 0.632413 0.591871 0.01 0.01
0 0.640354 0.587165 0.01 0.01
0 0.634398 0.580106 0.01 0.01
0 0.637045 0.603636 0.01 0.01
0 0.644324 0.611871 0.01 0.01
0 0.641677 0.628341 0.01 0.01
0 0.645648 0.635400 0.01 0.01
0 0.637707 0.644812 0.01 0.01
0 0.627780 0.641283 0.01 0.01
0 0.621824 0.664812 0.01 0.01
0 0.627119 0.670694 0.01 0.01
0 0.605280 0.583636 0.01 0.01
0 0.611236 0.581283 0.01 0.01
0 0.592707 0.438930 0.01 0.01
0 0.570869 0.433047 0.01 0.01
0 0.588074 0.245989 0.01 0.01
0 0.625133 0.233047 0.01 0.01
0 0.623148 0.213047 0.01 0.01
0 0.622486 0.200106 0.01 0.01
0 0.693295 0.444812 0.01 0.01
0 0.716457 0.441283 0.01 0.01
0 0.709839 0.456577 0.01 0.01
0 0.721751 0.475400 0.01 0.01
0 0.722413 0.494224 0.01 0.01
0 0.725060 0.513047 0.01 0.01
0 0.739619 0.517753 0.01 0.01
0 0.715795 0.495400 0.01 0.01
0 0.703883 0.491871 0.01 0.01
0 0.718442 0.524812 0.01 0.01
0 0.719766 0.549518 0.01 0.01
0 0.683369 0.529518 0.01 0.01
0 0.682707 0.551871 0.01 0.01
0 0.705869 0.571871 0.01 0.01
0 0.732339 0.581283 0.01 0.01
0 0.708516 0.623636 0.01 0.01
0 0.730354 0.613047 0.01 0.01
0 0.725721 0.650694 0.01 0.01
0 0.719104 0.680106 0.01 0.01
0 0.708516 0.718930 0.01 0.01
0 0.701236 0.743636 0.01 0.01
0 0.680722 0.780106 0.01 0.01
0 0.680722 0.797753 0.01 0.01
0 0.654913 0.750694 0.01 0.01
0 0.673442 0.720106 0.01 0.01
0 0.660869 0.663636 0.01 0.01
0 0.695280 0.691871 0.01 0.01
0 0.635722 0.693047 0.01 0.01
0 0.642339 0.701283 0.01 0.01
0 0.620501 0.693047 0.01 0.01
0 0.616530 0.681283 0.01 0.01
0 0.612560 0.696577 0.01 0.01
0 0.611236 0.741283 0.01 0.01
0 0.606604 0.744812 0.01 0.01
0 0.711163 0.595400 0.01 0.01
0 0.665501 0.825989 0.01 0.01
0 0.657560 0.835400 0.01 0.01
0 0.617192 0.894224 0.01 0.01
0 0.607266 0.893047 0.01 0.01
0 0.596016 0.895400 0.01 0.01
0 0.571530 0.914224 0.01 0.01
0 0.572854 0.918930 0.01 0.01
0 0.565574 0.911871 0.01 0.01
0 0.539766 0.898930 0.01 0.01
0 0.504692 0.920106 0.01 0.01
0 0.553001 0.954224 0.01 0.01
0 0.543074 0.968341 0.01 0.01
0 0.477560 0.980106 0.01 0.01
0 0.383589 0.961283 0.01 0.01
0 0.337927 0.929518 0.01 0.01
0 0.439177 0.957753 0.01 0.01
0 0.435207 0.933047 0.01 0.01
0 0.439839 0.891871 0.01 0.01
0 0.477560 0.902459 0.01 0.01
0 0.445795 0.871871 0.01 0.01
0 0.459030 0.862459 0.01 0.01
0 0.429913 0.833047 0.01 0.01
0 0.441163 0.849518 0.01 0.01
0 0.445133 0.844812 0.01 0.01
0 0.453736 0.850694 0.01 0.01
0 0.457707 0.842459 0.01 0.01
0 0.463663 0.845989 0.01 0.01
0 0.470942 0.845989 0.01 0.01
0 0.445795 0.829518 0.01 0.01
0 0.453736 0.834224 0.01 0.01
0 0.468295 0.821283 0.01 0.01
0 0.438516 0.825989 0.01 0.01
0 0.429913 0.816577 0.01 0.01
0 0.433883 0.803636 0.01 0.01
0 0.419324 0.807165 0.01 0.01
0 0.423957 0.782459 0.01 0.01
0 0.403442 0.796577 0.01 0.01
0 0.410721 0.794224 0.01 0.01
0 0.407413 0.805989 0.01 0.01
0 0.407413 0.780106 0.01 0.01
0 0.410721 0.758930 0.01 0.01
0 0.416016 0.765989 0.01 0.01
0 0.424619 0.763636 0.01 0.01
0 0.421971 0.740106 0.01 0.01
0 0.408074 0.724812 0.01 0.01
0 0.415354 0.721283 0.01 0.01
0 0.412707 0.703636 0.01 0.01
0 0.408736 0.684812 0.01 0.01
0 0.418663 0.680106 0.01 0.01
0 0.359104 0.644812 0.01 0.01
0 0.356457 0.590694 0.01 0.01
0 0.374986 0.616577 0.01 0.01
0 0.378295 0.630694 0.01 0.01
0 0.380942 0.637753 0.01 0.01
0 0.404104 0.642459 0.01 0.01
0 0.427266 0.631871 0.01 0.01
0 0.434545 0.624812 0.01 0.01
0 0.418001 0.624812 0.01 0.01
0 0.401457 0.595400 0.01 0.01
0 0.404104 0.580106 0.01 0.01
0 0.411383 0.574224 0.01 0.01
0 0.407413 0.548342 0.01 0.01
0 0.436530 0.581283 0.01 0.01
0 0.425942 0.567165 0.01 0.01
0 0.439839 0.547165 0.01 0.01
0 0.428589 0.536577 0.01 0.01
0 0.447780 0.528342 0.01 0.01
0 0.447780 0.523636 0.01 0.01
0 0.459692 0.511871 0.01 0.01
0 0.475574 0.503636 0.01 0.01
0 0.458369 0.493047 0.01 0.01
0 0.463663 0.454224 0.01 0.01
0 0.466310 0.461283 0.01 0.01
0 0.477560 0.462459 0.01 0.01
0 0.485501 0.421283 0.01 0.01
0 0.494766 0.467165 0.01 0.01
0 0.505354 0.471871 0.01 0.01
0 0.515280 0.495400 0.01 0.01
0 0.513295 0.515400 0.01 0.01
0 0.517927 0.437753 0.01 0.01
0 0.531824 0.442459 0.01 0.01
0 0.543074 0.455400 0.01 0.01
0 0.583442 0.493047 0.01 0.01
0 0.545722 0.487165 0.01 0.01
0 0.560280 0.505989 0.01 0.01
0 0.553001 0.517753 0.01 0.01
0 0.560942 0.518930 0.01 0.01
0 0.550354 0.530694 0.01 0.01
0 0.583442 0.534224 0.01 0.01
0 0.555648 0.550694 0.01 0.01
0 0.562927 0.581283 0.01 0.01
0 0.542413 0.569518 0.01 0.01
0 0.579471 0.576577 0.01 0.01
0 0.546383 0.558930 0.01 0.01
0 0.553001 0.864812 0.01 0.01
0 0.570869 0.831871 0.01 0.01
0 0.556310 0.837753 0.01 0.01
0 0.490133 0.844812 0.01 0.01
0 0.504030 0.843636 0.01 0.01
0 0.509324 0.842459 0.01 0.01
0 0.516604 0.841283 0.01 0.01
0 0.524545 0.831871 0.01 0.01
0 0.527192 0.834224 0.01 0.01
0 0.534472 0.831871 0.01 0.01
0 0.535133 0.823636 0.01 0.01
0 0.547045 0.830694 0.01 0.01
0 0.561604 0.795400 0.01 0.01
0 0.556971 0.803636 0.01 0.01
0 0.564913 0.801283 0.01 0.01
0 0.551677 0.810694 0.01 0.01
0 0.542413 0.814224 0.01 0.01
0 0.539104 0.805989 0.01 0.01
0 0.531163 0.808341 0.01 0.01
0 0.527192 0.808341 0.01 0.01
0 0.525869 0.793047 0.01 0.01
0 0.504692 0.817753 0.01 0.01
0 0.508001 0.798930 0.01 0.01
0 0.490795 0.814224 0.01 0.01
0 0.486163 0.808341 0.01 0.01
0 0.494766 0.789518 0.01 0.01
0 0.488810 0.773047 0.01 0.01
0 0.491457 0.763636 0.01 0.01
0 0.494766 0.743636 0.01 0.01
0 0.486824 0.731871 0.01 0.01
0 0.474913 0.760106 0.01 0.01
0 0.472927 0.728342 0.01 0.01
0 0.451751 0.765989 0.01 0.01
0 0.454398 0.770694 0.01 0.01
0 0.450427 0.738930 0.01 0.01
0 0.455722 0.728342 0.01 0.01
0 0.432560 0.718930 0.01 0.01
0 0.445795 0.704812 0.01 0.01
0 0.455722 0.700106 0.01 0.01
0 0.457045 0.683636 0.01 0.01
0 0.439839 0.685989 0.01 0.01
0 0.447119 0.683636 0.01 0.01
0 0.476236 0.681283 0.01 0.01
0 0.460354 0.649518 0.01 0.01
0 0.474913 0.638930 0.01 0.01
0 0.461016 0.601283 0.01 0.01
0 0.473589 0.604812 0.01 0.01
0 0.506677 0.582459 0.01 0.01
0 0.492119 0.608342 0.01 0.01
0 0.486824 0.625989 0.01 0.01
0 0.494766 0.671871 0.01 0.01
0 0.506016 0.664812 0.01 0.01
0 0.501383 0.690694 0.01 0.01
0 0.509986 0.688341 0.01 0.01
0 0.514619 0.681283 0.01 0.01
0 0.537119 0.660106 0.01 0.01
0 0.501383 0.624812 0.01 0.01
0 0.510648 0.621283 0.01 0.01
0 0.520574 0.623636 0.01 0.01
0 0.520574 0.633047 0.01 0.01
0 0.518589 0.640106 0.01 0.01
0 0.533810 0.643636 0.01 0.01
0 0.519913 0.651871 0.01 0.01
0 0.511310 0.650694 0.01 0.01
0 0.550354 0.613047 0.01 0.01
0 0.548369 0.629518 0.01 0.01
0 0.533148 0.698930 0.01 0.01
0 0.526530 0.718930 0.01 0.01
0 0.535795 0.728342 0.01 0.01
0 0.514619 0.734224 0.01 0.01
0 0.513295 0.753047 0.01 0.01
0 0.508001 0.768341 0.01 0.01
0 0.519913 0.771871 0.01 0.01
0 0.528516 0.773047 0.01 0.01
0 0.533810 0.769518 0.01 0.01
0 0.540427 0.760106 0.01 0.01
0 0.540427 0.743636 0.01 0.01
0 0.554324 0.773047 0.01 0.01
0 0.562266 0.773047 0.01 0.01
0 0.587413 0.751871 0.01 0.01
0 0.580133 0.756577 0.01 0.01
0 0.570869 0.744812 0.01 0.01
0 0.587413 0.788342 0.01 0.01
0 0.613883 0.801283 0.01 0.01
0 0.625133 0.778930 0.01 0.01
0 0.620501 0.767165 0.01 0.01
0 0.614545 0.720106 0.01 0.01
0 0.593369 0.713047 0.01 0.01
0 0.596677 0.736577 0.01 0.01
0 0.580795 0.730694 0.01 0.01
0 0.568222 0.711871 0.01 0.01
0 0.586089 0.710694 0.01 0.01
0 0.578810 0.700106 0.01 0.01
0 0.568883 0.689518 0.01 0.01
0 0.605942 0.693047 0.01 0.01
0 0.602633 0.701283 0.01 0.01
0 0.573516 0.788342 0.01 0.01
0 0.601310 0.762459 0.01 0.01
0 0.486163 0.581283 0.01 0.01
0 0.613222 0.611871 0.01 0.01
