0 0.773249 0.305989 0.01 0.01
0 0.755381 0.264812 0.01 0.01
0 0.746117 0.313047 0.01 0.01
0 0.764646 0.325989 0.01 0.01
0 0.748764 0.363636 0.01 0.01
0 0.775896 0.360106 0.01 0.01
0 0.783837 0.344812 0.01 0.01
0 0.797073 0.385989 0.01 0.01
0 0.781852 0.470694 0.01 0.01
0 0.795749 0.488342 0.01 0.01
0 0.806337 0.508341 0.01 0.01
0 0.808984 0.535400 0.01 0.01
0 0.796411 0.577753 0.01 0.01
0 0.773249 0.580106 0.01 0.01
0 0.397367 0.317753 0.01 0.01
0 0.384131 0.321283 0.01 0.01
0 0.378837 0.322459 0.01 0.01
0 0.413249 0.334224 0.01 0.01
0 0.405308 0.343636 0.01 0.01
0 0.392734 0.328342 0.01 0.01
0 0.380823 0.337753 0.01 0.01
0 0.382146 0.351871 0.01 0.01
0 0.376190 0.364812 0.01 0.01
0 0.363617 0.364812 0.01 0.01
0 0.373543 0.374224 0.01 0.01
0 0.366926 0.383636 0.01 0.01
0 0.364278 0.397753 0.01 0.01
0 0.371558 0.404812 0.01 0.01
0 0.373543 0.394224 0.01 0.01
0 0.382808 0.387165 0.01 0.01
0 0.359646 0.416577 0.01 0.01
0 0.364940 0.425989 0.01 0.01
0 0.349720 0.427165 0.01 0.01
0 0.345749 0.437753 0.01 0.01
0 0.350381 0.445989 0.01 0.01
0 0.354352 0.450694 0.01 0.01
0 0.355676 0.440106 0.01 0.01
0 0.364278 0.456577 0.01 0.01
0 0.367587 0.471871 0.01 0.01
0 0.363617 0.477753 0.01 0.01
0 0.360308 0.481283 0.01 0.01
0 0.353028 0.463636 0.01 0.01
0 0.350381 0.473047 0.01 0.01
0 0.349058 0.483636 0.01 0.01
0 0.341117 0.481283 0.01 0.01
0 0.349720 0.493047 0.01 0.01
0 0.347073 0.503636 0.01 0.01
0 0.343102 0.513047 0.01 0.01
0 0.356337 0.513047 0.01 0.01
0 0.360970 0.509518 0.01 0.01
0 0.363617 0.500106 0.01 0.01
0 0.367587 0.523636 0.01 0.01
0 0.358323 0.533047 0.01 0.01
0 0.358323 0.533047 0.01 0.01
0 0.349058 0.544812 0.01 0.01
0 0.349058 0.535400 0.01 0.01
0 0.349720 0.525989 0.01 0.01
0 0.378837 0.544812 0.01 0.01
0 0.372881 0.545989 0.01 0.01
0 0.369573 0.564812 0.01 0.01
0 0.366264 0.564812 0.01 0.01
0 0.366264 0.580106 0.01 0.01
0 0.364940 0.595400 0.01 0.01
0 0.341117 0.577753 0.01 0.01
0 0.348396 0.583636 0.01 0.01
0 0.360970 0.589518 0.01 0.01
0 0.354352 0.590694 0.01 0.01
0 0.335161 0.590694 0.01 0.01
0 0.345087 0.596577 0.01 0.01
0 0.358984 0.611871 0.01 0.01
0 0.356999 0.616577 0.01 0.01
0 0.360308 0.601283 0.01 0.01
0 0.359646 0.629518 0.01 0.01
0 0.357661 0.633047 0.01 0.01
0 0.356337 0.641283 0.01 0.01
0 0.358323 0.653047 0.01 0.01
0 0.362293 0.647165 0.01 0.01
0 0.372881 0.642459 0.01 0.01
0 0.377514 0.663636 0.01 0.01
0 0.371558 0.671871 0.01 0.01
0 0.386117 0.577753 0.01 0.01
0 0.393396 0.582459 0.01 0.01
0 0.388102 0.614224 0.01 0.01
0 0.360970 0.678930 0.01 0.01
0 0.366926 0.697753 0.01 0.01
0 0.334499 0.663636 0.01 0.01
0 0.354352 0.696577 0.01 0.01
0 0.377514 0.694224 0.01 0.01
0 0.382808 0.682459 0.01 0.01
0 0.386779 0.700106 0.01 0.01
0 0.393396 0.691871 0.01 0.01
0 0.396705 0.698930 0.01 0.01
0 0.387440 0.731871 0.01 0.01
0 0.379499 0.735400 0.01 0.01
0 0.344426 0.755400 0.01 0.01
0 0.322587 0.708342 0.01 0.01
0 0.378837 0.776577 0.01 0.01
0 0.377514 0.763636 0.01 0.01
0 0.389426 0.796577 0.01 0.01
0 0.413249 0.808341 0.01 0.01
0 0.404646 0.711871 0.01 0.01
0 0.416558 0.705989 0.01 0.01
0 0.419205 0.691871 0.01 0.01
0 0.419205 0.690694 0.01 0.01
0 0.432440 0.710694 0.01 0.01
0 0.417881 0.730694 0.01 0.01
0 0.404646 0.733047 0.01 0.01
0 0.413249 0.754224 0.01 0.01
0 0.422514 0.757753 0.01 0.01
0 0.427808 0.745989 0.01 0.01
0 0.431778 0.768341 0.01 0.01
0 0.435087 0.775400 0.01 0.01
0 0.438396 0.794224 0.01 0.01
0 0.435087 0.805989 0.01 0.01
0 0.435087 0.818930 0.01 0.01
0 0.425161 0.802459 0.01 0.01
0 0.441705 0.807165 0.01 0.01
0 0.444352 0.807165 0.01 0.01
0 0.445676 0.813047 0.01 0.01
0 0.465528 0.796577 0.01 0.01
0 0.468837 0.805989 0.01 0.01
0 0.474793 0.808341 0.01 0.01
0 0.454940 0.810694 0.01 0.01
0 0.468176 0.817753 0.01 0.01
0 0.461558 0.829518 0.01 0.01
0 0.445014 0.835400 0.01 0.01
0 0.468837 0.831871 0.01 0.01
0 0.473470 0.831871 0.01 0.01
0 0.481411 0.840106 0.01 0.01
0 0.490676 0.847165 0.01 0.01
0 0.495970 0.840106 0.01 0.01
0 0.509867 0.843636 0.01 0.01
0 0.522440 0.898930 0.01 0.01
0 0.521117 0.974224 0.01 0.01
0 0.564131 0.949518 0.01 0.01
0 0.558837 0.937753 0.01 0.01
0 0.525749 0.847165 0.01 0.01
0 0.529058 0.844812 0.01 0.01
0 0.534352 0.844812 0.01 0.01
0 0.541631 0.847165 0.01 0.01
0 0.546264 0.847165 0.01 0.01
0 0.540308 0.858930 0.01 0.01
0 0.502587 0.856577 0.01 0.01
0 0.555529 0.844812 0.01 0.01
0 0.545602 0.834224 0.01 0.01
0 0.552881 0.829518 0.01 0.01
0 0.533028 0.822459 0.01 0.01
0 0.572073 0.828341 0.01 0.01
0 0.570749 0.814224 0.01 0.01
0 0.568102 0.804812 0.01 0.01
0 0.577367 0.837753 0.01 0.01
0 0.580014 0.804812 0.01 0.01
0 0.574720 0.783636 0.01 0.01
0 0.593249 0.794224 0.01 0.01
0 0.591926 0.803636 0.01 0.01
0 0.598543 0.820106 0.01 0.01
0 0.606484 0.810694 0.01 0.01
0 0.610455 0.800106 0.01 0.01
0 0.636926 0.820106 0.01 0.01
0 0.643543 0.824812 0.01 0.01
0 0.621705 0.801283 0.01 0.01
0 0.617734 0.795400 0.01 0.01
0 0.624352 0.775400 0.01 0.01
0 0.625676 0.782459 0.01 0.01
0 0.634940 0.780106 0.01 0.01
0 0.628323 0.728342 0.01 0.01
0 0.618396 0.754224 0.01 0.01
0 0.607808 0.744812 0.01 0.01
0 0.609131 0.758930 0.01 0.01
0 0.544940 0.768341 0.01 0.01
0 0.546926 0.769518 0.01 0.01
0 0.516484 0.804812 0.01 0.01
0 0.509867 0.811871 0.01 0.01
0 0.496631 0.815400 0.01 0.01
0 0.494646 0.796577 0.01 0.01
0 0.504573 0.790694 0.01 0.01
0 0.511852 0.777753 0.01 0.01
0 0.511190 0.761283 0.01 0.01
0 0.524426 0.761283 0.01 0.01
0 0.513176 0.730694 0.01 0.01
0 0.501264 0.741283 0.01 0.01
0 0.492661 0.773047 0.01 0.01
0 0.488690 0.755400 0.01 0.01
0 0.486705 0.738930 0.01 0.01
0 0.486043 0.784812 0.01 0.01
0 0.472808 0.768341 0.01 0.01
0 0.466852 0.767165 0.01 0.01
0 0.448984 0.769518 0.01 0.01
0 0.462220 0.755400 0.01 0.01
0 0.462220 0.745989 0.01 0.01
0 0.462881 0.731871 0.01 0.01
0 0.472808 0.713047 0.01 0.01
0 0.454278 0.731871 0.01 0.01
0 0.463543 0.701283 0.01 0.01
0 0.467514 0.697753 0.01 0.01
0 0.463543 0.657753 0.01 0.01
0 0.458249 0.635400 0.01 0.01
0 0.450970 0.627165 0.01 0.01
0 0.445014 0.611871 0.01 0.01
0 0.470161 0.638930 0.01 0.01
0 0.478102 0.629518 0.01 0.01
0 0.480087 0.624812 0.01 0.01
0 0.486043 0.620106 0.01 0.01
0 0.478764 0.653047 0.01 0.01
0 0.494646 0.668342 0.01 0.01
0 0.503911 0.663636 0.01 0.01
0 0.484720 0.678930 0.01 0.01
0 0.489352 0.685989 0.01 0.01
0 0.517808 0.662459 0.01 0.01
0 0.520455 0.650694 0.01 0.01
0 0.529058 0.641283 0.01 0.01
0 0.523102 0.678930 0.01 0.01
0 0.542293 0.683636 0.01 0.01
0 0.542955 0.684812 0.01 0.01
0 0.537661 0.649518 0.01 0.01
0 0.515161 0.627165 0.01 0.01
0 0.505896 0.607165 0.01 0.01
0 0.497293 0.618930 0.01 0.01
0 0.525087 0.717753 0.01 0.01
0 0.549573 0.733047 0.01 0.01
0 0.543617 0.702459 0.01 0.01
0 0.551558 0.704812 0.01 0.01
0 0.558837 0.685989 0.01 0.01
0 0.568102 0.718930 0.01 0.01
0 0.578690 0.735400 0.01 0.01
0 0.585308 0.722459 0.01 0.01
0 0.587293 0.708342 0.01 0.01
0 0.592587 0.720106 0.01 0.01
0 0.585308 0.762459 0.01 0.01
0 0.615749 0.720106 0.01 0.01
0 0.618396 0.715400 0.01 0.01
0 0.624352 0.715400 0.01 0.01
0 0.626999 0.709518 0.01 0.01
0 0.630970 0.697753 0.01 0.01
0 0.632955 0.711871 0.01 0.01
0 0.638249 0.722459 0.01 0.01
0 0.642881 0.733047 0.01 0.01
0 0.648176 0.747165 0.01 0.01
0 0.655455 0.756577 0.01 0.01
0 0.658764 0.763636 0.01 0.01
0 0.658102 0.740106 0.01 0.01
0 0.662734 0.718930 0.01 0.01
0 0.669352 0.707165 0.01 0.01
0 0.661411 0.705989 0.01 0.01
0 0.644205 0.718930 0.01 0.01
0 0.644205 0.708342 0.01 0.01
0 0.641558 0.704812 0.01 0.01
0 0.639573 0.689518 0.01 0.01
0 0.669352 0.690694 0.01 0.01
0 0.668690 0.676577 0.01 0.01
0 0.662073 0.681283 0.01 0.01
0 0.661411 0.655400 0.01 0.01
0 0.648176 0.673047 0.01 0.01
0 0.647514 0.668342 0.01 0.01
0 0.651484 0.684812 0.01 0.01
0 0.641558 0.642459 0.01 0.01
0 0.641558 0.662459 0.01 0.01
0 0.592587 0.636577 0.01 0.01
0 0.588617 0.684812 0.01 0.01
0 0.582661 0.681283 0.01 0.01
0 0.572734 0.761283 0.01 0.01
0 0.493984 0.915400 0.01 0.01
0 0.454278 0.900106 0.01 0.01
0 0.418543 0.871871 0.01 0.01
0 0.558837 0.882459 0.01 0.01
0 0.546264 0.878930 0.01 0.01
0 0.619058 0.642459 0.01 0.01
0 0.621705 0.630694 0.01 0.01
0 0.619720 0.628341 0.01 0.01
0 0.641558 0.590694 0.01 0.01
0 0.660749 0.591871 0.01 0.01
0 0.669352 0.627165 0.01 0.01
0 0.679940 0.635400 0.01 0.01
0 0.687220 0.638930 0.01 0.01
0 0.683249 0.613047 0.01 0.01
0 0.673323 0.588342 0.01 0.01
0 0.688543 0.568341 0.01 0.01
0 0.687220 0.576577 0.01 0.01
0 0.695823 0.576577 0.01 0.01
0 0.690529 0.594224 0.01 0.01
0 0.715014 0.590694 0.01 0.01
0 0.709720 0.622459 0.01 0.01
0 0.733543 0.557753 0.01 0.01
0 0.754720 0.600106 0.01 0.01
0 0.742808 0.625989 0.01 0.01
0 0.759352 0.620106 0.01 0.01
0 0.716999 0.497753 0.01 0.01
0 0.711043 0.511871 0.01 0.01
0 0.702440 0.536577 0.01 0.01
0 0.688543 0.551871 0.01 0.01
0 0.697146 0.547165 0.01 0.01
0 0.572073 0.629518 0.01 0.01
0 0.564793 0.622459 0.01 0.01
0 0.580676 0.623636 0.01 0.01
0 0.598543 0.601283 0.01 0.01
0 0.655455 0.561283 0.01 0.01
0 0.621705 0.608342 0.01 0.01
0 0.675308 0.528342 0.01 0.01
0 0.693837 0.513047 0.01 0.01
0 0.698470 0.493047 0.01 0.01
0 0.677955 0.489518 0.01 0.01
0 0.662734 0.493047 0.01 0.01
0 0.655455 0.477753 0.01 0.01
0 0.652146 0.493047 0.01 0.01
0 0.640896 0.514224 0.01 0.01
0 0.619058 0.502459 0.01 0.01
0 0.612440 0.516577 0.01 0.01
0 0.586631 0.570694 0.01 0.01
0 0.594573 0.578930 0.01 0.01
0 0.591926 0.551871 0.01 0.01
0 0.574720 0.460106 0.01 0.01
0 0.608470 0.442459 0.01 0.01
0 0.620381 0.441283 0.01 0.01
0 0.627661 0.447165 0.01 0.01
0 0.651484 0.431871 0.01 0.01
0 0.656779 0.416577 0.01 0.01
0 0.613764 0.477753 0.01 0.01
0 0.597881 0.488342 0.01 0.01
0 0.595896 0.500106 0.01 0.01
0 0.664720 0.543636 0.01 0.01
0 0.683911 0.658930 0.01 0.01
0 0.631631 0.740106 0.01 0.01
0 0.677955 0.394224 0.01 0.01
0 0.671337 0.422459 0.01 0.01
0 0.686558 0.437753 0.01 0.01
0 0.693176 0.455400 0.01 0.01
0 0.684573 0.396577 0.01 0.01
0 0.701117 0.401283 0.01 0.01
0 0.711705 0.378930 0.01 0.01
0 0.722955 0.381283 0.01 0.01
0 0.735528 0.387165 0.01 0.01
0 0.646190 0.377753 0.01 0.01
0 0.638249 0.369518 0.01 0.01
0 0.643543 0.343636 0.01 0.01
0 0.637587 0.328342 0.01 0.01
0 0.650161 0.342459 0.01 0.01
0 0.652146 0.351871 0.01 0.01
0 0.661411 0.348341 0.01 0.01
0 0.664058 0.358930 0.01 0.01
0 0.671999 0.367165 0.01 0.01
0 0.564793 0.582459 0.01 0.01
0 0.572734 0.564812 0.01 0.01
0 0.571411 0.541283 0.01 0.01
0 0.560823 0.553047 0.01 0.01
0 0.556852 0.547165 0.01 0.01
0 0.553543 0.527165 0.01 0.01
0 0.552881 0.525989 0.01 0.01
0 0.540970 0.513047 0.01 0.01
0 0.522440 0.504812 0.01 0.01
0 0.534352 0.495400 0.01 0.01
0 0.540970 0.598930 0.01 0.01
0 0.443690 0.553047 0.01 0.01
0 0.435749 0.556577 0.01 0.01
0 0.437073 0.580106 0.01 0.01
0 0.418543 0.573047 0.01 0.01
0 0.452955 0.557753 0.01 0.01
0 0.457587 0.561283 0.01 0.01
0 0.441043 0.508341 0.01 0.01
0 0.447661 0.515400 0.01 0.01
0 0.439720 0.520106 0.01 0.01
0 0.446999 0.529518 0.01 0.01
0 0.415896 0.531871 0.01 0.01
0 0.418543 0.501283 0.01 0.01
0 0.495308 0.568341 0.01 0.01
0 0.484720 0.508341 0.01 0.01
0 0.482073 0.485989 0.01 0.01
0 0.521117 0.460106 0.01 0.01
0 0.535676 0.458930 0.01 0.01
0 0.505234 0.465989 0.01 0.01
0 0.454278 0.457753 0.01 0.01
0 0.469499 0.442459 0.01 0.01
0 0.406631 0.443636 0.01 0.01
0 0.427808 0.430694 0.01 0.01
0 0.416558 0.367165 0.01 0.01
0 0.407955 0.364812 0.01 0.01
0 0.383470 0.423636 0.01 0.01
0 0.448323 0.390694 0.01 0.01
0 0.464205 0.378930 0.01 0.01
0 0.472146 0.353047 0.01 0.01
0 0.479426 0.368341 0.01 0.01
0 0.491337 0.368341 0.01 0.01
0 0.517146 0.427165 0.01 0.01
0 0.450308 0.487165 0.01 0.01
0 0.511190 0.341283 0.01 0.01
0 0.532367 0.389518 0.01 0.01
0 0.538984 0.395400 0.01 0.01
0 0.560161 0.354224 0.01 0.01
0 0.568102 0.344812 0.01 0.01
0 0.574058 0.354224 0.01 0.01
0 0.590602 0.410694 0.01 0.01
0 0.483396 0.310694 0.01 0.01
0 0.460896 0.297753 0.01 0.01
0 0.446337 0.323636 0.01 0.01
0 0.531043 0.602459 0.01 0.01
0 0.641558 0.862459 0.01 0.01
0 0.662734 0.891871 0.01 0.01
0 0.716999 0.856577 0.01 0.01
0 0.716999 0.856577 0.01 0.01
0 0.697146 0.818930 0.01 0.01
0 0.711043 0.800106 0.01 0.01
0 0.746117 0.815400 0.01 0.01
0 0.747440 0.727165 0.01 0.01
0 0.759352 0.740106 0.01 0.01
0 0.781190 0.717753 0.01 0.01
0 0.693837 0.188341 0.01 0.01
0 0.691190 0.180106 0.01 0.01
0 0.679940 0.168342 0.01 0.01
0 0.673984 0.158930 0.01 0.01
0 0.689205 0.122459 0.01 0.01
0 0.660749 0.123636 0.01 0.01
0 0.646852 0.077753 0.01 0.01
0 0.595234 0.078930 0.01 0.01
0 0.619058 0.188341 0.01 0.01
0 0.576705 0.157753 0.01 0.01
0 0.575381 0.178930 0.01 0.01
0 0.599205 0.195400 0.01 0.01
0 0.592587 0.208342 0.01 0.01
0 0.619720 0.243636 0.01 0.01
0 0.604499 0.263636 0.01 0.01
0 0.615087 0.265989 0.01 0.01
0 0.620381 0.267165 0.01 0.01
0 0.620381 0.274224 0.01 0.01
0 0.614426 0.281283 0.01 0.01
0 0.621043 0.300106 0.01 0.01
0 0.628984 0.290694 0.01 0.01
0 0.632293 0.295400 0.01 0.01
0 0.627661 0.307165 0.01 0.01
0 0.639573 0.303636 0.01 0.01
0 0.590602 0.303636 0.01 0.01
0 0.600529 0.278930 0.01 0.01
0 0.596558 0.261283 0.01 0.01
0 0.596558 0.245989 0.01 0.01
0 0.560161 0.269518 0.01 0.01
0 0.558176 0.309518 0.01 0.01
0 0.576705 0.244812 0.01 0.01
0 0.564131 0.233047 0.01 0.01
0 0.552220 0.222459 0.01 0.01
0 0.509867 0.036577 0.01 0.01
0 0.548911 0.051871 0.01 0.01
0 0.527073 0.075400 0.01 0.01
0 0.450970 0.065989 0.01 0.01
0 0.453617 0.070694 0.01 0.01
0 0.458249 0.076577 0.01 0.01
0 0.456926 0.085989 0.01 0.01
0 0.455602 0.102459 0.01 0.01
0 0.458249 0.110694 0.01 0.01
0 0.493323 0.050694 0.01 0.01
0 0.484720 0.130694 0.01 0.01
0 0.438396 0.143636 0.01 0.01
0 0.434426 0.142459 0.01 0.01
0 0.445676 0.093047 0.01 0.01
0 0.480087 0.185989 0.01 0.01
0 0.496631 0.203636 0.01 0.01
0 0.526411 0.221283 0.01 0.01
0 0.506558 0.225989 0.01 0.01
0 0.507881 0.245989 0.01 0.01
0 0.493323 0.267165 0.01 0.01
0 0.465528 0.257753 0.01 0.01
0 0.461558 0.242459 0.01 0.01
0 0.483396 0.229518 0.01 0.01
0 0.490676 0.225989 0.01 0.01
0 0.457587 0.203636 0.01 0.01
0 0.457587 0.254224 0.01 0.01
0 0.447661 0.254224 0.01 0.01
0 0.428470 0.281283 0.01 0.01
0 0.423176 0.304812 0.01 0.01
0 0.409940 0.291871 0.01 0.01
0 0.422514 0.330694 0.01 0.01
0 0.405308 0.153047 0.01 0.01
0 0.403323 0.191871 0.01 0.01
0 0.391411 0.234224 0.01 0.01
0 0.417881 0.240106 0.01 0.01
0 0.372220 0.160106 0.01 0.01
0 0.382146 0.169518 0.01 0.01
0 0.375528 0.210694 0.01 0.01
0 0.357661 0.158930 0.01 0.01
0 0.344426 0.173047 0.01 0.01
0 0.353028 0.173047 0.01 0.01
0 0.345749 0.201283 0.01 0.01
0 0.319940 0.240106 0.01 0.01
0 0.311337 0.257753 0.01 0.01
0 0.340455 0.256577 0.01 0.01
0 0.333176 0.276577 0.01 0.01
0 0.355014 0.288341 0.01 0.01
0 0.353028 0.304812 0.01 0.01
0 0.343764 0.302459 0.01 0.01
0 0.335823 0.308342 0.01 0.01
0 0.295455 0.288341 0.01 0.01
0 0.283543 0.333047 0.01 0.01
0 0.317293 0.351871 0.01 0.01
0 0.344426 0.373047 0.01 0.01
0 0.325234 0.395400 0.01 0.01
0 0.297440 0.371871 0.01 0.01
0 0.277587 0.363636 0.01 0.01
0 0.287514 0.388342 0.01 0.01
0 0.268323 0.401283 0.01 0.01
0 0.280234 0.378930 0.01 0.01
0 0.268984 0.423636 0.01 0.01
0 0.287514 0.453047 0.01 0.01
0 0.278249 0.474224 0.01 0.01
0 0.287514 0.478930 0.01 0.01
0 0.294793 0.482459 0.01 0.01
0 0.315970 0.540106 0.01 0.01
0 0.316631 0.551871 0.01 0.01
0 0.293470 0.553047 0.01 0.01
0 0.280896 0.548342 0.01 0.01
0 0.279573 0.523636 0.01 0.01
0 0.306705 0.447165 0.01 0.01
0 0.284205 0.436577 0.01 0.01
0 0.273617 0.491871 0.01 0.01
0 0.271631 0.513047 0.01 0.01
0 0.259058 0.521283 0.01 0.01
0 0.266999 0.575400 0.01 0.01
0 0.267661 0.613047 0.01 0.01
0 0.286190 0.593047 0.01 0.01
0 0.289499 0.636577 0.01 0.01
0 0.273617 0.650694 0.01 0.01
0 0.279573 0.683636 0.01 0.01
0 0.306043 0.688341 0.01 0.01
0 0.290161 0.724812 0.01 0.01
0 0.296117 0.741283 0.01 0.01
0 0.319940 0.775400 0.01 0.01
0 0.317293 0.798930 0.01 0.01
0 0.335161 0.823636 0.01 0.01
0 0.339793 0.835400 0.01 0.01
0 0.390749 0.875400 0.01 0.01
0 0.383470 0.893047 0.01 0.01
0 0.390749 0.885989 0.01 0.01
0 0.381484 0.883636 0.01 0.01
0 0.429131 0.917753 0.01 0.01
0 0.424499 0.935400 0.01 0.01
0 0.439058 0.917753 0.01 0.01
0 0.607146 0.145989 0.01 0.01
0 0.432440 0.681283 0.01 0.01
0 0.495970 0.694224 0.01 0.01
0 0.515161 0.583636 0.01 0.01
