0 0.786719 0.483333 0.01 0.01
0 0.795313 0.491667 0.01 0.01
0 0.791406 0.380556 0.01 0.01
0 0.775781 0.363889 0.01 0.01
0 0.751562 0.365278 0.01 0.01
0 0.730469 0.386111 0.01 0.01
0 0.722656 0.384722 0.01 0.01
0 0.711719 0.370833 0.01 0.01
0 0.627344 0.304167 0.01 0.01
0 0.622656 0.300000 0.01 0.01
0 0.614062 0.284722 0.01 0.01
0 0.617969 0.280556 0.01 0.01
0 0.626562 0.284722 0.01 0.01
0 0.626562 0.277778 0.01 0.01
0 0.639844 0.306944 0.01 0.01
0 0.630469 0.294444 0.01 0.01
0 0.603125 0.280556 0.01 0.01
0 0.608594 0.266667 0.01 0.01
0 0.692969 0.176389 0.01 0.01
0 0.692187 0.190278 0.01 0.01
0 0.680469 0.165278 0.01 0.01
0 0.675781 0.158333 0.01 0.01
0 0.678906 0.133333 0.01 0.01
0 0.689062 0.125000 0.01 0.01
0 0.743750 0.308333 0.01 0.01
0 0.764063 0.327778 0.01 0.01
0 0.774219 0.304167 0.01 0.01
0 0.758594 0.276389 0.01 0.01
0 0.660937 0.122222 0.01 0.01
0 0.642969 0.083333 0.01 0.01
0 0.594531 0.081944 0.01 0.01
0 0.602344 0.147222 0.01 0.01
0 0.626562 0.195833 0.01 0.01
0 0.622656 0.256944 0.01 0.01
0 0.600000 0.188889 0.01 0.01
0 0.593750 0.215278 0.01 0.01
0 0.592969 0.256944 0.01 0.01
0 0.585938 0.255556 0.01 0.01
0 0.576563 0.247222 0.01 0.01
0 0.575000 0.181944 0.01 0.01
0 0.575781 0.165278 0.01 0.01
0 0.564062 0.236111 0.01 0.01
0 0.558594 0.230556 0.01 0.01
0 0.530469 0.126389 0.01 0.01
0 0.524219 0.073611 0.01 0.01
0 0.546094 0.048611 0.01 0.01
0 0.511719 0.072222 0.01 0.01
0 0.490625 0.051389 0.01 0.01
0 0.459375 0.083333 0.01 0.01
0 0.453125 0.077778 0.01 0.01
0 0.456250 0.079167 0.01 0.01
0 0.442969 0.102778 0.01 0.01
0 0.458594 0.104167 0.01 0.01
0 0.457812 0.118056 0.01 0.01
0 0.483594 0.130556 0.01 0.01
0 0.599219 0.818056 0.01 0.01
0 0.604688 0.813889 0.01 0.01
0 0.612500 0.800000 0.01 0.01
0 0.617969 0.793056 0.01 0.01
0 0.617188 0.808333 0.01 0.01
0 0.625000 0.787500 0.01 0.01
0 0.619531 0.773611 0.01 0.01
0 0.629687 0.783333 0.01 0.01
0 0.633594 0.772222 0.01 0.01
0 0.653125 0.756944 0.01 0.01
0 0.663281 0.748611 0.01 0.01
0 0.663281 0.719444 0.01 0.01
0 0.669531 0.705556 0.01 0.01
0 0.669531 0.688889 0.01 0.01
0 0.668750 0.669444 0.01 0.01
0 0.664062 0.683333 0.01 0.01
0 0.659375 0.705556 0.01 0.01
0 0.648438 0.745833 0.01 0.01
0 0.684375 0.665278 0.01 0.01
0 0.679688 0.637500 0.01 0.01
0 0.688281 0.634722 0.01 0.01
0 0.682031 0.615278 0.01 0.01
0 0.692187 0.598611 0.01 0.01
0 0.697656 0.575000 0.01 0.01
0 0.700000 0.548611 0.01 0.01
0 0.683594 0.575000 0.01 0.01
0 0.689844 0.577778 0.01 0.01
0 0.675000 0.590278 0.01 0.01
0 0.661719 0.600000 0.01 0.01
0 0.668750 0.634722 0.01 0.01
0 0.660156 0.655556 0.01 0.01
0 0.660937 0.663889 0.01 0.01
0 0.647656 0.661111 0.01 0.01
0 0.645312 0.663889 0.01 0.01
0 0.638281 0.693056 0.01 0.01
0 0.646875 0.686111 0.01 0.01
0 0.642187 0.698611 0.01 0.01
0 0.648438 0.708333 0.01 0.01
0 0.642187 0.709722 0.01 0.01
0 0.639063 0.723611 0.01 0.01
0 0.642187 0.729167 0.01 0.01
0 0.634375 0.715278 0.01 0.01
0 0.628125 0.700000 0.01 0.01
0 0.624219 0.715278 0.01 0.01
0 0.617969 0.713889 0.01 0.01
0 0.615625 0.718056 0.01 0.01
0 0.629687 0.736111 0.01 0.01
0 0.627344 0.752778 0.01 0.01
0 0.618750 0.751389 0.01 0.01
0 0.605469 0.758333 0.01 0.01
0 0.608594 0.748611 0.01 0.01
0 0.639844 0.818056 0.01 0.01
0 0.642969 0.811111 0.01 0.01
0 0.645312 0.825000 0.01 0.01
0 0.638281 0.862500 0.01 0.01
0 0.651563 0.902778 0.01 0.01
0 0.697656 0.820833 0.01 0.01
0 0.717188 0.858333 0.01 0.01
0 0.714063 0.802778 0.01 0.01
0 0.744531 0.818056 0.01 0.01
0 0.760938 0.622222 0.01 0.01
0 0.773438 0.580556 0.01 0.01
0 0.793750 0.584722 0.01 0.01
0 0.807813 0.544444 0.01 0.01
0 0.806250 0.506944 0.01 0.01
0 0.782031 0.722222 0.01 0.01
0 0.758594 0.740278 0.01 0.01
0 0.743750 0.730556 0.01 0.01
0 0.739844 0.631944 0.01 0.01
0 0.754687 0.598611 0.01 0.01
0 0.731250 0.559722 0.01 0.01
0 0.715625 0.591667 0.01 0.01
0 0.708594 0.623611 0.01 0.01
0 0.714063 0.498611 0.01 0.01
0 0.728906 0.437500 0.01 0.01
0 0.708594 0.472222 0.01 0.01
0 0.697656 0.491667 0.01 0.01
0 0.685938 0.515278 0.01 0.01
0 0.674219 0.493056 0.01 0.01
0 0.674219 0.525000 0.01 0.01
0 0.639844 0.327778 0.01 0.01
0 0.641558 0.345989 0.01 0.01
0 0.649499 0.343636 0.01 0.01
0 0.652808 0.351871 0.01 0.01
0 0.662073 0.349518 0.01 0.01
0 0.665381 0.360106 0.01 0.01
0 0.670014 0.364812 0.01 0.01
0 0.678617 0.394224 0.01 0.01
0 0.686558 0.395400 0.01 0.01
0 0.701117 0.401283 0.01 0.01
0 0.673984 0.420106 0.01 0.01
0 0.689867 0.441283 0.01 0.01
0 0.694499 0.461283 0.01 0.01
0 0.657440 0.480106 0.01 0.01
0 0.652808 0.493047 0.01 0.01
0 0.654131 0.433047 0.01 0.01
0 0.644867 0.378930 0.01 0.01
0 0.629646 0.447165 0.01 0.01
0 0.621705 0.444812 0.01 0.01
0 0.607146 0.442459 0.01 0.01
0 0.615087 0.478930 0.01 0.01
0 0.622367 0.498930 0.01 0.01
0 0.660749 0.491871 0.01 0.01
0 0.642220 0.514224 0.01 0.01
0 0.607146 0.518930 0.01 0.01
0 0.597220 0.487165 0.01 0.01
0 0.578029 0.461283 0.01 0.01
0 0.666043 0.541283 0.01 0.01
0 0.691852 0.551871 0.01 0.01
0 0.656779 0.557753 0.01 0.01
0 0.596558 0.395400 0.01 0.01
0 0.591264 0.302459 0.01 0.01
0 0.575381 0.351871 0.01 0.01
0 0.566778 0.353047 0.01 0.01
0 0.559499 0.351871 0.01 0.01
0 0.559499 0.308342 0.01 0.01
0 0.564131 0.270694 0.01 0.01
0 0.533690 0.390694 0.01 0.01
0 0.539646 0.407165 0.01 0.01
0 0.535014 0.334224 0.01 0.01
0 0.529720 0.221283 0.01 0.01
0 0.511190 0.343636 0.01 0.01
0 0.508543 0.244812 0.01 0.01
0 0.501926 0.236577 0.01 0.01
0 0.500602 0.256577 0.01 0.01
0 0.493323 0.268342 0.01 0.01
0 0.493323 0.198930 0.01 0.01
0 0.488028 0.228342 0.01 0.01
0 0.484720 0.224812 0.01 0.01
0 0.485381 0.182459 0.01 0.01
0 0.511852 0.035400 0.01 0.01
0 0.433102 0.148342 0.01 0.01
0 0.400014 0.156577 0.01 0.01
0 0.374205 0.160106 0.01 0.01
0 0.385455 0.170694 0.01 0.01
0 0.361631 0.162459 0.01 0.01
0 0.346411 0.174224 0.01 0.01
0 0.356337 0.180106 0.01 0.01
0 0.344426 0.204812 0.01 0.01
0 0.319278 0.241283 0.01 0.01
0 0.337146 0.250694 0.01 0.01
0 0.403323 0.190694 0.01 0.01
0 0.397367 0.229518 0.01 0.01
0 0.454278 0.210694 0.01 0.01
0 0.467514 0.214224 0.01 0.01
0 0.462881 0.245989 0.01 0.01
0 0.445676 0.242459 0.01 0.01
0 0.456926 0.254224 0.01 0.01
0 0.448323 0.257753 0.01 0.01
0 0.352367 0.290694 0.01 0.01
0 0.355014 0.305989 0.01 0.01
0 0.339131 0.301283 0.01 0.01
0 0.331190 0.276577 0.01 0.01
0 0.319278 0.261283 0.01 0.01
0 0.296117 0.291871 0.01 0.01
0 0.288176 0.334224 0.01 0.01
0 0.316631 0.353047 0.01 0.01
0 0.277587 0.362459 0.01 0.01
0 0.298102 0.382459 0.01 0.01
0 0.289499 0.378930 0.01 0.01
0 0.270308 0.400106 0.01 0.01
0 0.273617 0.421283 0.01 0.01
0 0.382808 0.318930 0.01 0.01
0 0.400014 0.317753 0.01 0.01
0 0.419867 0.296577 0.01 0.01
0 0.426484 0.277753 0.01 0.01
0 0.462220 0.294224 0.01 0.01
0 0.486043 0.313047 0.01 0.01
0 0.448323 0.320106 0.01 0.01
0 0.476117 0.353047 0.01 0.01
0 0.482073 0.371871 0.01 0.01
0 0.464867 0.387165 0.01 0.01
0 0.447661 0.389518 0.01 0.01
0 0.484720 0.400106 0.01 0.01
0 0.490676 0.367165 0.01 0.01
0 0.424499 0.328342 0.01 0.01
0 0.413911 0.368341 0.01 0.01
0 0.406631 0.367165 0.01 0.01
0 0.405970 0.342459 0.01 0.01
0 0.392734 0.329518 0.01 0.01
0 0.392073 0.344812 0.01 0.01
0 0.384131 0.350694 0.01 0.01
0 0.378176 0.362459 0.01 0.01
0 0.366926 0.361283 0.01 0.01
0 0.383470 0.385989 0.01 0.01
0 0.372881 0.375400 0.01 0.01
0 0.374205 0.385989 0.01 0.01
0 0.374205 0.389518 0.01 0.01
0 0.364278 0.401283 0.01 0.01
0 0.371558 0.404812 0.01 0.01
0 0.366264 0.381283 0.01 0.01
0 0.380823 0.425989 0.01 0.01
0 0.366264 0.429518 0.01 0.01
0 0.355676 0.409518 0.01 0.01
0 0.325896 0.422459 0.01 0.01
0 0.341117 0.369518 0.01 0.01
0 0.335823 0.320106 0.01 0.01
0 0.345749 0.437753 0.01 0.01
0 0.346411 0.428342 0.01 0.01
0 0.358323 0.442459 0.01 0.01
0 0.354352 0.442459 0.01 0.01
0 0.352367 0.451871 0.01 0.01
0 0.363617 0.455400 0.01 0.01
0 0.365602 0.465989 0.01 0.01
0 0.363617 0.478930 0.01 0.01
0 0.360970 0.483636 0.01 0.01
0 0.351705 0.481283 0.01 0.01
0 0.347734 0.484812 0.01 0.01
0 0.341117 0.483636 0.01 0.01
0 0.355014 0.469518 0.01 0.01
0 0.346411 0.505989 0.01 0.01
0 0.344426 0.522459 0.01 0.01
0 0.364278 0.504812 0.01 0.01
0 0.362293 0.514224 0.01 0.01
0 0.356337 0.511871 0.01 0.01
0 0.348396 0.545989 0.01 0.01
0 0.369573 0.540106 0.01 0.01
0 0.378837 0.545989 0.01 0.01
0 0.365602 0.527165 0.01 0.01
0 0.358323 0.533047 0.01 0.01
0 0.337808 0.600106 0.01 0.01
0 0.343102 0.581283 0.01 0.01
0 0.344426 0.598930 0.01 0.01
0 0.350381 0.580106 0.01 0.01
0 0.351705 0.597753 0.01 0.01
0 0.367587 0.591871 0.01 0.01
0 0.359646 0.587165 0.01 0.01
0 0.365602 0.580106 0.01 0.01
0 0.362955 0.603636 0.01 0.01
0 0.355676 0.611871 0.01 0.01
0 0.358323 0.628341 0.01 0.01
0 0.354352 0.635400 0.01 0.01
0 0.362293 0.644812 0.01 0.01
0 0.372220 0.641283 0.01 0.01
0 0.378176 0.664812 0.01 0.01
0 0.372881 0.670694 0.01 0.01
0 0.394720 0.583636 0.01 0.01
0 0.388764 0.581283 0.01 0.01
0 0.407293 0.438930 0.01 0.01
0 0.429131 0.433047 0.01 0.01
0 0.411926 0.245989 0.01 0.01
0 0.374867 0.233047 0.01 0.01
0 0.376852 0.213047 0.01 0.01
0 0.377514 0.200106 0.01 0.01
0 0.306705 0.444812 0.01 0.01
0 0.283543 0.441283 0.01 0.01
0 0.290161 0.456577 0.01 0.01
0 0.278249 0.475400 0.01 0.01
0 0.277587 0.494224 0.01 0.01
0 0.274940 0.513047 0.01 0.01
0 0.260381 0.517753 0.01 0.01
0 0.284205 0.495400 0.01 0.01
0 0.296117 0.491871 0.01 0.01
0 0.281558 0.524812 0.01 0.01
0 0.280234 0.549518 0.01 0.01
0 0.316631 0.529518 0.01 0.01
0 0.317293 0.551871 0.01 0.01
0 0.294131 0.571871 0.01 0.01
0 0.267661 0.581283 0.01 0.01
0 0.291484 0.623636 0.01 0.01
0 0.269646 0.613047 0.01 0.01
0 0.274278 0.650694 0.01 0.01
0 0.280896 0.680106 0.01 0.01
0 0.291484 0.718930 0.01 0.01
0 0.298764 0.743636 0.01 0.01
0 0.319278 0.780106 0.01 0.01
0 0.319278 0.797753 0.01 0.01
0 0.345087 0.750694 0.01 0.01
0 0.326558 0.720106 0.01 0.01
0 0.339131 0.663636 0.01 0.01
0 0.304720 0.691871 0.01 0.01
0 0.364278 0.693047 0.01 0.01
0 0.357661 0.701283 0.01 0.01
0 0.379499 0.693047 0.01 0.01
0 0.383470 0.681283 0.01 0.01
0 0.387440 0.696577 0.01 0.01
0 0.388764 0.741283 0.01 0.01
0 0.393396 0.744812 0.01 0.01
0 0.288837 0.595400 0.01 0.01
0 0.334499 0.825989 0.01 0.01
0 0.342440 0.835400 0.01 0.01
0 0.382808 0.894224 0.01 0.01
0 0.392734 0.893047 0.01 0.01
0 0.403984 0.895400 0.01 0.01
0 0.428470 0.914224 0.01 0.01
0 0.427146 0.918930 0.01 0.01
0 0.434426 0.911871 0.01 0.01
0 0.460234 0.898930 0.01 0.01
0 0.495308 0.920106 0.01 0.01
0 0.446999 0.954224 0.01 0.01
0 0.456926 0.968341 0.01 0.01
0 0.522440 0.980106 0.01 0.01
0 0.616411 0.961283 0.01 0.01
0 0.662073 0.929518 0.01 0.01
0 0.560823 0.957753 0.01 0.01
0 0.564793 0.933047 0.01 0.01
0 0.560161 0.891871 0.01 0.01
0 0.522440 0.902459 0.01 0.01
0 0.554205 0.871871 0.01 0.01
0 0.540970 0.862459 0.01 0.01
0 0.570087 0.833047 0.01 0.01
0 0.558837 0.849518 0.01 0.01
0 0.554867 0.844812 0.01 0.01
0 0.546264 0.850694 0.01 0.01
0 0.542293 0.842459 0.01 0.01
0 0.536337 0.845989 0.01 0.01
0 0.529058 0.845989 0.01 0.01
0 0.554205 0.829518 0.01 0.01
0 0.546264 0.834224 0.01 0.01
0 0.531705 0.821283 0.01 0.01
0 0.561484 0.825989 0.01 0.01
0 0.570087 0.816577 0.01 0.01
0 0.566117 0.803636 0.01 0.01
0 0.580676 0.807165 0.01 0.01
0 0.576043 0.782459 0.01 0.01
0 0.596558 0.796577 0.01 0.01
0 0.589279 0.794224 0.01 0.01
0 0.592587 0.805989 0.01 0.01
0 0.592587 0.780106 0.01 0.01
0 0.589279 0.758930 0.01 0.01
0 0.583984 0.765989 0.01 0.01
0 0.575381 0.763636 0.01 0.01
0 0.578029 0.740106 0.01 0.01
0 0.591926 0.724812 0.01 0.01
0 0.584646 0.721283 0.01 0.01
0 0.587293 0.703636 0.01 0.01
0 0.591264 0.684812 0.01 0.01
0 0.581337 0.680106 0.01 0.01
0 0.640896 0.644812 0.01 0.01
0 0.643543 0.590694 0.01 0.01
0 0.625014 0.616577 0.01 0.01
0 0.621705 0.630694 0.01 0.01
0 0.619058 0.637753 0.01 0.01
0 0.595896 0.642459 0.01 0.01
0 0.572734 0.631871 0.01 0.01
0 0.565455 0.624812 0.01 0.01
0 0.581999 0.624812 0.01 0.01
0 0.598543 0.595400 0.01 0.01
0 0.595896 0.580106 0.01 0.01
0 0.588617 0.574224 0.01 0.01
0 0.592587 0.548342 0.01 0.01
0 0.563470 0.581283 0.01 0.01
0 0.574058 0.567165 0.01 0.01
0 0.560161 0.547165 0.01 0.01
0 0.571411 0.536577 0.01 0.01
0 0.552220 0.528342 0.01 0.01
0 0.552220 0.523636 0.01 0.01
0 0.540308 0.511871 0.01 0.01
0 0.524426 0.503636 0.01 0.01
0 0.541631 0.493047 0.01 0.01
0 0.536337 0.454224 0.01 0.01
0 0.533690 0.461283 0.01 0.01
0 0.522440 0.462459 0.01 0.01
0 0.514499 0.421283 0.01 0.01
0 0.505234 0.467165 0.01 0.01
0 0.494646 0.471871 0.01 0.01
0 0.484720 0.495400 0.01 0.01
0 0.486705 0.515400 0.01 0.01
0 0.482073 0.437753 0.01 0.01
0 0.468176 0.442459 0.01 0.01
0 0.456926 0.455400 0.01 0.01
0 0.416558 0.493047 0.01 0.01
0 0.454278 0.487165 0.01 0.01
0 0.439720 0.505989 0.01 0.01
0 0.446999 0.517753 0.01 0.01
0 0.439058 0.518930 0.01 0.01
0 0.449646 0.530694 0.01 0.01
0 0.416558 0.534224 0.01 0.01
0 0.444352 0.550694 0.01 0.01
0 0.437073 0.581283 0.01 0.01
0 0.457587 0.569518 0.01 0.01
0 0.420529 0.576577 0.01 0.01
0 0.453617 0.558930 0.01 0.01
0 0.446999 0.864812 0.01 0.01
0 0.429131 0.831871 0.01 0.01
0 0.443690 0.837753 0.01 0.01
0 0.509867 0.844812 0.01 0.01
0 0.495970 0.843636 0.01 0.01
0 0.490676 0.842459 0.01 0.01
0 0.483396 0.841283 0.01 0.01
0 0.475455 0.831871 0.01 0.01
0 0.472808 0.834224 0.01 0.01
0 0.465528 0.831871 0.01 0.01
0 0.464867 0.823636 0.01 0.01
0 0.452955 0.830694 0.01 0.01
0 0.438396 0.795400 0.01 0.01
0 0.443029 0.803636 0.01 0.01
0 0.435087 0.801283 0.01 0.01
0 0.448323 0.810694 0.01 0.01
0 0.457587 0.814224 0.01 0.01
0 0.460896 0.805989 0.01 0.01
0 0.468837 0.808341 0.01 0.01
0 0.472808 0.808341 0.01 0.01
0 0.474131 0.793047 0.01 0.01
0 0.495308 0.817753 0.01 0.01
0 0.491999 0.798930 0.01 0.01
0 0.509205 0.814224 0.01 0.01
0 0.513837 0.808341 0.01 0.01
0 0.505234 0.789518 0.01 0.01
0 0.511190 0.773047 0.01 0.01
0 0.508543 0.763636 0.01 0.01
0 0.505234 0.743636 0.01 0.01
0 0.513176 0.731871 0.01 0.01
0 0.525087 0.760106 0.01 0.01
0 0.527073 0.728342 0.01 0.01
0 0.548249 0.765989 0.01 0.01
0 0.545602 0.770694 0.01 0.01
0 0.549573 0.738930 0.01 0.01
0 0.544279 0.728342 0.01 0.01
0 0.567440 0.718930 0.01 0.01
0 0.554205 0.704812 0.01 0.01
0 0.544279 0.700106 0.01 0.01
0 0.542955 0.683636 0.01 0.01
0 0.560161 0.685989 0.01 0.01
0 0.552881 0.683636 0.01 0.01
0 0.523764 0.681283 0.01 0.01
0 0.539646 0.649518 0.01 0.01
0 0.525087 0.638930 0.01 0.01
0 0.538984 0.601283 0.01 0.01
0 0.526411 0.604812 0.01 0.01
0 0.493323 0.582459 0.01 0.01
0 0.507881 0.608342 0.01 0.01
0 0.513176 0.625989 0.01 0.01
0 0.505234 0.671871 0.01 0.01
0 0.493984 0.664812 0.01 0.01
0 0.498617 0.690694 0.01 0.01
0 0.490014 0.688341 0.01 0.01
0 0.485381 0.681283 0.01 0.01
0 0.462881 0.660106 0.01 0.01
0 0.498617 0.624812 0.01 0.01
0 0.489352 0.621283 0.01 0.01
0 0.479426 0.623636 0.01 0.01
0 0.479426 0.633047 0.01 0.01
0 0.481411 0.640106 0.01 0.01
0 0.466190 0.643636 0.01 0.01
0 0.480087 0.651871 0.01 0.01
0 0.488690 0.650694 0.01 0.01
0 0.449646 0.613047 0.01 0.01
0 0.451631 0.629518 0.01 0.01
0 0.466852 0.698930 0.01 0.01
0 0.473470 0.718930 0.01 0.01
0 0.464205 0.728342 0.01 0.01
0 0.485381 0.734224 0.01 0.01
0 0.486705 0.753047 0.01 0.01
0 0.491999 0.768341 0.01 0.01
0 0.480087 0.771871 0.01 0.01
0 0.471484 0.773047 0.01 0.01
0 0.466190 0.769518 0.01 0.01
0 0.459573 0.760106 0.01 0.01
0 0.459573 0.743636 0.01 0.01
0 0.445676 0.773047 0.01 0.01
0 0.437734 0.773047 0.01 0.01
0 0.412587 0.751871 0.01 0.01
0 0.419867 0.756577 0.01 0.01
0 0.429131 0.744812 0.01 0.01
0 0.412587 0.788342 0.01 0.01
0 0.386117 0.801283 0.01 0.01
0 0.374867 0.778930 0.01 0.01
0 0.379499 0.767165 0.01 0.01
0 0.385455 0.720106 0.01 0.01
0 0.406631 0.713047 0.01 0.01
0 0.403323 0.736577 0.01 0.01
0 0.419205 0.730694 0.01 0.01
0 0.431778 0.711871 0.01 0.01
0 0.413911 0.710694 0.01 0.01
0 0.421190 0.700106 0.01 0.01
0 0.431117 0.689518 0.01 0.01
0 0.394058 0.693047 0.01 0.01
0 0.397367 0.701283 0.01 0.01
0 0.426484 0.788342 0.01 0.01
0 0.398690 0.762459 0.01 0.01
0 0.513837 0.581283 0.01 0.01
0 0.386779 0.611871 0.01 0.01
