0 0.462500 0.097222 0.01 0.01
0 0.462500 0.106944 0.01 0.01
0 0.450000 0.072222 0.01 0.01
0 0.459375 0.062500 0.01 0.01
0 0.449219 0.090278 0.01 0.01
0 0.446094 0.109722 0.01 0.01
0 0.445312 0.143056 0.01 0.01
0 0.431250 0.134722 0.01 0.01
0 0.411719 0.150000 0.01 0.01
0 0.383594 0.165278 0.01 0.01
0 0.379687 0.165278 0.01 0.01
0 0.362500 0.161111 0.01 0.01
0 0.350000 0.168056 0.01 0.01
0 0.343750 0.176389 0.01 0.01
0 0.348437 0.183333 0.01 0.01
0 0.324219 0.245833 0.01 0.01
0 0.308594 0.252778 0.01 0.01
0 0.332031 0.254167 0.01 0.01
0 0.340625 0.240278 0.01 0.01
0 0.391406 0.238889 0.01 0.01
0 0.400000 0.191667 0.01 0.01
0 0.380469 0.227778 0.01 0.01
0 0.367969 0.218056 0.01 0.01
0 0.378125 0.208333 0.01 0.01
0 0.353125 0.280556 0.01 0.01
0 0.357812 0.295833 0.01 0.01
0 0.352344 0.295833 0.01 0.01
0 0.342187 0.298611 0.01 0.01
0 0.297656 0.287500 0.01 0.01
0 0.285156 0.334722 0.01 0.01
0 0.294531 0.341667 0.01 0.01
0 0.282031 0.377778 0.01 0.01
0 0.275000 0.379167 0.01 0.01
0 0.282813 0.402778 0.01 0.01
0 0.271094 0.398611 0.01 0.01
0 0.286719 0.413889 0.01 0.01
0 0.267188 0.426389 0.01 0.01
0 0.286719 0.437500 0.01 0.01
0 0.289844 0.448611 0.01 0.01
0 0.306250 0.447222 0.01 0.01
0 0.296094 0.477778 0.01 0.01
0 0.274219 0.473611 0.01 0.01
0 0.272656 0.498611 0.01 0.01
0 0.267188 0.515278 0.01 0.01
0 0.259375 0.525000 0.01 0.01
0 0.280469 0.525000 0.01 0.01
0 0.294531 0.520833 0.01 0.01
0 0.277344 0.558333 0.01 0.01
0 0.264062 0.579167 0.01 0.01
0 0.267188 0.609722 0.01 0.01
0 0.283594 0.586111 0.01 0.01
0 0.309375 0.565278 0.01 0.01
0 0.319531 0.551389 0.01 0.01
0 0.318750 0.359722 0.01 0.01
0 0.331250 0.355556 0.01 0.01
0 0.345313 0.370833 0.01 0.01
0 0.374219 0.377778 0.01 0.01
0 0.369531 0.388889 0.01 0.01
0 0.375781 0.390278 0.01 0.01
0 0.363281 0.400000 0.01 0.01
0 0.371875 0.408333 0.01 0.01
0 0.383594 0.390278 0.01 0.01
0 0.361719 0.415278 0.01 0.01
0 0.360156 0.423611 0.01 0.01
0 0.365625 0.426389 0.01 0.01
0 0.347656 0.441667 0.01 0.01
0 0.346875 0.441667 0.01 0.01
0 0.357031 0.440278 0.01 0.01
0 0.354688 0.454167 0.01 0.01
0 0.362293 0.457753 0.01 0.01
0 0.367587 0.461283 0.01 0.01
0 0.348396 0.477753 0.01 0.01
0 0.355014 0.476577 0.01 0.01
0 0.353028 0.468341 0.01 0.01
0 0.360308 0.470694 0.01 0.01
0 0.364940 0.476577 0.01 0.01
0 0.364940 0.482459 0.01 0.01
0 0.366926 0.503636 0.01 0.01
0 0.362955 0.516577 0.01 0.01
0 0.358323 0.505989 0.01 0.01
0 0.353690 0.495400 0.01 0.01
0 0.349058 0.494224 0.01 0.01
0 0.348396 0.510694 0.01 0.01
0 0.351043 0.523636 0.01 0.01
0 0.358323 0.530694 0.01 0.01
0 0.351043 0.537753 0.01 0.01
0 0.341778 0.568341 0.01 0.01
0 0.368249 0.543636 0.01 0.01
0 0.364278 0.567165 0.01 0.01
0 0.368911 0.578930 0.01 0.01
0 0.359646 0.587165 0.01 0.01
0 0.366926 0.590694 0.01 0.01
0 0.348396 0.580106 0.01 0.01
0 0.353690 0.595400 0.01 0.01
0 0.351705 0.597753 0.01 0.01
0 0.360970 0.607165 0.01 0.01
0 0.353028 0.610694 0.01 0.01
0 0.353028 0.617753 0.01 0.01
0 0.361631 0.623636 0.01 0.01
0 0.332514 0.580106 0.01 0.01
0 0.360308 0.650694 0.01 0.01
0 0.357661 0.657753 0.01 0.01
0 0.406631 0.445989 0.01 0.01
0 0.384793 0.581283 0.01 0.01
0 0.392073 0.577753 0.01 0.01
0 0.372220 0.650694 0.01 0.01
0 0.376852 0.665989 0.01 0.01
0 0.370234 0.673047 0.01 0.01
0 0.358323 0.682459 0.01 0.01
0 0.349720 0.688341 0.01 0.01
0 0.417220 0.535400 0.01 0.01
0 0.417881 0.507165 0.01 0.01
0 0.275602 0.650694 0.01 0.01
0 0.295455 0.667165 0.01 0.01
0 0.280234 0.685989 0.01 0.01
0 0.306705 0.690694 0.01 0.01
0 0.318617 0.698930 0.01 0.01
0 0.296779 0.744812 0.01 0.01
0 0.294131 0.729518 0.01 0.01
0 0.322587 0.767165 0.01 0.01
0 0.356999 0.373047 0.01 0.01
0 0.370234 0.330694 0.01 0.01
0 0.380823 0.321283 0.01 0.01
0 0.388764 0.313047 0.01 0.01
0 0.402661 0.317753 0.01 0.01
0 0.393396 0.334224 0.01 0.01
0 0.382146 0.353047 0.01 0.01
0 0.378837 0.367165 0.01 0.01
0 0.405970 0.341283 0.01 0.01
0 0.411926 0.337753 0.01 0.01
0 0.406631 0.368341 0.01 0.01
0 0.414573 0.367165 0.01 0.01
0 0.412587 0.293047 0.01 0.01
0 0.418543 0.288341 0.01 0.01
0 0.428470 0.277753 0.01 0.01
0 0.425161 0.228342 0.01 0.01
0 0.445014 0.248342 0.01 0.01
0 0.448984 0.257753 0.01 0.01
0 0.455602 0.254224 0.01 0.01
0 0.486043 0.228342 0.01 0.01
0 0.493984 0.228342 0.01 0.01
0 0.460896 0.293047 0.01 0.01
0 0.448984 0.321283 0.01 0.01
0 0.483396 0.309518 0.01 0.01
0 0.494646 0.269518 0.01 0.01
0 0.509867 0.247165 0.01 0.01
0 0.466190 0.197753 0.01 0.01
0 0.476117 0.178930 0.01 0.01
0 0.523764 0.222459 0.01 0.01
0 0.517808 0.224812 0.01 0.01
0 0.505234 0.037753 0.01 0.01
0 0.531705 0.076577 0.01 0.01
0 0.547587 0.061283 0.01 0.01
0 0.495308 0.056577 0.01 0.01
0 0.485381 0.130694 0.01 0.01
0 0.503911 0.201283 0.01 0.01
0 0.523102 0.114224 0.01 0.01
0 0.424499 0.327165 0.01 0.01
0 0.483396 0.253047 0.01 0.01
0 0.426484 0.425989 0.01 0.01
0 0.476117 0.355400 0.01 0.01
0 0.478764 0.371871 0.01 0.01
0 0.468176 0.371871 0.01 0.01
0 0.455602 0.455400 0.01 0.01
0 0.452293 0.484812 0.01 0.01
0 0.470161 0.436577 0.01 0.01
0 0.486705 0.401283 0.01 0.01
0 0.448984 0.395400 0.01 0.01
0 0.378837 0.541283 0.01 0.01
0 0.441043 0.508341 0.01 0.01
0 0.445014 0.520106 0.01 0.01
0 0.440381 0.520106 0.01 0.01
0 0.450970 0.533047 0.01 0.01
0 0.441705 0.554224 0.01 0.01
0 0.445014 0.554224 0.01 0.01
0 0.437734 0.554224 0.01 0.01
0 0.466190 0.551871 0.01 0.01
0 0.422514 0.576577 0.01 0.01
0 0.437073 0.585989 0.01 0.01
0 0.454278 0.560106 0.01 0.01
0 0.445014 0.608342 0.01 0.01
0 0.386779 0.615400 0.01 0.01
0 0.480087 0.487165 0.01 0.01
0 0.485381 0.515400 0.01 0.01
0 0.511190 0.344812 0.01 0.01
0 0.514499 0.422459 0.01 0.01
0 0.533690 0.391871 0.01 0.01
0 0.538984 0.374224 0.01 0.01
0 0.558837 0.355400 0.01 0.01
0 0.569426 0.341283 0.01 0.01
0 0.572734 0.349518 0.01 0.01
0 0.560823 0.308342 0.01 0.01
0 0.560823 0.271871 0.01 0.01
0 0.549573 0.217753 0.01 0.01
0 0.566117 0.235400 0.01 0.01
0 0.574058 0.241283 0.01 0.01
0 0.575381 0.180106 0.01 0.01
0 0.577367 0.156577 0.01 0.01
0 0.592587 0.084812 0.01 0.01
0 0.609131 0.145989 0.01 0.01
0 0.613102 0.183636 0.01 0.01
0 0.599205 0.197753 0.01 0.01
0 0.593911 0.208342 0.01 0.01
0 0.616411 0.242459 0.01 0.01
0 0.610455 0.253047 0.01 0.01
0 0.612440 0.262459 0.01 0.01
0 0.595896 0.256577 0.01 0.01
0 0.601190 0.275400 0.01 0.01
0 0.592587 0.304812 0.01 0.01
0 0.614426 0.283636 0.01 0.01
0 0.619720 0.278930 0.01 0.01
0 0.625676 0.283636 0.01 0.01
0 0.629646 0.321283 0.01 0.01
0 0.630308 0.310694 0.01 0.01
0 0.634278 0.301283 0.01 0.01
0 0.641558 0.307165 0.01 0.01
0 0.646852 0.283636 0.01 0.01
0 0.641558 0.329518 0.01 0.01
0 0.642881 0.341283 0.01 0.01
0 0.646190 0.371871 0.01 0.01
0 0.650161 0.341283 0.01 0.01
0 0.654131 0.351871 0.01 0.01
0 0.665381 0.361283 0.01 0.01
0 0.673984 0.369518 0.01 0.01
0 0.683911 0.395400 0.01 0.01
0 0.679940 0.395400 0.01 0.01
0 0.658102 0.415400 0.01 0.01
0 0.673984 0.422459 0.01 0.01
0 0.690529 0.435400 0.01 0.01
0 0.691852 0.457753 0.01 0.01
0 0.697808 0.495400 0.01 0.01
0 0.695161 0.513047 0.01 0.01
0 0.703102 0.521283 0.01 0.01
0 0.673984 0.488342 0.01 0.01
0 0.662734 0.496577 0.01 0.01
0 0.652808 0.490694 0.01 0.01
0 0.623028 0.502459 0.01 0.01
0 0.630970 0.444812 0.01 0.01
0 0.610455 0.451871 0.01 0.01
0 0.642220 0.522459 0.01 0.01
0 0.600529 0.494224 0.01 0.01
0 0.597881 0.503636 0.01 0.01
0 0.614426 0.508341 0.01 0.01
0 0.617073 0.477753 0.01 0.01
0 0.583984 0.435400 0.01 0.01
0 0.581337 0.461283 0.01 0.01
0 0.539646 0.467165 0.01 0.01
0 0.531705 0.464812 0.01 0.01
0 0.523102 0.460106 0.01 0.01
0 0.525087 0.507165 0.01 0.01
0 0.533690 0.491871 0.01 0.01
0 0.551558 0.528342 0.01 0.01
0 0.554867 0.538930 0.01 0.01
0 0.558837 0.549518 0.01 0.01
0 0.570749 0.541283 0.01 0.01
0 0.593911 0.548342 0.01 0.01
0 0.505896 0.464812 0.01 0.01
0 0.644867 0.083636 0.01 0.01
0 0.661411 0.127165 0.01 0.01
0 0.668690 0.162459 0.01 0.01
0 0.676631 0.174224 0.01 0.01
0 0.687881 0.183636 0.01 0.01
0 0.695823 0.193047 0.01 0.01
0 0.677293 0.134224 0.01 0.01
0 0.691852 0.122459 0.01 0.01
0 0.676631 0.542459 0.01 0.01
0 0.693837 0.544812 0.01 0.01
0 0.685234 0.574224 0.01 0.01
0 0.688543 0.577753 0.01 0.01
0 0.697146 0.571871 0.01 0.01
0 0.667367 0.540106 0.01 0.01
0 0.587955 0.569518 0.01 0.01
0 0.590602 0.578930 0.01 0.01
0 0.656117 0.561283 0.01 0.01
0 0.598543 0.600106 0.01 0.01
0 0.617073 0.598930 0.01 0.01
0 0.640234 0.598930 0.01 0.01
0 0.662734 0.597753 0.01 0.01
0 0.673323 0.591871 0.01 0.01
0 0.693837 0.595400 0.01 0.01
0 0.683249 0.611871 0.01 0.01
0 0.688543 0.641283 0.01 0.01
0 0.679940 0.637753 0.01 0.01
0 0.668690 0.631871 0.01 0.01
0 0.687881 0.662459 0.01 0.01
0 0.668690 0.681283 0.01 0.01
0 0.664058 0.681283 0.01 0.01
0 0.669352 0.695400 0.01 0.01
0 0.664058 0.654224 0.01 0.01
0 0.652808 0.663636 0.01 0.01
0 0.650161 0.673047 0.01 0.01
0 0.640896 0.664812 0.01 0.01
0 0.642881 0.644812 0.01 0.01
0 0.619058 0.640106 0.01 0.01
0 0.593911 0.642459 0.01 0.01
0 0.584646 0.618930 0.01 0.01
0 0.570749 0.565989 0.01 0.01
0 0.562146 0.583636 0.01 0.01
0 0.562808 0.610694 0.01 0.01
0 0.562146 0.624812 0.01 0.01
0 0.573396 0.630694 0.01 0.01
0 0.538323 0.603636 0.01 0.01
0 0.509205 0.605989 0.01 0.01
0 0.502587 0.609518 0.01 0.01
0 0.513176 0.589518 0.01 0.01
0 0.488690 0.624812 0.01 0.01
0 0.481411 0.627165 0.01 0.01
0 0.478764 0.635400 0.01 0.01
0 0.448984 0.624812 0.01 0.01
0 0.457587 0.634224 0.01 0.01
0 0.471484 0.640106 0.01 0.01
0 0.460234 0.665989 0.01 0.01
0 0.479426 0.653047 0.01 0.01
0 0.491999 0.663636 0.01 0.01
0 0.501926 0.662459 0.01 0.01
0 0.510528 0.642459 0.01 0.01
0 0.513837 0.631871 0.01 0.01
0 0.529058 0.638930 0.01 0.01
0 0.520455 0.643636 0.01 0.01
0 0.540308 0.651871 0.01 0.01
0 0.515161 0.660106 0.01 0.01
0 0.516484 0.667165 0.01 0.01
0 0.464867 0.700106 0.01 0.01
0 0.484058 0.681283 0.01 0.01
0 0.489352 0.687165 0.01 0.01
0 0.494646 0.695400 0.01 0.01
0 0.491999 0.702459 0.01 0.01
0 0.406631 0.657753 0.01 0.01
0 0.417220 0.683636 0.01 0.01
0 0.433102 0.713047 0.01 0.01
0 0.415234 0.704812 0.01 0.01
0 0.378837 0.694224 0.01 0.01
0 0.390087 0.701283 0.01 0.01
0 0.397367 0.700106 0.01 0.01
0 0.405308 0.713047 0.01 0.01
0 0.401999 0.733047 0.01 0.01
0 0.419867 0.730694 0.01 0.01
0 0.362955 0.713047 0.01 0.01
0 0.380161 0.725989 0.01 0.01
0 0.386117 0.718930 0.01 0.01
0 0.320602 0.791871 0.01 0.01
0 0.345087 0.763636 0.01 0.01
0 0.335823 0.820106 0.01 0.01
0 0.335823 0.822459 0.01 0.01
0 0.359646 0.845989 0.01 0.01
0 0.362955 0.741283 0.01 0.01
0 0.377514 0.756577 0.01 0.01
0 0.381484 0.780106 0.01 0.01
0 0.387440 0.796577 0.01 0.01
0 0.404646 0.782459 0.01 0.01
0 0.409940 0.753047 0.01 0.01
0 0.427808 0.744812 0.01 0.01
0 0.421190 0.756577 0.01 0.01
0 0.413911 0.784812 0.01 0.01
0 0.427808 0.790694 0.01 0.01
0 0.433102 0.796577 0.01 0.01
0 0.434426 0.808341 0.01 0.01
0 0.437073 0.778930 0.01 0.01
0 0.443029 0.804812 0.01 0.01
0 0.443029 0.813047 0.01 0.01
0 0.437073 0.822459 0.01 0.01
0 0.456926 0.835400 0.01 0.01
0 0.454940 0.824812 0.01 0.01
0 0.450308 0.805989 0.01 0.01
0 0.463543 0.809518 0.01 0.01
0 0.464867 0.821283 0.01 0.01
0 0.443690 0.840106 0.01 0.01
0 0.400676 0.862459 0.01 0.01
0 0.395381 0.887165 0.01 0.01
0 0.386779 0.893047 0.01 0.01
0 0.380823 0.891871 0.01 0.01
0 0.381484 0.903636 0.01 0.01
0 0.471484 0.838930 0.01 0.01
0 0.478102 0.833047 0.01 0.01
0 0.476117 0.820106 0.01 0.01
0 0.472146 0.814224 0.01 0.01
0 0.471484 0.804812 0.01 0.01
0 0.475455 0.770694 0.01 0.01
0 0.470823 0.768341 0.01 0.01
0 0.464205 0.761283 0.01 0.01
0 0.455602 0.749518 0.01 0.01
0 0.464867 0.745989 0.01 0.01
0 0.465528 0.728342 0.01 0.01
0 0.489352 0.753047 0.01 0.01
0 0.486705 0.801283 0.01 0.01
0 0.495970 0.797753 0.01 0.01
0 0.495308 0.815400 0.01 0.01
0 0.483396 0.840106 0.01 0.01
0 0.490014 0.851871 0.01 0.01
0 0.497955 0.841283 0.01 0.01
0 0.509867 0.844812 0.01 0.01
0 0.530381 0.838930 0.01 0.01
0 0.530381 0.845989 0.01 0.01
0 0.533028 0.851871 0.01 0.01
0 0.523102 0.898930 0.01 0.01
0 0.508543 0.923636 0.01 0.01
0 0.493323 0.923636 0.01 0.01
0 0.454940 0.909518 0.01 0.01
0 0.441043 0.929518 0.01 0.01
0 0.429793 0.933047 0.01 0.01
0 0.423837 0.930694 0.01 0.01
0 0.513837 0.971871 0.01 0.01
0 0.566778 0.950694 0.01 0.01
0 0.556190 0.938930 0.01 0.01
0 0.562146 0.871871 0.01 0.01
0 0.534352 0.885989 0.01 0.01
0 0.501926 0.874224 0.01 0.01
0 0.540308 0.860106 0.01 0.01
0 0.544940 0.849518 0.01 0.01
0 0.555529 0.855400 0.01 0.01
0 0.546264 0.828341 0.01 0.01
0 0.557514 0.837753 0.01 0.01
0 0.557514 0.831871 0.01 0.01
0 0.535014 0.822459 0.01 0.01
0 0.516484 0.808341 0.01 0.01
0 0.510528 0.814224 0.01 0.01
0 0.505896 0.788342 0.01 0.01
0 0.513837 0.775400 0.01 0.01
0 0.516484 0.763636 0.01 0.01
0 0.511190 0.755400 0.01 0.01
0 0.513176 0.734224 0.01 0.01
0 0.526411 0.761283 0.01 0.01
0 0.541631 0.743636 0.01 0.01
0 0.544940 0.773047 0.01 0.01
0 0.563470 0.810694 0.01 0.01
0 0.564793 0.824812 0.01 0.01
0 0.571411 0.809518 0.01 0.01
0 0.573396 0.831871 0.01 0.01
0 0.578029 0.787165 0.01 0.01
0 0.581999 0.801283 0.01 0.01
0 0.593249 0.828341 0.01 0.01
0 0.625014 0.837753 0.01 0.01
0 0.644867 0.869518 0.01 0.01
0 0.614426 0.955400 0.01 0.01
0 0.652808 0.938930 0.01 0.01
0 0.669352 0.882459 0.01 0.01
0 0.610455 0.810694 0.01 0.01
0 0.610455 0.798930 0.01 0.01
0 0.619058 0.797753 0.01 0.01
0 0.643543 0.823636 0.01 0.01
0 0.641558 0.808341 0.01 0.01
0 0.656117 0.785989 0.01 0.01
0 0.637587 0.781283 0.01 0.01
0 0.634940 0.781283 0.01 0.01
0 0.627661 0.787165 0.01 0.01
0 0.620381 0.777753 0.01 0.01
0 0.662073 0.751871 0.01 0.01
0 0.664720 0.734224 0.01 0.01
0 0.664058 0.723636 0.01 0.01
0 0.664720 0.715400 0.01 0.01
0 0.660749 0.707165 0.01 0.01
0 0.641558 0.688341 0.01 0.01
0 0.640896 0.704812 0.01 0.01
0 0.645528 0.710694 0.01 0.01
0 0.644205 0.724812 0.01 0.01
0 0.615749 0.714224 0.01 0.01
0 0.628323 0.704812 0.01 0.01
0 0.625014 0.720106 0.01 0.01
0 0.632955 0.738930 0.01 0.01
0 0.632955 0.757753 0.01 0.01
0 0.606484 0.742459 0.01 0.01
0 0.607808 0.767165 0.01 0.01
0 0.613764 0.753047 0.01 0.01
0 0.634278 0.716577 0.01 0.01
0 0.649499 0.747165 0.01 0.01
0 0.583984 0.683636 0.01 0.01
0 0.536999 0.685989 0.01 0.01
0 0.546264 0.682459 0.01 0.01
0 0.558837 0.683636 0.01 0.01
0 0.544940 0.700106 0.01 0.01
0 0.552220 0.707165 0.01 0.01
0 0.570749 0.720106 0.01 0.01
0 0.580676 0.740106 0.01 0.01
0 0.585308 0.760106 0.01 0.01
0 0.585308 0.760106 0.01 0.01
0 0.587955 0.801283 0.01 0.01
0 0.593911 0.797753 0.01 0.01
0 0.592587 0.805989 0.01 0.01
0 0.596558 0.778930 0.01 0.01
0 0.573396 0.764812 0.01 0.01
0 0.593911 0.722459 0.01 0.01
0 0.584646 0.721283 0.01 0.01
0 0.585970 0.711871 0.01 0.01
0 0.523102 0.680106 0.01 0.01
0 0.473470 0.717753 0.01 0.01
0 0.540970 0.511871 0.01 0.01
0 0.713029 0.854224 0.01 0.01
0 0.713029 0.854224 0.01 0.01
0 0.697808 0.816577 0.01 0.01
0 0.715014 0.794224 0.01 0.01
0 0.761999 0.742459 0.01 0.01
0 0.783837 0.716577 0.01 0.01
0 0.711043 0.620106 0.01 0.01
0 0.714352 0.591871 0.01 0.01
0 0.713029 0.570694 0.01 0.01
0 0.763323 0.628341 0.01 0.01
0 0.802367 0.550694 0.01 0.01
0 0.808984 0.531871 0.01 0.01
0 0.805676 0.515400 0.01 0.01
0 0.796411 0.491871 0.01 0.01
0 0.783837 0.457753 0.01 0.01
0 0.768617 0.582459 0.01 0.01
0 0.750749 0.601283 0.01 0.01
0 0.717661 0.497753 0.01 0.01
0 0.729573 0.430694 0.01 0.01
0 0.700455 0.394224 0.01 0.01
0 0.709720 0.394224 0.01 0.01
0 0.728249 0.387165 0.01 0.01
0 0.754058 0.358930 0.01 0.01
0 0.753396 0.309518 0.01 0.01
0 0.754720 0.267165 0.01 0.01
0 0.768617 0.336577 0.01 0.01
0 0.774573 0.314224 0.01 0.01
0 0.785161 0.354224 0.01 0.01
0 0.776558 0.365989 0.01 0.01
0 0.795087 0.389518 0.01 0.01
0 0.742808 0.397753 0.01 0.01
0 0.482073 0.204812 0.01 0.01
0 0.466190 0.249518 0.01 0.01
0 0.537661 0.334224 0.01 0.01
0 0.495308 0.363636 0.01 0.01
0 0.500602 0.549518 0.01 0.01
0 0.527073 0.733047 0.01 0.01
0 0.493984 0.774224 0.01 0.01
0 0.728249 0.564812 0.01 0.01
0 0.750087 0.735400 0.01 0.01
0 0.384131 0.422459 0.01 0.01
0 0.499278 0.975400 0.01 0.01
0 0.527734 0.601283 0.01 0.01
0 0.742808 0.824812 0.01 0.01
