0 0.398690 0.316577 0.01 0.01
0 0.390087 0.313047 0.01 0.01
0 0.378176 0.321283 0.01 0.01
0 0.377514 0.334224 0.01 0.01
0 0.384131 0.347165 0.01 0.01
0 0.379499 0.362459 0.01 0.01
0 0.362293 0.365989 0.01 0.01
0 0.372881 0.375400 0.01 0.01
0 0.368249 0.385989 0.01 0.01
0 0.374867 0.387165 0.01 0.01
0 0.365602 0.400106 0.01 0.01
0 0.372220 0.405989 0.01 0.01
0 0.385455 0.385989 0.01 0.01
0 0.394720 0.330694 0.01 0.01
0 0.358323 0.421283 0.01 0.01
0 0.362955 0.411871 0.01 0.01
0 0.368249 0.423636 0.01 0.01
0 0.347073 0.442459 0.01 0.01
0 0.352367 0.433047 0.01 0.01
0 0.357661 0.440106 0.01 0.01
0 0.355014 0.445989 0.01 0.01
0 0.354352 0.458930 0.01 0.01
0 0.353690 0.474224 0.01 0.01
0 0.349720 0.482459 0.01 0.01
0 0.342440 0.484812 0.01 0.01
0 0.352367 0.495400 0.01 0.01
0 0.345087 0.503636 0.01 0.01
0 0.364278 0.461283 0.01 0.01
0 0.360308 0.475400 0.01 0.01
0 0.363617 0.477753 0.01 0.01
0 0.366926 0.482459 0.01 0.01
0 0.365602 0.503636 0.01 0.01
0 0.362955 0.514224 0.01 0.01
0 0.359646 0.510694 0.01 0.01
0 0.349058 0.522459 0.01 0.01
0 0.349720 0.534224 0.01 0.01
0 0.347734 0.550694 0.01 0.01
0 0.358984 0.530694 0.01 0.01
0 0.358984 0.530694 0.01 0.01
0 0.370896 0.543636 0.01 0.01
0 0.380823 0.538930 0.01 0.01
0 0.366926 0.525989 0.01 0.01
0 0.370896 0.558930 0.01 0.01
0 0.363617 0.564812 0.01 0.01
0 0.367587 0.580106 0.01 0.01
0 0.368249 0.593047 0.01 0.01
0 0.362293 0.588342 0.01 0.01
0 0.351043 0.580106 0.01 0.01
0 0.332514 0.582459 0.01 0.01
0 0.347073 0.598930 0.01 0.01
0 0.350381 0.594224 0.01 0.01
0 0.362955 0.602459 0.01 0.01
0 0.359646 0.610694 0.01 0.01
0 0.353028 0.613047 0.01 0.01
0 0.358984 0.625989 0.01 0.01
0 0.356337 0.636577 0.01 0.01
0 0.356999 0.650694 0.01 0.01
0 0.363617 0.642459 0.01 0.01
0 0.372220 0.645989 0.01 0.01
0 0.378176 0.663636 0.01 0.01
0 0.360970 0.673047 0.01 0.01
0 0.365602 0.691871 0.01 0.01
0 0.351705 0.693047 0.01 0.01
0 0.378176 0.695400 0.01 0.01
0 0.387440 0.698930 0.01 0.01
0 0.394720 0.694224 0.01 0.01
0 0.401337 0.702459 0.01 0.01
0 0.388764 0.720106 0.01 0.01
0 0.384793 0.725989 0.01 0.01
0 0.376190 0.728342 0.01 0.01
0 0.405970 0.661283 0.01 0.01
0 0.399352 0.574224 0.01 0.01
0 0.394720 0.578930 0.01 0.01
0 0.389426 0.578930 0.01 0.01
0 0.345087 0.755400 0.01 0.01
0 0.366926 0.754224 0.01 0.01
0 0.385455 0.781283 0.01 0.01
0 0.392734 0.802459 0.01 0.01
0 0.393396 0.775400 0.01 0.01
0 0.395381 0.760106 0.01 0.01
0 0.375528 0.861283 0.01 0.01
0 0.384131 0.878930 0.01 0.01
0 0.376190 0.889518 0.01 0.01
0 0.384793 0.889518 0.01 0.01
0 0.382808 0.905989 0.01 0.01
0 0.396043 0.884812 0.01 0.01
0 0.413249 0.869518 0.01 0.01
0 0.405308 0.782459 0.01 0.01
0 0.419867 0.794224 0.01 0.01
0 0.427808 0.788342 0.01 0.01
0 0.436411 0.793047 0.01 0.01
0 0.435087 0.804812 0.01 0.01
0 0.433764 0.814224 0.01 0.01
0 0.441705 0.807165 0.01 0.01
0 0.447661 0.801283 0.01 0.01
0 0.446337 0.810694 0.01 0.01
0 0.449646 0.821283 0.01 0.01
0 0.443029 0.837753 0.01 0.01
0 0.458911 0.824812 0.01 0.01
0 0.456264 0.817753 0.01 0.01
0 0.462220 0.811871 0.01 0.01
0 0.469499 0.803636 0.01 0.01
0 0.470161 0.807165 0.01 0.01
0 0.472146 0.820106 0.01 0.01
0 0.474131 0.836577 0.01 0.01
0 0.481411 0.841283 0.01 0.01
0 0.491337 0.847165 0.01 0.01
0 0.495308 0.840106 0.01 0.01
0 0.509205 0.842459 0.01 0.01
0 0.505234 0.855400 0.01 0.01
0 0.502587 0.875400 0.01 0.01
0 0.525749 0.845989 0.01 0.01
0 0.530381 0.844812 0.01 0.01
0 0.535676 0.843636 0.01 0.01
0 0.537661 0.849518 0.01 0.01
0 0.540308 0.854224 0.01 0.01
0 0.548911 0.842459 0.01 0.01
0 0.533690 0.823636 0.01 0.01
0 0.545602 0.830694 0.01 0.01
0 0.556190 0.824812 0.01 0.01
0 0.556852 0.838930 0.01 0.01
0 0.556852 0.845989 0.01 0.01
0 0.565455 0.822459 0.01 0.01
0 0.562808 0.813047 0.01 0.01
0 0.570749 0.813047 0.01 0.01
0 0.568764 0.802459 0.01 0.01
0 0.573396 0.829518 0.01 0.01
0 0.579352 0.837753 0.01 0.01
0 0.583323 0.802459 0.01 0.01
0 0.593249 0.807165 0.01 0.01
0 0.593249 0.798930 0.01 0.01
0 0.574720 0.783636 0.01 0.01
0 0.609793 0.808341 0.01 0.01
0 0.611778 0.798930 0.01 0.01
0 0.626999 0.787165 0.01 0.01
0 0.621043 0.768341 0.01 0.01
0 0.621705 0.796577 0.01 0.01
0 0.634278 0.824812 0.01 0.01
0 0.644867 0.824812 0.01 0.01
0 0.657440 0.770694 0.01 0.01
0 0.635602 0.782459 0.01 0.01
0 0.636264 0.775400 0.01 0.01
0 0.607808 0.760106 0.01 0.01
0 0.610455 0.740106 0.01 0.01
0 0.574720 0.765989 0.01 0.01
0 0.586631 0.760106 0.01 0.01
0 0.616411 0.718930 0.01 0.01
0 0.618396 0.713047 0.01 0.01
0 0.623028 0.713047 0.01 0.01
0 0.626337 0.702459 0.01 0.01
0 0.632293 0.700106 0.01 0.01
0 0.642881 0.689518 0.01 0.01
0 0.640896 0.701283 0.01 0.01
0 0.644867 0.705989 0.01 0.01
0 0.644867 0.711871 0.01 0.01
0 0.644867 0.716577 0.01 0.01
0 0.645528 0.729518 0.01 0.01
0 0.632293 0.740106 0.01 0.01
0 0.650161 0.745989 0.01 0.01
0 0.659426 0.749518 0.01 0.01
0 0.634278 0.715400 0.01 0.01
0 0.663396 0.730694 0.01 0.01
0 0.665381 0.717753 0.01 0.01
0 0.667367 0.713047 0.01 0.01
0 0.660749 0.709518 0.01 0.01
0 0.670014 0.696577 0.01 0.01
0 0.668028 0.677753 0.01 0.01
0 0.662073 0.680106 0.01 0.01
0 0.687220 0.658930 0.01 0.01
0 0.689867 0.640106 0.01 0.01
0 0.681926 0.635400 0.01 0.01
0 0.648837 0.670694 0.01 0.01
0 0.660087 0.650694 0.01 0.01
0 0.669352 0.627165 0.01 0.01
0 0.682587 0.613047 0.01 0.01
0 0.708396 0.618930 0.01 0.01
0 0.712367 0.595400 0.01 0.01
0 0.642881 0.661283 0.01 0.01
0 0.643543 0.595400 0.01 0.01
0 0.623690 0.630694 0.01 0.01
0 0.618396 0.629518 0.01 0.01
0 0.594573 0.640106 0.01 0.01
0 0.582661 0.623636 0.01 0.01
0 0.562146 0.620106 0.01 0.01
0 0.570749 0.624812 0.01 0.01
0 0.540970 0.682459 0.01 0.01
0 0.544940 0.698930 0.01 0.01
0 0.560161 0.680106 0.01 0.01
0 0.556190 0.703636 0.01 0.01
0 0.570087 0.718930 0.01 0.01
0 0.580014 0.734224 0.01 0.01
0 0.585308 0.715400 0.01 0.01
0 0.586631 0.704812 0.01 0.01
0 0.590602 0.717753 0.01 0.01
0 0.546264 0.760106 0.01 0.01
0 0.545602 0.765989 0.01 0.01
0 0.546264 0.734224 0.01 0.01
0 0.528396 0.728342 0.01 0.01
0 0.525749 0.762459 0.01 0.01
0 0.519131 0.758930 0.01 0.01
0 0.513176 0.754224 0.01 0.01
0 0.505234 0.791871 0.01 0.01
0 0.515161 0.807165 0.01 0.01
0 0.509867 0.808341 0.01 0.01
0 0.494646 0.817753 0.01 0.01
0 0.495970 0.795400 0.01 0.01
0 0.495308 0.771871 0.01 0.01
0 0.495308 0.745989 0.01 0.01
0 0.515823 0.736577 0.01 0.01
0 0.511852 0.711871 0.01 0.01
0 0.527073 0.676577 0.01 0.01
0 0.541631 0.649518 0.01 0.01
0 0.528396 0.642459 0.01 0.01
0 0.524426 0.642459 0.01 0.01
0 0.480749 0.677753 0.01 0.01
0 0.490676 0.683636 0.01 0.01
0 0.495308 0.693047 0.01 0.01
0 0.493323 0.670694 0.01 0.01
0 0.500602 0.663636 0.01 0.01
0 0.516484 0.662459 0.01 0.01
0 0.463543 0.725989 0.01 0.01
0 0.465528 0.740106 0.01 0.01
0 0.454278 0.737753 0.01 0.01
0 0.459573 0.753047 0.01 0.01
0 0.466190 0.765989 0.01 0.01
0 0.476117 0.773047 0.01 0.01
0 0.487367 0.787165 0.01 0.01
0 0.488690 0.754224 0.01 0.01
0 0.488028 0.738930 0.01 0.01
0 0.438396 0.776577 0.01 0.01
0 0.422514 0.756577 0.01 0.01
0 0.414573 0.753047 0.01 0.01
0 0.425823 0.745989 0.01 0.01
0 0.420529 0.734224 0.01 0.01
0 0.403984 0.735400 0.01 0.01
0 0.409940 0.714224 0.01 0.01
0 0.416558 0.705989 0.01 0.01
0 0.419867 0.690694 0.01 0.01
0 0.431778 0.708342 0.01 0.01
0 0.431778 0.683636 0.01 0.01
0 0.463543 0.702459 0.01 0.01
0 0.465528 0.661283 0.01 0.01
0 0.460234 0.635400 0.01 0.01
0 0.452955 0.624812 0.01 0.01
0 0.446337 0.615400 0.01 0.01
0 0.470161 0.637753 0.01 0.01
0 0.482734 0.624812 0.01 0.01
0 0.477440 0.630694 0.01 0.01
0 0.480749 0.636577 0.01 0.01
0 0.482073 0.644812 0.01 0.01
0 0.501264 0.615400 0.01 0.01
0 0.507881 0.603636 0.01 0.01
0 0.517808 0.623636 0.01 0.01
0 0.515161 0.584812 0.01 0.01
0 0.530381 0.601283 0.01 0.01
0 0.538984 0.602459 0.01 0.01
0 0.456264 0.901283 0.01 0.01
0 0.440381 0.921283 0.01 0.01
0 0.431117 0.925989 0.01 0.01
0 0.426484 0.934224 0.01 0.01
0 0.518470 0.973047 0.01 0.01
0 0.495970 0.921283 0.01 0.01
0 0.449646 0.953047 0.01 0.01
0 0.458911 0.963636 0.01 0.01
0 0.509205 0.916577 0.01 0.01
0 0.523764 0.897753 0.01 0.01
0 0.536999 0.881283 0.01 0.01
0 0.557514 0.936577 0.01 0.01
0 0.566117 0.953047 0.01 0.01
0 0.564793 0.877753 0.01 0.01
0 0.644867 0.865989 0.01 0.01
0 0.617073 0.961283 0.01 0.01
0 0.659426 0.933047 0.01 0.01
0 0.670014 0.885989 0.01 0.01
0 0.715014 0.856577 0.01 0.01
0 0.715014 0.856577 0.01 0.01
0 0.746117 0.821283 0.01 0.01
0 0.715014 0.798930 0.01 0.01
0 0.699131 0.820106 0.01 0.01
0 0.751411 0.735400 0.01 0.01
0 0.759352 0.737753 0.01 0.01
0 0.785823 0.716577 0.01 0.01
0 0.762661 0.621283 0.01 0.01
0 0.752734 0.597753 0.01 0.01
0 0.768617 0.584812 0.01 0.01
0 0.800381 0.564812 0.01 0.01
0 0.808984 0.536577 0.01 0.01
0 0.808323 0.508341 0.01 0.01
0 0.799720 0.491871 0.01 0.01
0 0.782514 0.464812 0.01 0.01
0 0.692514 0.595400 0.01 0.01
0 0.697808 0.574224 0.01 0.01
0 0.690529 0.577753 0.01 0.01
0 0.685896 0.573047 0.01 0.01
0 0.675308 0.590694 0.01 0.01
0 0.661411 0.597753 0.01 0.01
0 0.647514 0.641283 0.01 0.01
0 0.643543 0.644812 0.01 0.01
0 0.599867 0.602459 0.01 0.01
0 0.593249 0.583636 0.01 0.01
0 0.590602 0.574224 0.01 0.01
0 0.560823 0.555400 0.01 0.01
0 0.556852 0.545989 0.01 0.01
0 0.554867 0.523636 0.01 0.01
0 0.550896 0.530694 0.01 0.01
0 0.572073 0.537753 0.01 0.01
0 0.594573 0.543636 0.01 0.01
0 0.534352 0.496577 0.01 0.01
0 0.525749 0.505989 0.01 0.01
0 0.521778 0.456577 0.01 0.01
0 0.533690 0.464812 0.01 0.01
0 0.463543 0.558930 0.01 0.01
0 0.456264 0.558930 0.01 0.01
0 0.445014 0.551871 0.01 0.01
0 0.439058 0.581283 0.01 0.01
0 0.421852 0.578930 0.01 0.01
0 0.437073 0.553047 0.01 0.01
0 0.417220 0.535400 0.01 0.01
0 0.419205 0.505989 0.01 0.01
0 0.405970 0.440106 0.01 0.01
0 0.446999 0.520106 0.01 0.01
0 0.442367 0.511871 0.01 0.01
0 0.448984 0.533047 0.01 0.01
0 0.451631 0.485989 0.01 0.01
0 0.455602 0.454224 0.01 0.01
0 0.466852 0.442459 0.01 0.01
0 0.482734 0.489518 0.01 0.01
0 0.486705 0.514224 0.01 0.01
0 0.507220 0.463636 0.01 0.01
0 0.485381 0.403636 0.01 0.01
0 0.493984 0.368341 0.01 0.01
0 0.483396 0.367165 0.01 0.01
0 0.475455 0.353047 0.01 0.01
0 0.464205 0.380106 0.01 0.01
0 0.415234 0.368341 0.01 0.01
0 0.403984 0.343636 0.01 0.01
0 0.411264 0.338930 0.01 0.01
0 0.692514 0.550694 0.01 0.01
0 0.713029 0.534224 0.01 0.01
0 0.718984 0.491871 0.01 0.01
0 0.695161 0.495400 0.01 0.01
0 0.694499 0.516577 0.01 0.01
0 0.701779 0.522459 0.01 0.01
0 0.728249 0.561283 0.01 0.01
0 0.656779 0.563636 0.01 0.01
0 0.675308 0.536577 0.01 0.01
0 0.677293 0.485989 0.01 0.01
0 0.662734 0.494224 0.01 0.01
0 0.654131 0.476577 0.01 0.01
0 0.653470 0.494224 0.01 0.01
0 0.640896 0.520106 0.01 0.01
0 0.624352 0.504812 0.01 0.01
0 0.611117 0.516577 0.01 0.01
0 0.595234 0.502459 0.01 0.01
0 0.598543 0.495400 0.01 0.01
0 0.629646 0.448341 0.01 0.01
0 0.622367 0.442459 0.01 0.01
0 0.612440 0.445989 0.01 0.01
0 0.585970 0.420106 0.01 0.01
0 0.576043 0.462459 0.01 0.01
0 0.515823 0.424812 0.01 0.01
0 0.533028 0.390694 0.01 0.01
0 0.538323 0.385989 0.01 0.01
0 0.556852 0.356577 0.01 0.01
0 0.574720 0.355400 0.01 0.01
0 0.574058 0.347165 0.01 0.01
0 0.595896 0.305989 0.01 0.01
0 0.561484 0.275400 0.01 0.01
0 0.510528 0.341283 0.01 0.01
0 0.558837 0.304812 0.01 0.01
0 0.484058 0.314224 0.01 0.01
0 0.448984 0.316577 0.01 0.01
0 0.461558 0.295400 0.01 0.01
0 0.448984 0.393047 0.01 0.01
0 0.426484 0.428342 0.01 0.01
0 0.480749 0.437753 0.01 0.01
0 0.425161 0.325989 0.01 0.01
0 0.421190 0.300106 0.01 0.01
0 0.412587 0.293047 0.01 0.01
0 0.425823 0.282459 0.01 0.01
0 0.448323 0.260106 0.01 0.01
0 0.456926 0.254224 0.01 0.01
0 0.465528 0.247165 0.01 0.01
0 0.477440 0.258930 0.01 0.01
0 0.492661 0.269518 0.01 0.01
0 0.486043 0.229518 0.01 0.01
0 0.490014 0.229518 0.01 0.01
0 0.461558 0.202459 0.01 0.01
0 0.482734 0.205989 0.01 0.01
0 0.503249 0.197753 0.01 0.01
0 0.514499 0.228342 0.01 0.01
0 0.525087 0.220106 0.01 0.01
0 0.508543 0.249518 0.01 0.01
0 0.552881 0.222459 0.01 0.01
0 0.566117 0.237753 0.01 0.01
0 0.575381 0.242459 0.01 0.01
0 0.596558 0.257753 0.01 0.01
0 0.601852 0.249518 0.01 0.01
0 0.602514 0.260106 0.01 0.01
0 0.609131 0.265989 0.01 0.01
0 0.615087 0.264812 0.01 0.01
0 0.615749 0.280106 0.01 0.01
0 0.619058 0.280106 0.01 0.01
0 0.627661 0.283636 0.01 0.01
0 0.626337 0.320106 0.01 0.01
0 0.631631 0.313047 0.01 0.01
0 0.633617 0.298930 0.01 0.01
0 0.638249 0.297753 0.01 0.01
0 0.640234 0.303636 0.01 0.01
0 0.640896 0.325989 0.01 0.01
0 0.642220 0.344812 0.01 0.01
0 0.646852 0.375400 0.01 0.01
0 0.651484 0.340106 0.01 0.01
0 0.654131 0.349518 0.01 0.01
0 0.662734 0.356577 0.01 0.01
0 0.671999 0.363636 0.01 0.01
0 0.656117 0.414224 0.01 0.01
0 0.675970 0.420106 0.01 0.01
0 0.676631 0.395400 0.01 0.01
0 0.684573 0.396577 0.01 0.01
0 0.687881 0.430694 0.01 0.01
0 0.695161 0.456577 0.01 0.01
0 0.700455 0.395400 0.01 0.01
0 0.711043 0.388342 0.01 0.01
0 0.730896 0.431871 0.01 0.01
0 0.724279 0.389518 0.01 0.01
0 0.744793 0.394224 0.01 0.01
0 0.749426 0.360106 0.01 0.01
0 0.779867 0.360106 0.01 0.01
0 0.787146 0.345989 0.01 0.01
0 0.794426 0.388342 0.01 0.01
0 0.763984 0.331871 0.01 0.01
0 0.773249 0.316577 0.01 0.01
0 0.748102 0.317753 0.01 0.01
0 0.757367 0.264812 0.01 0.01
0 0.716337 0.317753 0.01 0.01
0 0.336484 0.821283 0.01 0.01
0 0.339793 0.828341 0.01 0.01
0 0.318617 0.796577 0.01 0.01
0 0.321926 0.773047 0.01 0.01
0 0.299426 0.743636 0.01 0.01
0 0.305381 0.684812 0.01 0.01
0 0.292146 0.655400 0.01 0.01
0 0.274940 0.650694 0.01 0.01
0 0.280896 0.682459 0.01 0.01
0 0.269646 0.609518 0.01 0.01
0 0.280896 0.549518 0.01 0.01
0 0.295455 0.537753 0.01 0.01
0 0.311337 0.553047 0.01 0.01
0 0.317955 0.554224 0.01 0.01
0 0.276926 0.496577 0.01 0.01
0 0.267661 0.514224 0.01 0.01
0 0.261705 0.523636 0.01 0.01
0 0.280234 0.524812 0.01 0.01
0 0.284205 0.437753 0.01 0.01
0 0.290161 0.451871 0.01 0.01
0 0.278911 0.473047 0.01 0.01
0 0.298102 0.482459 0.01 0.01
0 0.266337 0.427165 0.01 0.01
0 0.272293 0.395400 0.01 0.01
0 0.284205 0.395400 0.01 0.01
0 0.284205 0.378930 0.01 0.01
0 0.276926 0.368341 0.01 0.01
0 0.288176 0.333047 0.01 0.01
0 0.298764 0.358930 0.01 0.01
0 0.317955 0.357753 0.01 0.01
0 0.329867 0.380106 0.01 0.01
0 0.268984 0.575400 0.01 0.01
0 0.324573 0.709518 0.01 0.01
0 0.288176 0.590694 0.01 0.01
0 0.337146 0.667165 0.01 0.01
0 0.563470 0.587165 0.01 0.01
0 0.341117 0.302459 0.01 0.01
0 0.352367 0.298930 0.01 0.01
0 0.358984 0.282459 0.01 0.01
0 0.341117 0.247165 0.01 0.01
0 0.335161 0.274224 0.01 0.01
0 0.323249 0.245989 0.01 0.01
0 0.311337 0.251871 0.01 0.01
0 0.296117 0.290694 0.01 0.01
0 0.348396 0.197753 0.01 0.01
0 0.349058 0.180106 0.01 0.01
0 0.352367 0.175400 0.01 0.01
0 0.357661 0.162459 0.01 0.01
0 0.377514 0.217753 0.01 0.01
0 0.372220 0.163636 0.01 0.01
0 0.383470 0.173047 0.01 0.01
0 0.398028 0.196577 0.01 0.01
0 0.393396 0.240106 0.01 0.01
0 0.420529 0.233047 0.01 0.01
0 0.407293 0.153047 0.01 0.01
0 0.431117 0.134224 0.01 0.01
0 0.442367 0.141283 0.01 0.01
0 0.452293 0.107165 0.01 0.01
0 0.464205 0.108342 0.01 0.01
0 0.462220 0.095400 0.01 0.01
0 0.452955 0.089518 0.01 0.01
0 0.484720 0.127165 0.01 0.01
0 0.492661 0.053047 0.01 0.01
0 0.515161 0.037753 0.01 0.01
0 0.549573 0.056577 0.01 0.01
0 0.529720 0.116577 0.01 0.01
0 0.531705 0.074224 0.01 0.01
0 0.478102 0.183636 0.01 0.01
0 0.592587 0.081283 0.01 0.01
0 0.576043 0.157753 0.01 0.01
0 0.576043 0.178930 0.01 0.01
0 0.609131 0.149518 0.01 0.01
0 0.602514 0.195400 0.01 0.01
0 0.595896 0.211871 0.01 0.01
0 0.616411 0.185989 0.01 0.01
0 0.621043 0.242459 0.01 0.01
0 0.646190 0.084812 0.01 0.01
0 0.662734 0.121283 0.01 0.01
0 0.671999 0.164812 0.01 0.01
0 0.677955 0.169518 0.01 0.01
0 0.693837 0.200106 0.01 0.01
0 0.693837 0.187165 0.01 0.01
0 0.693837 0.120106 0.01 0.01
0 0.677293 0.137753 0.01 0.01
0 0.588617 0.683636 0.01 0.01
0 0.584646 0.680106 0.01 0.01
0 0.451631 0.709518 0.01 0.01
0 0.472146 0.716577 0.01 0.01
0 0.600529 0.280106 0.01 0.01
