0 0.771094 0.344444 0.01 0.01
0 0.764844 0.352778 0.01 0.01
0 0.780469 0.365278 0.01 0.01
0 0.768750 0.312500 0.01 0.01
0 0.746094 0.258333 0.01 0.01
0 0.728906 0.312500 0.01 0.01
0 0.717969 0.266667 0.01 0.01
0 0.743750 0.395833 0.01 0.01
0 0.771875 0.450000 0.01 0.01
0 0.775000 0.493056 0.01 0.01
0 0.767187 0.484722 0.01 0.01
0 0.776563 0.545833 0.01 0.01
0 0.790625 0.562500 0.01 0.01
0 0.796875 0.590278 0.01 0.01
0 0.789062 0.587500 0.01 0.01
0 0.749219 0.622222 0.01 0.01
0 0.732813 0.697222 0.01 0.01
0 0.733594 0.712500 0.01 0.01
0 0.724219 0.587500 0.01 0.01
0 0.720312 0.575000 0.01 0.01
0 0.746875 0.788889 0.01 0.01
0 0.729688 0.819444 0.01 0.01
0 0.725781 0.829167 0.01 0.01
0 0.714844 0.822222 0.01 0.01
0 0.713281 0.777778 0.01 0.01
0 0.694531 0.730556 0.01 0.01
0 0.704687 0.701389 0.01 0.01
0 0.710938 0.645833 0.01 0.01
0 0.702344 0.597222 0.01 0.01
0 0.717188 0.498611 0.01 0.01
0 0.707812 0.519444 0.01 0.01
0 0.692187 0.550000 0.01 0.01
0 0.685156 0.550000 0.01 0.01
0 0.678906 0.547222 0.01 0.01
0 0.688281 0.497222 0.01 0.01
0 0.698438 0.441667 0.01 0.01
0 0.705469 0.395833 0.01 0.01
0 0.700000 0.393056 0.01 0.01
0 0.696875 0.411111 0.01 0.01
0 0.696875 0.151389 0.01 0.01
0 0.692969 0.143056 0.01 0.01
0 0.689062 0.163889 0.01 0.01
0 0.667969 0.119444 0.01 0.01
0 0.667969 0.111111 0.01 0.01
0 0.667969 0.162500 0.01 0.01
0 0.648438 0.141667 0.01 0.01
0 0.596094 0.093056 0.01 0.01
0 0.532812 0.075000 0.01 0.01
0 0.528125 0.043056 0.01 0.01
0 0.514063 0.054167 0.01 0.01
0 0.507812 0.047222 0.01 0.01
0 0.479688 0.052778 0.01 0.01
0 0.467187 0.090278 0.01 0.01
0 0.467969 0.118056 0.01 0.01
0 0.453125 0.076389 0.01 0.01
0 0.453906 0.056944 0.01 0.01
0 0.575781 0.190278 0.01 0.01
0 0.589063 0.186111 0.01 0.01
0 0.632031 0.200000 0.01 0.01
0 0.646875 0.227778 0.01 0.01
0 0.644531 0.277778 0.01 0.01
0 0.684375 0.344444 0.01 0.01
0 0.685156 0.377778 0.01 0.01
0 0.677344 0.384722 0.01 0.01
0 0.666406 0.387500 0.01 0.01
0 0.675000 0.404167 0.01 0.01
0 0.686719 0.462500 0.01 0.01
0 0.666406 0.420833 0.01 0.01
0 0.657031 0.400000 0.01 0.01
0 0.657812 0.354167 0.01 0.01
0 0.650781 0.318056 0.01 0.01
0 0.653125 0.337500 0.01 0.01
0 0.648438 0.337500 0.01 0.01
0 0.642187 0.333333 0.01 0.01
0 0.645312 0.344444 0.01 0.01
0 0.647656 0.355556 0.01 0.01
0 0.641406 0.311111 0.01 0.01
0 0.632031 0.319444 0.01 0.01
0 0.634375 0.347222 0.01 0.01
0 0.628125 0.295833 0.01 0.01
0 0.618750 0.308333 0.01 0.01
0 0.624219 0.312500 0.01 0.01
0 0.618750 0.287500 0.01 0.01
0 0.617969 0.273611 0.01 0.01
0 0.610156 0.247222 0.01 0.01
0 0.608594 0.273611 0.01 0.01
0 0.608594 0.281944 0.01 0.01
0 0.601562 0.251389 0.01 0.01
0 0.594531 0.252778 0.01 0.01
0 0.589063 0.261111 0.01 0.01
0 0.592969 0.263889 0.01 0.01
0 0.583594 0.254167 0.01 0.01
0 0.586719 0.226389 0.01 0.01
0 0.575000 0.238889 0.01 0.01
0 0.571094 0.225000 0.01 0.01
0 0.662500 0.505556 0.01 0.01
0 0.666406 0.493056 0.01 0.01
0 0.657031 0.493056 0.01 0.01
0 0.642187 0.441667 0.01 0.01
0 0.643750 0.516667 0.01 0.01
0 0.654688 0.526389 0.01 0.01
0 0.660937 0.545833 0.01 0.01
0 0.682031 0.570833 0.01 0.01
0 0.688281 0.587500 0.01 0.01
0 0.683594 0.594444 0.01 0.01
0 0.665625 0.587500 0.01 0.01
0 0.655469 0.573611 0.01 0.01
0 0.645312 0.561111 0.01 0.01
0 0.675781 0.615278 0.01 0.01
0 0.681250 0.616667 0.01 0.01
0 0.681250 0.630556 0.01 0.01
0 0.676562 0.645833 0.01 0.01
0 0.673437 0.659722 0.01 0.01
0 0.660937 0.630556 0.01 0.01
0 0.652344 0.612500 0.01 0.01
0 0.603906 0.534722 0.01 0.01
0 0.607813 0.494444 0.01 0.01
0 0.606250 0.486111 0.01 0.01
0 0.624219 0.463889 0.01 0.01
0 0.614844 0.447222 0.01 0.01
0 0.596094 0.411111 0.01 0.01
0 0.598437 0.483333 0.01 0.01
0 0.591406 0.498611 0.01 0.01
0 0.587500 0.468056 0.01 0.01
0 0.567969 0.465278 0.01 0.01
0 0.564844 0.359722 0.01 0.01
0 0.565625 0.334722 0.01 0.01
0 0.563281 0.319444 0.01 0.01
0 0.560156 0.273611 0.01 0.01
0 0.553906 0.263889 0.01 0.01
0 0.546094 0.236111 0.01 0.01
0 0.538281 0.181944 0.01 0.01
0 0.575781 0.166667 0.01 0.01
0 0.425781 0.095833 0.01 0.01
0 0.417969 0.130556 0.01 0.01
0 0.421094 0.144444 0.01 0.01
0 0.438281 0.154167 0.01 0.01
0 0.488281 0.191667 0.01 0.01
0 0.499219 0.219444 0.01 0.01
0 0.496875 0.229167 0.01 0.01
0 0.528906 0.227778 0.01 0.01
0 0.521094 0.227778 0.01 0.01
0 0.553125 0.350000 0.01 0.01
0 0.541406 0.363889 0.01 0.01
0 0.528906 0.384722 0.01 0.01
0 0.527344 0.397222 0.01 0.01
0 0.302344 0.748611 0.01 0.01
0 0.312500 0.748611 0.01 0.01
0 0.353906 0.856944 0.01 0.01
0 0.357812 0.865278 0.01 0.01
0 0.342969 0.834722 0.01 0.01
0 0.350781 0.854167 0.01 0.01
0 0.371094 0.863889 0.01 0.01
0 0.371094 0.897222 0.01 0.01
0 0.646094 0.923611 0.01 0.01
0 0.690625 0.816667 0.01 0.01
0 0.651563 0.866667 0.01 0.01
0 0.645312 0.823611 0.01 0.01
0 0.634375 0.856944 0.01 0.01
0 0.583594 0.901389 0.01 0.01
0 0.607031 0.952778 0.01 0.01
0 0.560156 0.938889 0.01 0.01
0 0.565625 0.952778 0.01 0.01
0 0.574219 0.963889 0.01 0.01
0 0.557031 0.969444 0.01 0.01
0 0.520312 0.909722 0.01 0.01
0 0.527344 0.897222 0.01 0.01
0 0.542188 0.894444 0.01 0.01
0 0.510156 0.891667 0.01 0.01
0 0.471094 0.883333 0.01 0.01
0 0.471094 0.873611 0.01 0.01
0 0.475000 0.863889 0.01 0.01
0 0.438281 0.933333 0.01 0.01
0 0.453906 0.944444 0.01 0.01
0 0.467187 0.955556 0.01 0.01
0 0.428906 0.877778 0.01 0.01
0 0.416406 0.869444 0.01 0.01
0 0.412500 0.887500 0.01 0.01
0 0.408594 0.918056 0.01 0.01
0 0.416406 0.916667 0.01 0.01
0 0.390625 0.923611 0.01 0.01
0 0.406250 0.927778 0.01 0.01
0 0.376563 0.829167 0.01 0.01
0 0.385938 0.806944 0.01 0.01
0 0.659375 0.672222 0.01 0.01
0 0.663281 0.672222 0.01 0.01
0 0.661719 0.704167 0.01 0.01
0 0.666406 0.702778 0.01 0.01
0 0.679688 0.697222 0.01 0.01
0 0.655469 0.708333 0.01 0.01
0 0.648438 0.680556 0.01 0.01
0 0.653125 0.661111 0.01 0.01
0 0.633594 0.630556 0.01 0.01
0 0.587500 0.583333 0.01 0.01
0 0.585938 0.572222 0.01 0.01
0 0.581250 0.531944 0.01 0.01
0 0.567969 0.534722 0.01 0.01
0 0.549219 0.505556 0.01 0.01
0 0.590625 0.595833 0.01 0.01
0 0.647656 0.658333 0.01 0.01
0 0.642187 0.675000 0.01 0.01
0 0.639844 0.666667 0.01 0.01
0 0.638281 0.651389 0.01 0.01
0 0.630469 0.668056 0.01 0.01
0 0.633594 0.662500 0.01 0.01
0 0.624219 0.637500 0.01 0.01
0 0.615625 0.645833 0.01 0.01
0 0.607813 0.640278 0.01 0.01
0 0.614062 0.640278 0.01 0.01
0 0.609375 0.631944 0.01 0.01
0 0.612500 0.627778 0.01 0.01
0 0.653906 0.730556 0.01 0.01
0 0.647656 0.729167 0.01 0.01
0 0.637500 0.693056 0.01 0.01
0 0.641406 0.683333 0.01 0.01
0 0.640625 0.712500 0.01 0.01
0 0.639063 0.718056 0.01 0.01
0 0.636719 0.731944 0.01 0.01
0 0.631250 0.730556 0.01 0.01
0 0.628906 0.716667 0.01 0.01
0 0.621875 0.675000 0.01 0.01
0 0.642187 0.740278 0.01 0.01
0 0.642187 0.754167 0.01 0.01
0 0.627344 0.741667 0.01 0.01
0 0.621094 0.737500 0.01 0.01
0 0.621875 0.700000 0.01 0.01
0 0.617969 0.712500 0.01 0.01
0 0.614844 0.716667 0.01 0.01
0 0.610937 0.713889 0.01 0.01
0 0.609375 0.722222 0.01 0.01
0 0.610937 0.751389 0.01 0.01
0 0.614844 0.758333 0.01 0.01
0 0.621875 0.772222 0.01 0.01
0 0.621094 0.780556 0.01 0.01
0 0.625781 0.790278 0.01 0.01
0 0.619531 0.800000 0.01 0.01
0 0.619531 0.811111 0.01 0.01
0 0.611719 0.797222 0.01 0.01
0 0.610156 0.781944 0.01 0.01
0 0.604688 0.745833 0.01 0.01
0 0.596094 0.759722 0.01 0.01
0 0.591406 0.670833 0.01 0.01
0 0.589063 0.640278 0.01 0.01
0 0.430469 0.202778 0.01 0.01
0 0.422656 0.181944 0.01 0.01
0 0.460938 0.240278 0.01 0.01
0 0.464063 0.225000 0.01 0.01
0 0.485938 0.250000 0.01 0.01
0 0.485156 0.275000 0.01 0.01
0 0.475000 0.223611 0.01 0.01
0 0.503906 0.341667 0.01 0.01
0 0.533594 0.456944 0.01 0.01
0 0.525000 0.451389 0.01 0.01
0 0.520312 0.459722 0.01 0.01
0 0.544531 0.533333 0.01 0.01
0 0.545313 0.523611 0.01 0.01
0 0.550000 0.534722 0.01 0.01
0 0.539062 0.520833 0.01 0.01
0 0.532031 0.506944 0.01 0.01
0 0.521094 0.512500 0.01 0.01
0 0.503125 0.445833 0.01 0.01
0 0.500000 0.423611 0.01 0.01
0 0.489062 0.472222 0.01 0.01
0 0.488281 0.500000 0.01 0.01
0 0.480469 0.511111 0.01 0.01
0 0.554688 0.586111 0.01 0.01
0 0.557813 0.587500 0.01 0.01
0 0.553125 0.558333 0.01 0.01
0 0.565625 0.584722 0.01 0.01
0 0.464063 0.454167 0.01 0.01
0 0.457812 0.450000 0.01 0.01
0 0.474219 0.440278 0.01 0.01
0 0.479688 0.402778 0.01 0.01
0 0.482812 0.370833 0.01 0.01
0 0.459375 0.411111 0.01 0.01
0 0.453125 0.469444 0.01 0.01
0 0.444531 0.490278 0.01 0.01
0 0.423438 0.441667 0.01 0.01
0 0.410937 0.441667 0.01 0.01
0 0.448438 0.380556 0.01 0.01
0 0.476562 0.308333 0.01 0.01
0 0.462500 0.338889 0.01 0.01
0 0.454688 0.300000 0.01 0.01
0 0.463281 0.319444 0.01 0.01
0 0.450781 0.238889 0.01 0.01
0 0.450000 0.254167 0.01 0.01
0 0.404687 0.152778 0.01 0.01
0 0.396875 0.131944 0.01 0.01
0 0.376563 0.156944 0.01 0.01
0 0.392188 0.156944 0.01 0.01
0 0.389062 0.212500 0.01 0.01
0 0.363281 0.223611 0.01 0.01
0 0.370313 0.215278 0.01 0.01
0 0.357031 0.158333 0.01 0.01
0 0.345313 0.172222 0.01 0.01
0 0.328125 0.231944 0.01 0.01
0 0.325781 0.252778 0.01 0.01
0 0.337500 0.275000 0.01 0.01
0 0.346875 0.294444 0.01 0.01
0 0.360938 0.298611 0.01 0.01
0 0.371094 0.295833 0.01 0.01
0 0.416406 0.243056 0.01 0.01
0 0.428906 0.262500 0.01 0.01
0 0.435937 0.265278 0.01 0.01
0 0.413281 0.259722 0.01 0.01
0 0.419531 0.279167 0.01 0.01
0 0.443750 0.326389 0.01 0.01
0 0.428906 0.312500 0.01 0.01
0 0.550781 0.686111 0.01 0.01
0 0.567187 0.630556 0.01 0.01
0 0.571875 0.626389 0.01 0.01
0 0.559375 0.626389 0.01 0.01
0 0.571094 0.658333 0.01 0.01
0 0.578906 0.680556 0.01 0.01
0 0.578125 0.708333 0.01 0.01
0 0.585938 0.725000 0.01 0.01
0 0.601562 0.794444 0.01 0.01
0 0.591406 0.775000 0.01 0.01
0 0.583594 0.773611 0.01 0.01
0 0.589063 0.791667 0.01 0.01
0 0.588281 0.825000 0.01 0.01
0 0.559375 0.841667 0.01 0.01
0 0.550781 0.843056 0.01 0.01
0 0.548437 0.823611 0.01 0.01
0 0.526563 0.822222 0.01 0.01
0 0.538281 0.827778 0.01 0.01
0 0.539844 0.837500 0.01 0.01
0 0.540625 0.845833 0.01 0.01
0 0.528125 0.850000 0.01 0.01
0 0.509375 0.858333 0.01 0.01
0 0.511719 0.850000 0.01 0.01
0 0.518750 0.848611 0.01 0.01
0 0.505469 0.737500 0.01 0.01
0 0.521094 0.751389 0.01 0.01
0 0.564062 0.720833 0.01 0.01
0 0.517969 0.761111 0.01 0.01
0 0.521094 0.729167 0.01 0.01
0 0.571875 0.738889 0.01 0.01
0 0.560938 0.752778 0.01 0.01
0 0.569531 0.762500 0.01 0.01
0 0.564844 0.773611 0.01 0.01
0 0.543750 0.738889 0.01 0.01
0 0.556250 0.730556 0.01 0.01
0 0.552344 0.765278 0.01 0.01
0 0.539062 0.772222 0.01 0.01
0 0.539062 0.762500 0.01 0.01
0 0.546875 0.779167 0.01 0.01
0 0.546875 0.706944 0.01 0.01
0 0.536719 0.704167 0.01 0.01
0 0.529688 0.681944 0.01 0.01
0 0.533594 0.650000 0.01 0.01
0 0.532031 0.602778 0.01 0.01
0 0.523438 0.640278 0.01 0.01
0 0.571875 0.790278 0.01 0.01
0 0.574219 0.798611 0.01 0.01
0 0.578125 0.804167 0.01 0.01
0 0.562500 0.805556 0.01 0.01
0 0.567969 0.827778 0.01 0.01
0 0.575000 0.836111 0.01 0.01
0 0.582812 0.836111 0.01 0.01
0 0.573438 0.826389 0.01 0.01
0 0.579687 0.823611 0.01 0.01
0 0.510938 0.802778 0.01 0.01
0 0.507812 0.813889 0.01 0.01
0 0.502344 0.825000 0.01 0.01
0 0.502344 0.840278 0.01 0.01
0 0.492969 0.838889 0.01 0.01
0 0.492188 0.812500 0.01 0.01
0 0.497656 0.791667 0.01 0.01
0 0.500000 0.781944 0.01 0.01
0 0.498437 0.752778 0.01 0.01
0 0.478906 0.838889 0.01 0.01
0 0.479688 0.823611 0.01 0.01
0 0.483594 0.800000 0.01 0.01
0 0.480469 0.752778 0.01 0.01
0 0.480469 0.726389 0.01 0.01
0 0.512500 0.687500 0.01 0.01
0 0.514844 0.641667 0.01 0.01
0 0.508594 0.629167 0.01 0.01
0 0.508594 0.597222 0.01 0.01
0 0.499219 0.611111 0.01 0.01
0 0.418750 0.331944 0.01 0.01
0 0.415625 0.300000 0.01 0.01
0 0.407813 0.306944 0.01 0.01
0 0.396875 0.300000 0.01 0.01
0 0.395312 0.312500 0.01 0.01
0 0.405469 0.333333 0.01 0.01
0 0.399219 0.343056 0.01 0.01
0 0.409375 0.372222 0.01 0.01
0 0.401563 0.394444 0.01 0.01
0 0.403125 0.369444 0.01 0.01
0 0.389062 0.334722 0.01 0.01
0 0.381250 0.326389 0.01 0.01
0 0.382031 0.341667 0.01 0.01
0 0.376563 0.352778 0.01 0.01
0 0.370313 0.362500 0.01 0.01
0 0.371094 0.384722 0.01 0.01
0 0.360156 0.380556 0.01 0.01
0 0.367969 0.372222 0.01 0.01
0 0.365625 0.386111 0.01 0.01
0 0.353906 0.368056 0.01 0.01
0 0.332812 0.305556 0.01 0.01
0 0.315625 0.294444 0.01 0.01
0 0.304688 0.320833 0.01 0.01
0 0.316406 0.348611 0.01 0.01
0 0.310156 0.354167 0.01 0.01
0 0.293750 0.351389 0.01 0.01
0 0.282813 0.323611 0.01 0.01
0 0.282813 0.336111 0.01 0.01
0 0.278125 0.363889 0.01 0.01
0 0.274219 0.402778 0.01 0.01
0 0.276563 0.415278 0.01 0.01
0 0.264062 0.393056 0.01 0.01
0 0.266406 0.409722 0.01 0.01
0 0.260938 0.466667 0.01 0.01
0 0.264844 0.472222 0.01 0.01
0 0.256250 0.519444 0.01 0.01
0 0.275000 0.666667 0.01 0.01
0 0.268750 0.645833 0.01 0.01
0 0.264844 0.629167 0.01 0.01
0 0.273438 0.598611 0.01 0.01
0 0.262500 0.598611 0.01 0.01
0 0.289062 0.648611 0.01 0.01
0 0.314063 0.701389 0.01 0.01
0 0.331250 0.723611 0.01 0.01
0 0.353906 0.736111 0.01 0.01
0 0.360156 0.741667 0.01 0.01
0 0.366406 0.759722 0.01 0.01
0 0.357812 0.705556 0.01 0.01
0 0.339063 0.687500 0.01 0.01
0 0.319531 0.638889 0.01 0.01
0 0.310156 0.619444 0.01 0.01
0 0.300781 0.651389 0.01 0.01
0 0.300781 0.452778 0.01 0.01
0 0.291406 0.423611 0.01 0.01
0 0.287500 0.447222 0.01 0.01
0 0.296094 0.498611 0.01 0.01
0 0.299219 0.544444 0.01 0.01
0 0.321094 0.556944 0.01 0.01
0 0.282031 0.551389 0.01 0.01
0 0.282813 0.512500 0.01 0.01
0 0.278125 0.490278 0.01 0.01
0 0.436719 0.626389 0.01 0.01
0 0.447656 0.563889 0.01 0.01
0 0.441406 0.551389 0.01 0.01
0 0.440625 0.522222 0.01 0.01
0 0.442187 0.513889 0.01 0.01
0 0.434375 0.508333 0.01 0.01
0 0.434375 0.520833 0.01 0.01
0 0.441406 0.533333 0.01 0.01
0 0.436719 0.568056 0.01 0.01
0 0.432813 0.558333 0.01 0.01
0 0.358594 0.406944 0.01 0.01
0 0.353125 0.413889 0.01 0.01
0 0.355469 0.400000 0.01 0.01
0 0.411719 0.538889 0.01 0.01
0 0.412500 0.573611 0.01 0.01
0 0.503906 0.681944 0.01 0.01
0 0.497656 0.679167 0.01 0.01
0 0.508594 0.641667 0.01 0.01
0 0.499219 0.648611 0.01 0.01
0 0.456250 0.602778 0.01 0.01
0 0.459375 0.595833 0.01 0.01
0 0.460156 0.611111 0.01 0.01
0 0.467187 0.619444 0.01 0.01
0 0.486719 0.618056 0.01 0.01
0 0.475000 0.629167 0.01 0.01
0 0.465625 0.631944 0.01 0.01
0 0.474219 0.638889 0.01 0.01
0 0.477344 0.647222 0.01 0.01
0 0.482031 0.648611 0.01 0.01
0 0.485938 0.662500 0.01 0.01
0 0.482812 0.668056 0.01 0.01
0 0.336719 0.388889 0.01 0.01
0 0.348437 0.395833 0.01 0.01
0 0.329688 0.386111 0.01 0.01
0 0.336719 0.409722 0.01 0.01
0 0.327344 0.418056 0.01 0.01
0 0.332031 0.448611 0.01 0.01
0 0.357812 0.426389 0.01 0.01
0 0.352344 0.445833 0.01 0.01
0 0.348437 0.450000 0.01 0.01
0 0.339844 0.441667 0.01 0.01
0 0.325000 0.468056 0.01 0.01
0 0.383594 0.612500 0.01 0.01
0 0.388281 0.598611 0.01 0.01
0 0.390625 0.576389 0.01 0.01
0 0.453125 0.663889 0.01 0.01
0 0.484375 0.684722 0.01 0.01
0 0.469531 0.675000 0.01 0.01
0 0.457812 0.650000 0.01 0.01
0 0.461719 0.641667 0.01 0.01
0 0.470313 0.659722 0.01 0.01
0 0.478125 0.683333 0.01 0.01
0 0.467187 0.695833 0.01 0.01
0 0.457031 0.698611 0.01 0.01
0 0.453125 0.693056 0.01 0.01
0 0.428125 0.666667 0.01 0.01
0 0.467187 0.719444 0.01 0.01
0 0.466406 0.744444 0.01 0.01
0 0.465625 0.773611 0.01 0.01
0 0.472656 0.815278 0.01 0.01
0 0.470313 0.843056 0.01 0.01
0 0.469531 0.830556 0.01 0.01
0 0.471875 0.804167 0.01 0.01
0 0.462500 0.808333 0.01 0.01
0 0.460156 0.788889 0.01 0.01
0 0.457812 0.727778 0.01 0.01
0 0.444531 0.725000 0.01 0.01
0 0.425781 0.713889 0.01 0.01
0 0.354688 0.455556 0.01 0.01
0 0.357812 0.466667 0.01 0.01
0 0.362500 0.463889 0.01 0.01
0 0.353906 0.495833 0.01 0.01
0 0.339844 0.488889 0.01 0.01
0 0.345313 0.493056 0.01 0.01
0 0.342187 0.504167 0.01 0.01
0 0.348437 0.509722 0.01 0.01
0 0.356250 0.516667 0.01 0.01
0 0.353125 0.537500 0.01 0.01
0 0.346094 0.525000 0.01 0.01
0 0.374219 0.544444 0.01 0.01
0 0.363281 0.547222 0.01 0.01
0 0.376563 0.556944 0.01 0.01
0 0.382031 0.586111 0.01 0.01
0 0.412500 0.708333 0.01 0.01
0 0.405469 0.743056 0.01 0.01
0 0.409375 0.726389 0.01 0.01
0 0.395312 0.726389 0.01 0.01
0 0.404687 0.716667 0.01 0.01
0 0.391406 0.702778 0.01 0.01
0 0.385156 0.709722 0.01 0.01
0 0.389062 0.691667 0.01 0.01
0 0.379687 0.700000 0.01 0.01
0 0.453125 0.779167 0.01 0.01
0 0.450000 0.769444 0.01 0.01
0 0.444531 0.762500 0.01 0.01
0 0.457812 0.820833 0.01 0.01
0 0.461719 0.837500 0.01 0.01
0 0.447656 0.834722 0.01 0.01
0 0.436719 0.818056 0.01 0.01
0 0.421875 0.811111 0.01 0.01
0 0.433594 0.776389 0.01 0.01
0 0.428125 0.762500 0.01 0.01
0 0.432031 0.751389 0.01 0.01
0 0.437500 0.787500 0.01 0.01
0 0.450000 0.808333 0.01 0.01
0 0.441406 0.802778 0.01 0.01
0 0.443750 0.813889 0.01 0.01
0 0.433594 0.805556 0.01 0.01
0 0.419531 0.788889 0.01 0.01
0 0.406250 0.787500 0.01 0.01
0 0.422656 0.744444 0.01 0.01
0 0.414844 0.779167 0.01 0.01
0 0.417188 0.755556 0.01 0.01
0 0.403906 0.777778 0.01 0.01
0 0.361719 0.694444 0.01 0.01
0 0.332812 0.513889 0.01 0.01
0 0.343750 0.555556 0.01 0.01
0 0.345313 0.541667 0.01 0.01
0 0.338281 0.548611 0.01 0.01
0 0.364844 0.563889 0.01 0.01
0 0.364844 0.680556 0.01 0.01
0 0.378125 0.669444 0.01 0.01
0 0.352344 0.661111 0.01 0.01
0 0.334375 0.608333 0.01 0.01
0 0.353906 0.659722 0.01 0.01
0 0.370313 0.675000 0.01 0.01
0 0.371875 0.656944 0.01 0.01
0 0.364844 0.665278 0.01 0.01
0 0.358594 0.581944 0.01 0.01
0 0.356250 0.566667 0.01 0.01
0 0.341406 0.573611 0.01 0.01
0 0.360938 0.598611 0.01 0.01
0 0.346875 0.640278 0.01 0.01
0 0.363281 0.611111 0.01 0.01
0 0.350781 0.588889 0.01 0.01
0 0.346875 0.593056 0.01 0.01
0 0.346094 0.600000 0.01 0.01
0 0.361719 0.627778 0.01 0.01
0 0.356250 0.612500 0.01 0.01
0 0.344531 0.625000 0.01 0.01
0 0.355469 0.647222 0.01 0.01
0 0.346875 0.623611 0.01 0.01
0 0.350781 0.636111 0.01 0.01
0 0.276563 0.620833 0.01 0.01
