0 0.759375 0.283333 0.01 0.01
0 0.772656 0.301389 0.01 0.01
0 0.784375 0.345833 0.01 0.01
0 0.789844 0.376389 0.01 0.01
0 0.792188 0.484722 0.01 0.01
0 0.787500 0.484722 0.01 0.01
0 0.803906 0.505556 0.01 0.01
0 0.807031 0.541667 0.01 0.01
0 0.803125 0.555556 0.01 0.01
0 0.771875 0.356944 0.01 0.01
0 0.753125 0.315278 0.01 0.01
0 0.739844 0.312500 0.01 0.01
0 0.748438 0.355556 0.01 0.01
0 0.730469 0.383333 0.01 0.01
0 0.716406 0.379167 0.01 0.01
0 0.712500 0.368056 0.01 0.01
0 0.690625 0.183333 0.01 0.01
0 0.692187 0.173611 0.01 0.01
0 0.682031 0.166667 0.01 0.01
0 0.676562 0.158333 0.01 0.01
0 0.688281 0.116667 0.01 0.01
0 0.679688 0.123611 0.01 0.01
0 0.664844 0.119444 0.01 0.01
0 0.642187 0.084722 0.01 0.01
0 0.600781 0.086111 0.01 0.01
0 0.783594 0.588889 0.01 0.01
0 0.774219 0.577778 0.01 0.01
0 0.756250 0.595833 0.01 0.01
0 0.757812 0.615278 0.01 0.01
0 0.776563 0.720833 0.01 0.01
0 0.760156 0.734722 0.01 0.01
0 0.746875 0.729167 0.01 0.01
0 0.746094 0.809722 0.01 0.01
0 0.711719 0.808333 0.01 0.01
0 0.719531 0.854167 0.01 0.01
0 0.714844 0.854167 0.01 0.01
0 0.694531 0.818056 0.01 0.01
0 0.662500 0.919444 0.01 0.01
0 0.650000 0.908333 0.01 0.01
0 0.635938 0.865278 0.01 0.01
0 0.647656 0.823611 0.01 0.01
0 0.642187 0.818056 0.01 0.01
0 0.646094 0.811111 0.01 0.01
0 0.562500 0.958333 0.01 0.01
0 0.566406 0.922222 0.01 0.01
0 0.560156 0.894444 0.01 0.01
0 0.519531 0.898611 0.01 0.01
0 0.503125 0.925000 0.01 0.01
0 0.490625 0.909722 0.01 0.01
0 0.486719 0.968056 0.01 0.01
0 0.525781 0.977778 0.01 0.01
0 0.431250 0.905556 0.01 0.01
0 0.422656 0.912500 0.01 0.01
0 0.442969 0.952778 0.01 0.01
0 0.453906 0.963889 0.01 0.01
0 0.415625 0.904167 0.01 0.01
0 0.388281 0.888889 0.01 0.01
0 0.383594 0.901389 0.01 0.01
0 0.378906 0.886111 0.01 0.01
0 0.457031 0.891667 0.01 0.01
0 0.732031 0.565278 0.01 0.01
0 0.716406 0.584722 0.01 0.01
0 0.707812 0.630556 0.01 0.01
0 0.727344 0.436111 0.01 0.01
0 0.712500 0.445833 0.01 0.01
0 0.703125 0.440278 0.01 0.01
0 0.698438 0.401389 0.01 0.01
0 0.687500 0.395833 0.01 0.01
0 0.676562 0.398611 0.01 0.01
0 0.688281 0.443056 0.01 0.01
0 0.691406 0.459722 0.01 0.01
0 0.693750 0.497222 0.01 0.01
0 0.697656 0.550000 0.01 0.01
0 0.689062 0.552778 0.01 0.01
0 0.693750 0.577778 0.01 0.01
0 0.690625 0.593056 0.01 0.01
0 0.688281 0.573611 0.01 0.01
0 0.685156 0.568056 0.01 0.01
0 0.685938 0.636111 0.01 0.01
0 0.678125 0.630556 0.01 0.01
0 0.683594 0.656944 0.01 0.01
0 0.681250 0.611111 0.01 0.01
0 0.673437 0.587500 0.01 0.01
0 0.679688 0.522222 0.01 0.01
0 0.672656 0.515278 0.01 0.01
0 0.674219 0.488889 0.01 0.01
0 0.670313 0.418056 0.01 0.01
0 0.668750 0.368056 0.01 0.01
0 0.664062 0.362500 0.01 0.01
0 0.660156 0.354167 0.01 0.01
0 0.653906 0.358333 0.01 0.01
0 0.650781 0.348611 0.01 0.01
0 0.641406 0.347222 0.01 0.01
0 0.639063 0.334722 0.01 0.01
0 0.636719 0.304167 0.01 0.01
0 0.632812 0.291667 0.01 0.01
0 0.626562 0.311111 0.01 0.01
0 0.623438 0.294444 0.01 0.01
0 0.623438 0.290278 0.01 0.01
0 0.625781 0.281944 0.01 0.01
0 0.622656 0.277778 0.01 0.01
0 0.618750 0.279167 0.01 0.01
0 0.615625 0.286111 0.01 0.01
0 0.617969 0.272222 0.01 0.01
0 0.621094 0.255556 0.01 0.01
0 0.623438 0.197222 0.01 0.01
0 0.599219 0.162500 0.01 0.01
0 0.596094 0.190278 0.01 0.01
0 0.609375 0.262500 0.01 0.01
0 0.596094 0.279167 0.01 0.01
0 0.594531 0.254167 0.01 0.01
0 0.595312 0.204167 0.01 0.01
0 0.585156 0.258333 0.01 0.01
0 0.575781 0.188889 0.01 0.01
0 0.575781 0.159722 0.01 0.01
0 0.571875 0.238889 0.01 0.01
0 0.565625 0.231944 0.01 0.01
0 0.591406 0.300000 0.01 0.01
0 0.641406 0.380556 0.01 0.01
0 0.651563 0.436111 0.01 0.01
0 0.660937 0.490278 0.01 0.01
0 0.650781 0.487500 0.01 0.01
0 0.664062 0.540278 0.01 0.01
0 0.655469 0.561111 0.01 0.01
0 0.656250 0.591667 0.01 0.01
0 0.642969 0.583333 0.01 0.01
0 0.668750 0.630556 0.01 0.01
0 0.669531 0.687500 0.01 0.01
0 0.667969 0.670833 0.01 0.01
0 0.660937 0.675000 0.01 0.01
0 0.659375 0.663889 0.01 0.01
0 0.657812 0.655556 0.01 0.01
0 0.650000 0.669444 0.01 0.01
0 0.636719 0.661111 0.01 0.01
0 0.642187 0.666667 0.01 0.01
0 0.647656 0.668056 0.01 0.01
0 0.642969 0.650000 0.01 0.01
0 0.638281 0.640278 0.01 0.01
0 0.667969 0.704167 0.01 0.01
0 0.658594 0.705556 0.01 0.01
0 0.662500 0.716667 0.01 0.01
0 0.664844 0.740278 0.01 0.01
0 0.641406 0.712500 0.01 0.01
0 0.643750 0.705556 0.01 0.01
0 0.646094 0.695833 0.01 0.01
0 0.644531 0.688889 0.01 0.01
0 0.640625 0.694444 0.01 0.01
0 0.628125 0.684722 0.01 0.01
0 0.654688 0.738889 0.01 0.01
0 0.650000 0.745833 0.01 0.01
0 0.648438 0.755556 0.01 0.01
0 0.643750 0.729167 0.01 0.01
0 0.639063 0.725000 0.01 0.01
0 0.631250 0.713889 0.01 0.01
0 0.625781 0.701389 0.01 0.01
0 0.628125 0.737500 0.01 0.01
0 0.623438 0.752778 0.01 0.01
0 0.628906 0.761111 0.01 0.01
0 0.632031 0.773611 0.01 0.01
0 0.617969 0.773611 0.01 0.01
0 0.625781 0.777778 0.01 0.01
0 0.617969 0.795833 0.01 0.01
0 0.619531 0.805556 0.01 0.01
0 0.610937 0.800000 0.01 0.01
0 0.607031 0.809722 0.01 0.01
0 0.602344 0.818056 0.01 0.01
0 0.603906 0.758333 0.01 0.01
0 0.623438 0.712500 0.01 0.01
0 0.617188 0.712500 0.01 0.01
0 0.614062 0.718056 0.01 0.01
0 0.606250 0.745833 0.01 0.01
0 0.586719 0.762500 0.01 0.01
0 0.579687 0.763889 0.01 0.01
0 0.573438 0.761111 0.01 0.01
0 0.589844 0.775000 0.01 0.01
0 0.571875 0.781944 0.01 0.01
0 0.585156 0.791667 0.01 0.01
0 0.590625 0.793056 0.01 0.01
0 0.588281 0.802778 0.01 0.01
0 0.577344 0.800000 0.01 0.01
0 0.565625 0.794444 0.01 0.01
0 0.568750 0.806944 0.01 0.01
0 0.570312 0.825000 0.01 0.01
0 0.575781 0.831944 0.01 0.01
0 0.562500 0.826389 0.01 0.01
0 0.556250 0.837500 0.01 0.01
0 0.552344 0.825000 0.01 0.01
0 0.543750 0.829167 0.01 0.01
0 0.545313 0.838889 0.01 0.01
0 0.544531 0.847222 0.01 0.01
0 0.539844 0.841667 0.01 0.01
0 0.528906 0.844444 0.01 0.01
0 0.524219 0.843056 0.01 0.01
0 0.535937 0.859722 0.01 0.01
0 0.557813 0.866667 0.01 0.01
0 0.471094 0.859722 0.01 0.01
0 0.446875 0.850000 0.01 0.01
0 0.359375 0.861111 0.01 0.01
0 0.366406 0.876389 0.01 0.01
0 0.341406 0.834722 0.01 0.01
0 0.332812 0.827778 0.01 0.01
0 0.323438 0.790278 0.01 0.01
0 0.310937 0.779167 0.01 0.01
0 0.376563 0.776389 0.01 0.01
0 0.377344 0.768056 0.01 0.01
0 0.386719 0.802778 0.01 0.01
0 0.407031 0.787500 0.01 0.01
0 0.427344 0.794444 0.01 0.01
0 0.432813 0.804167 0.01 0.01
0 0.435156 0.793056 0.01 0.01
0 0.442969 0.801389 0.01 0.01
0 0.444531 0.809722 0.01 0.01
0 0.440625 0.830556 0.01 0.01
0 0.452344 0.820833 0.01 0.01
0 0.454688 0.812500 0.01 0.01
0 0.458594 0.808333 0.01 0.01
0 0.463281 0.825000 0.01 0.01
0 0.468750 0.830556 0.01 0.01
0 0.475000 0.834722 0.01 0.01
0 0.485156 0.838889 0.01 0.01
0 0.496875 0.862500 0.01 0.01
0 0.509375 0.844444 0.01 0.01
0 0.496094 0.841667 0.01 0.01
0 0.532031 0.822222 0.01 0.01
0 0.627344 0.622222 0.01 0.01
0 0.619531 0.625000 0.01 0.01
0 0.611719 0.629167 0.01 0.01
0 0.616406 0.631944 0.01 0.01
0 0.617969 0.644444 0.01 0.01
0 0.642187 0.512500 0.01 0.01
0 0.627344 0.450000 0.01 0.01
0 0.617188 0.444444 0.01 0.01
0 0.622656 0.504167 0.01 0.01
0 0.614062 0.480556 0.01 0.01
0 0.603125 0.458333 0.01 0.01
0 0.600781 0.438889 0.01 0.01
0 0.593750 0.390278 0.01 0.01
0 0.543750 0.048611 0.01 0.01
0 0.509375 0.031944 0.01 0.01
0 0.491406 0.047222 0.01 0.01
0 0.515625 0.068056 0.01 0.01
0 0.507031 0.065278 0.01 0.01
0 0.529688 0.120833 0.01 0.01
0 0.526563 0.220833 0.01 0.01
0 0.560156 0.269444 0.01 0.01
0 0.557031 0.311111 0.01 0.01
0 0.557031 0.351389 0.01 0.01
0 0.571094 0.352778 0.01 0.01
0 0.575781 0.461111 0.01 0.01
0 0.595312 0.481944 0.01 0.01
0 0.595312 0.500000 0.01 0.01
0 0.603125 0.513889 0.01 0.01
0 0.589844 0.541667 0.01 0.01
0 0.583594 0.568056 0.01 0.01
0 0.589063 0.580556 0.01 0.01
0 0.593750 0.593056 0.01 0.01
0 0.593750 0.640278 0.01 0.01
0 0.591406 0.683333 0.01 0.01
0 0.582031 0.677778 0.01 0.01
0 0.590625 0.716667 0.01 0.01
0 0.585156 0.709722 0.01 0.01
0 0.582812 0.720833 0.01 0.01
0 0.575781 0.738889 0.01 0.01
0 0.578125 0.626389 0.01 0.01
0 0.566406 0.630556 0.01 0.01
0 0.563281 0.622222 0.01 0.01
0 0.571094 0.572222 0.01 0.01
0 0.554688 0.584722 0.01 0.01
0 0.571875 0.536111 0.01 0.01
0 0.557031 0.554167 0.01 0.01
0 0.553906 0.540278 0.01 0.01
0 0.546094 0.526389 0.01 0.01
0 0.536719 0.509722 0.01 0.01
0 0.539062 0.491667 0.01 0.01
0 0.534375 0.458333 0.01 0.01
0 0.521094 0.456944 0.01 0.01
0 0.535156 0.413889 0.01 0.01
0 0.530469 0.387500 0.01 0.01
0 0.535937 0.327778 0.01 0.01
0 0.509375 0.344444 0.01 0.01
0 0.507031 0.244444 0.01 0.01
0 0.496875 0.252778 0.01 0.01
0 0.496094 0.238889 0.01 0.01
0 0.491406 0.268056 0.01 0.01
0 0.489062 0.226389 0.01 0.01
0 0.482812 0.222222 0.01 0.01
0 0.478125 0.236111 0.01 0.01
0 0.487500 0.206944 0.01 0.01
0 0.481250 0.183333 0.01 0.01
0 0.486719 0.123611 0.01 0.01
0 0.459375 0.097222 0.01 0.01
0 0.457812 0.080556 0.01 0.01
0 0.446094 0.079167 0.01 0.01
0 0.448438 0.063889 0.01 0.01
0 0.453125 0.120833 0.01 0.01
0 0.433594 0.106944 0.01 0.01
0 0.428125 0.143056 0.01 0.01
0 0.390625 0.162500 0.01 0.01
0 0.377344 0.169444 0.01 0.01
0 0.373437 0.154167 0.01 0.01
0 0.360938 0.161111 0.01 0.01
0 0.344531 0.170833 0.01 0.01
0 0.357812 0.184722 0.01 0.01
0 0.340625 0.209722 0.01 0.01
0 0.312500 0.243056 0.01 0.01
0 0.333594 0.247222 0.01 0.01
0 0.320312 0.266667 0.01 0.01
0 0.325000 0.293056 0.01 0.01
0 0.351562 0.286111 0.01 0.01
0 0.376563 0.191667 0.01 0.01
0 0.375781 0.212500 0.01 0.01
0 0.375000 0.237500 0.01 0.01
0 0.407031 0.191667 0.01 0.01
0 0.447656 0.211111 0.01 0.01
0 0.460938 0.216667 0.01 0.01
0 0.447656 0.237500 0.01 0.01
0 0.451562 0.244444 0.01 0.01
0 0.458594 0.240278 0.01 0.01
0 0.454688 0.250000 0.01 0.01
0 0.444531 0.255556 0.01 0.01
0 0.391406 0.225000 0.01 0.01
0 0.405469 0.250000 0.01 0.01
0 0.419531 0.273611 0.01 0.01
0 0.426562 0.275000 0.01 0.01
0 0.455469 0.295833 0.01 0.01
0 0.478906 0.313889 0.01 0.01
0 0.468750 0.354167 0.01 0.01
0 0.478906 0.363889 0.01 0.01
0 0.486719 0.369444 0.01 0.01
0 0.507031 0.418056 0.01 0.01
0 0.506250 0.466667 0.01 0.01
0 0.521094 0.501389 0.01 0.01
0 0.539062 0.604167 0.01 0.01
0 0.522656 0.600000 0.01 0.01
0 0.536719 0.648611 0.01 0.01
0 0.554688 0.680556 0.01 0.01
0 0.553906 0.690278 0.01 0.01
0 0.551562 0.684722 0.01 0.01
0 0.550781 0.704167 0.01 0.01
0 0.542969 0.704167 0.01 0.01
0 0.540625 0.680556 0.01 0.01
0 0.564062 0.719444 0.01 0.01
0 0.554688 0.729167 0.01 0.01
0 0.548437 0.741667 0.01 0.01
0 0.545313 0.762500 0.01 0.01
0 0.542188 0.770833 0.01 0.01
0 0.525000 0.752778 0.01 0.01
0 0.521875 0.755556 0.01 0.01
0 0.507812 0.762500 0.01 0.01
0 0.512500 0.770833 0.01 0.01
0 0.504687 0.788889 0.01 0.01
0 0.508594 0.805556 0.01 0.01
0 0.507031 0.815278 0.01 0.01
0 0.492969 0.798611 0.01 0.01
0 0.492969 0.816667 0.01 0.01
0 0.474219 0.806944 0.01 0.01
0 0.464063 0.809722 0.01 0.01
0 0.519531 0.729167 0.01 0.01
0 0.511719 0.736111 0.01 0.01
0 0.511719 0.736111 0.01 0.01
0 0.524219 0.679167 0.01 0.01
0 0.528906 0.638889 0.01 0.01
0 0.517969 0.648611 0.01 0.01
0 0.515625 0.659722 0.01 0.01
0 0.511719 0.665278 0.01 0.01
0 0.511719 0.622222 0.01 0.01
0 0.509375 0.633333 0.01 0.01
0 0.506250 0.605556 0.01 0.01
0 0.507031 0.579167 0.01 0.01
0 0.486719 0.481944 0.01 0.01
0 0.483594 0.511111 0.01 0.01
0 0.479688 0.436111 0.01 0.01
0 0.478125 0.397222 0.01 0.01
0 0.463281 0.394444 0.01 0.01
0 0.444531 0.393056 0.01 0.01
0 0.465625 0.441667 0.01 0.01
0 0.460938 0.455556 0.01 0.01
0 0.453906 0.463889 0.01 0.01
0 0.450781 0.487500 0.01 0.01
0 0.442187 0.508333 0.01 0.01
0 0.443750 0.515278 0.01 0.01
0 0.438281 0.520833 0.01 0.01
0 0.436719 0.509722 0.01 0.01
0 0.449219 0.529167 0.01 0.01
0 0.448438 0.555556 0.01 0.01
0 0.446094 0.573611 0.01 0.01
0 0.441406 0.556944 0.01 0.01
0 0.435156 0.555556 0.01 0.01
0 0.435937 0.572222 0.01 0.01
0 0.416406 0.577778 0.01 0.01
0 0.409375 0.543056 0.01 0.01
0 0.413281 0.527778 0.01 0.01
0 0.487500 0.590278 0.01 0.01
0 0.495313 0.629167 0.01 0.01
0 0.488281 0.623611 0.01 0.01
0 0.474219 0.620833 0.01 0.01
0 0.470313 0.615278 0.01 0.01
0 0.475781 0.627778 0.01 0.01
0 0.467969 0.638889 0.01 0.01
0 0.478125 0.634722 0.01 0.01
0 0.478906 0.645833 0.01 0.01
0 0.485156 0.645833 0.01 0.01
0 0.501562 0.666667 0.01 0.01
0 0.492188 0.658333 0.01 0.01
0 0.496875 0.684722 0.01 0.01
0 0.489844 0.680556 0.01 0.01
0 0.479688 0.675000 0.01 0.01
0 0.459375 0.659722 0.01 0.01
0 0.456250 0.644444 0.01 0.01
0 0.448438 0.627778 0.01 0.01
0 0.446875 0.613889 0.01 0.01
0 0.487500 0.754167 0.01 0.01
0 0.477344 0.784722 0.01 0.01
0 0.478125 0.772222 0.01 0.01
0 0.484375 0.730556 0.01 0.01
0 0.459375 0.701389 0.01 0.01
0 0.464844 0.694444 0.01 0.01
0 0.470313 0.719444 0.01 0.01
0 0.457812 0.733333 0.01 0.01
0 0.471094 0.770833 0.01 0.01
0 0.459375 0.745833 0.01 0.01
0 0.462500 0.727778 0.01 0.01
0 0.464844 0.766667 0.01 0.01
0 0.459375 0.754167 0.01 0.01
0 0.446094 0.770833 0.01 0.01
0 0.432813 0.769444 0.01 0.01
0 0.449219 0.715278 0.01 0.01
0 0.429688 0.713889 0.01 0.01
0 0.295312 0.291667 0.01 0.01
0 0.282031 0.327778 0.01 0.01
0 0.278125 0.348611 0.01 0.01
0 0.275000 0.381944 0.01 0.01
0 0.271094 0.397222 0.01 0.01
0 0.271094 0.419444 0.01 0.01
0 0.258594 0.512500 0.01 0.01
0 0.267188 0.587500 0.01 0.01
0 0.267969 0.611111 0.01 0.01
0 0.271875 0.643056 0.01 0.01
0 0.278125 0.665278 0.01 0.01
0 0.289844 0.711111 0.01 0.01
0 0.293750 0.736111 0.01 0.01
0 0.302344 0.695833 0.01 0.01
0 0.328125 0.727778 0.01 0.01
0 0.339063 0.743056 0.01 0.01
0 0.367969 0.705556 0.01 0.01
0 0.354688 0.705556 0.01 0.01
0 0.334375 0.665278 0.01 0.01
0 0.333594 0.600000 0.01 0.01
0 0.295312 0.583333 0.01 0.01
0 0.285937 0.600000 0.01 0.01
0 0.285937 0.619444 0.01 0.01
0 0.275781 0.543056 0.01 0.01
0 0.278125 0.527778 0.01 0.01
0 0.281250 0.505556 0.01 0.01
0 0.276563 0.491667 0.01 0.01
0 0.269531 0.502778 0.01 0.01
0 0.279687 0.473611 0.01 0.01
0 0.288281 0.456944 0.01 0.01
0 0.283594 0.379167 0.01 0.01
0 0.293750 0.377778 0.01 0.01
0 0.278906 0.437500 0.01 0.01
0 0.296875 0.497222 0.01 0.01
0 0.318750 0.516667 0.01 0.01
0 0.315625 0.544444 0.01 0.01
0 0.303125 0.445833 0.01 0.01
0 0.320312 0.425000 0.01 0.01
0 0.315625 0.354167 0.01 0.01
0 0.328906 0.325000 0.01 0.01
0 0.337500 0.306944 0.01 0.01
0 0.348437 0.304167 0.01 0.01
0 0.410937 0.290278 0.01 0.01
0 0.420312 0.297222 0.01 0.01
0 0.447656 0.320833 0.01 0.01
0 0.428906 0.430556 0.01 0.01
0 0.407031 0.441667 0.01 0.01
0 0.413281 0.477778 0.01 0.01
0 0.391406 0.586111 0.01 0.01
0 0.385156 0.579167 0.01 0.01
0 0.414844 0.372222 0.01 0.01
0 0.405469 0.366667 0.01 0.01
0 0.411719 0.336111 0.01 0.01
0 0.422656 0.320833 0.01 0.01
0 0.392969 0.315278 0.01 0.01
0 0.382812 0.319444 0.01 0.01
0 0.389062 0.333333 0.01 0.01
0 0.395312 0.354167 0.01 0.01
0 0.379687 0.350000 0.01 0.01
0 0.363281 0.362500 0.01 0.01
0 0.374219 0.363889 0.01 0.01
0 0.342187 0.370833 0.01 0.01
0 0.369531 0.383333 0.01 0.01
0 0.363281 0.381944 0.01 0.01
0 0.378906 0.380556 0.01 0.01
0 0.370313 0.401389 0.01 0.01
0 0.363281 0.394444 0.01 0.01
0 0.350000 0.411111 0.01 0.01
0 0.357812 0.418056 0.01 0.01
0 0.362500 0.423611 0.01 0.01
0 0.378906 0.434722 0.01 0.01
0 0.342187 0.437500 0.01 0.01
0 0.342969 0.431944 0.01 0.01
0 0.350781 0.436111 0.01 0.01
0 0.351562 0.452778 0.01 0.01
0 0.364844 0.456944 0.01 0.01
0 0.359375 0.462500 0.01 0.01
0 0.352344 0.463889 0.01 0.01
0 0.348437 0.475000 0.01 0.01
0 0.342969 0.480556 0.01 0.01
0 0.335156 0.481944 0.01 0.01
0 0.345313 0.490278 0.01 0.01
0 0.343750 0.505556 0.01 0.01
0 0.339844 0.520833 0.01 0.01
0 0.365625 0.473611 0.01 0.01
0 0.357812 0.484722 0.01 0.01
0 0.363281 0.505556 0.01 0.01
0 0.357812 0.511111 0.01 0.01
0 0.353125 0.515278 0.01 0.01
0 0.362500 0.525000 0.01 0.01
0 0.357812 0.531944 0.01 0.01
0 0.348437 0.530556 0.01 0.01
0 0.346094 0.552778 0.01 0.01
0 0.348437 0.543056 0.01 0.01
0 0.357031 0.531944 0.01 0.01
0 0.375781 0.540278 0.01 0.01
0 0.423438 0.700000 0.01 0.01
0 0.367188 0.559722 0.01 0.01
0 0.418750 0.694444 0.01 0.01
0 0.367969 0.544444 0.01 0.01
0 0.412500 0.704167 0.01 0.01
0 0.366406 0.577778 0.01 0.01
0 0.386719 0.618056 0.01 0.01
0 0.423438 0.743056 0.01 0.01
0 0.405469 0.712500 0.01 0.01
0 0.415625 0.727778 0.01 0.01
0 0.422656 0.755556 0.01 0.01
0 0.392188 0.747222 0.01 0.01
0 0.410156 0.750000 0.01 0.01
0 0.396094 0.759722 0.01 0.01
0 0.401563 0.731944 0.01 0.01
0 0.382031 0.722222 0.01 0.01
0 0.403906 0.747222 0.01 0.01
0 0.386719 0.697222 0.01 0.01
0 0.344531 0.602778 0.01 0.01
0 0.342187 0.590278 0.01 0.01
0 0.360156 0.581944 0.01 0.01
0 0.366406 0.594444 0.01 0.01
0 0.348437 0.580556 0.01 0.01
0 0.355469 0.591667 0.01 0.01
0 0.348437 0.598611 0.01 0.01
0 0.359375 0.606944 0.01 0.01
0 0.367969 0.622222 0.01 0.01
0 0.351562 0.611111 0.01 0.01
0 0.357031 0.620833 0.01 0.01
0 0.380469 0.676389 0.01 0.01
0 0.374219 0.661111 0.01 0.01
0 0.392188 0.693056 0.01 0.01
0 0.399219 0.702778 0.01 0.01
0 0.377344 0.695833 0.01 0.01
0 0.370313 0.673611 0.01 0.01
0 0.367969 0.641667 0.01 0.01
0 0.362500 0.648611 0.01 0.01
0 0.353125 0.638889 0.01 0.01
0 0.353906 0.627778 0.01 0.01
