0 0.606250 0.445833 0.01 0.01
0 0.576563 0.465278 0.01 0.01
0 0.594531 0.483333 0.01 0.01
0 0.612500 0.483333 0.01 0.01
0 0.621094 0.445833 0.01 0.01
0 0.630469 0.450000 0.01 0.01
0 0.602344 0.819444 0.01 0.01
0 0.607813 0.812500 0.01 0.01
0 0.612500 0.801389 0.01 0.01
0 0.621875 0.806944 0.01 0.01
0 0.615625 0.793056 0.01 0.01
0 0.625000 0.787500 0.01 0.01
0 0.634375 0.781944 0.01 0.01
0 0.635156 0.770833 0.01 0.01
0 0.622656 0.777778 0.01 0.01
0 0.619531 0.756944 0.01 0.01
0 0.628125 0.755556 0.01 0.01
0 0.628906 0.741667 0.01 0.01
0 0.613281 0.747222 0.01 0.01
0 0.606250 0.759722 0.01 0.01
0 0.639063 0.730556 0.01 0.01
0 0.641406 0.730556 0.01 0.01
0 0.632812 0.715278 0.01 0.01
0 0.645312 0.744444 0.01 0.01
0 0.651563 0.754167 0.01 0.01
0 0.655469 0.743056 0.01 0.01
0 0.664844 0.750000 0.01 0.01
0 0.663281 0.718056 0.01 0.01
0 0.668750 0.704167 0.01 0.01
0 0.672656 0.686111 0.01 0.01
0 0.667188 0.673611 0.01 0.01
0 0.664062 0.680556 0.01 0.01
0 0.660156 0.701389 0.01 0.01
0 0.660156 0.662500 0.01 0.01
0 0.653125 0.668056 0.01 0.01
0 0.650000 0.662500 0.01 0.01
0 0.647656 0.669444 0.01 0.01
0 0.643750 0.666667 0.01 0.01
0 0.639844 0.663889 0.01 0.01
0 0.641406 0.650000 0.01 0.01
0 0.650781 0.683333 0.01 0.01
0 0.637500 0.691667 0.01 0.01
0 0.644531 0.695833 0.01 0.01
0 0.645312 0.701389 0.01 0.01
0 0.645312 0.708333 0.01 0.01
0 0.630469 0.690278 0.01 0.01
0 0.625000 0.698611 0.01 0.01
0 0.623438 0.712500 0.01 0.01
0 0.617188 0.711111 0.01 0.01
0 0.615625 0.719444 0.01 0.01
0 0.592188 0.758333 0.01 0.01
0 0.583594 0.763889 0.01 0.01
0 0.575000 0.765278 0.01 0.01
0 0.593750 0.777778 0.01 0.01
0 0.594531 0.798611 0.01 0.01
0 0.589063 0.795833 0.01 0.01
0 0.590625 0.804167 0.01 0.01
0 0.582031 0.802778 0.01 0.01
0 0.578125 0.831944 0.01 0.01
0 0.571094 0.833333 0.01 0.01
0 0.570312 0.812500 0.01 0.01
0 0.565625 0.801389 0.01 0.01
0 0.575781 0.786111 0.01 0.01
0 0.578125 0.743056 0.01 0.01
0 0.592969 0.720833 0.01 0.01
0 0.582031 0.718056 0.01 0.01
0 0.588281 0.709722 0.01 0.01
0 0.625000 0.620833 0.01 0.01
0 0.619531 0.627778 0.01 0.01
0 0.613281 0.627778 0.01 0.01
0 0.618750 0.637500 0.01 0.01
0 0.597656 0.637500 0.01 0.01
0 0.590625 0.683333 0.01 0.01
0 0.567187 0.719444 0.01 0.01
0 0.553906 0.708333 0.01 0.01
0 0.544531 0.702778 0.01 0.01
0 0.557031 0.687500 0.01 0.01
0 0.550000 0.683333 0.01 0.01
0 0.540625 0.683333 0.01 0.01
0 0.527344 0.681944 0.01 0.01
0 0.545313 0.725000 0.01 0.01
0 0.549219 0.737500 0.01 0.01
0 0.549219 0.762500 0.01 0.01
0 0.544531 0.769444 0.01 0.01
0 0.562500 0.831944 0.01 0.01
0 0.561719 0.811111 0.01 0.01
0 0.574219 0.627778 0.01 0.01
0 0.564844 0.622222 0.01 0.01
0 0.582812 0.627778 0.01 0.01
0 0.598437 0.600000 0.01 0.01
0 0.685156 0.662500 0.01 0.01
0 0.689844 0.637500 0.01 0.01
0 0.667188 0.633333 0.01 0.01
0 0.681250 0.634722 0.01 0.01
0 0.691406 0.594444 0.01 0.01
0 0.698438 0.579167 0.01 0.01
0 0.683594 0.569444 0.01 0.01
0 0.690625 0.575000 0.01 0.01
0 0.673437 0.590278 0.01 0.01
0 0.681250 0.616667 0.01 0.01
0 0.661719 0.597222 0.01 0.01
0 0.655469 0.561111 0.01 0.01
0 0.645312 0.591667 0.01 0.01
0 0.606250 0.522222 0.01 0.01
0 0.594531 0.501389 0.01 0.01
0 0.592188 0.544444 0.01 0.01
0 0.589844 0.572222 0.01 0.01
0 0.592969 0.579167 0.01 0.01
0 0.573438 0.569444 0.01 0.01
0 0.570312 0.540278 0.01 0.01
0 0.563281 0.583333 0.01 0.01
0 0.561719 0.554167 0.01 0.01
0 0.557813 0.543056 0.01 0.01
0 0.550781 0.525000 0.01 0.01
0 0.540625 0.513889 0.01 0.01
0 0.541406 0.494444 0.01 0.01
0 0.532812 0.463889 0.01 0.01
0 0.535156 0.455556 0.01 0.01
0 0.524219 0.458333 0.01 0.01
0 0.522656 0.508333 0.01 0.01
0 0.526563 0.600000 0.01 0.01
0 0.538281 0.600000 0.01 0.01
0 0.537500 0.650000 0.01 0.01
0 0.527344 0.637500 0.01 0.01
0 0.549219 0.820833 0.01 0.01
0 0.556250 0.840278 0.01 0.01
0 0.555469 0.851389 0.01 0.01
0 0.547656 0.848611 0.01 0.01
0 0.546094 0.840278 0.01 0.01
0 0.539062 0.847222 0.01 0.01
0 0.539844 0.855556 0.01 0.01
0 0.532812 0.844444 0.01 0.01
0 0.526563 0.844444 0.01 0.01
0 0.535937 0.823611 0.01 0.01
0 0.508594 0.847222 0.01 0.01
0 0.516406 0.858333 0.01 0.01
0 0.521875 0.758333 0.01 0.01
0 0.525781 0.731944 0.01 0.01
0 0.510938 0.804167 0.01 0.01
0 0.508594 0.813889 0.01 0.01
0 0.507031 0.786111 0.01 0.01
0 0.512500 0.775000 0.01 0.01
0 0.509375 0.744444 0.01 0.01
0 0.515625 0.738889 0.01 0.01
0 0.514844 0.663889 0.01 0.01
0 0.502344 0.677778 0.01 0.01
0 0.517969 0.645833 0.01 0.01
0 0.512500 0.630556 0.01 0.01
0 0.496094 0.693056 0.01 0.01
0 0.485938 0.683333 0.01 0.01
0 0.492969 0.668056 0.01 0.01
0 0.495313 0.816667 0.01 0.01
0 0.492969 0.795833 0.01 0.01
0 0.490625 0.770833 0.01 0.01
0 0.486719 0.752778 0.01 0.01
0 0.485938 0.737500 0.01 0.01
0 0.482812 0.773611 0.01 0.01
0 0.489844 0.845833 0.01 0.01
0 0.482812 0.841667 0.01 0.01
0 0.477344 0.834722 0.01 0.01
0 0.471875 0.834722 0.01 0.01
0 0.467969 0.833333 0.01 0.01
0 0.464844 0.826389 0.01 0.01
0 0.496875 0.840278 0.01 0.01
0 0.500000 0.861111 0.01 0.01
0 0.504687 0.883333 0.01 0.01
0 0.522656 0.902778 0.01 0.01
0 0.553125 0.876389 0.01 0.01
0 0.560156 0.894444 0.01 0.01
0 0.564844 0.934722 0.01 0.01
0 0.567969 0.959722 0.01 0.01
0 0.649219 0.829167 0.01 0.01
0 0.640625 0.820833 0.01 0.01
0 0.646094 0.811111 0.01 0.01
0 0.639063 0.863889 0.01 0.01
0 0.654688 0.909722 0.01 0.01
0 0.661719 0.929167 0.01 0.01
0 0.616406 0.963889 0.01 0.01
0 0.523438 0.976389 0.01 0.01
0 0.409375 0.891667 0.01 0.01
0 0.395312 0.894444 0.01 0.01
0 0.383594 0.894444 0.01 0.01
0 0.379687 0.883333 0.01 0.01
0 0.423438 0.913889 0.01 0.01
0 0.433594 0.902778 0.01 0.01
0 0.459375 0.895833 0.01 0.01
0 0.498437 0.913889 0.01 0.01
0 0.468750 0.970833 0.01 0.01
0 0.457812 0.966667 0.01 0.01
0 0.446875 0.954167 0.01 0.01
0 0.448438 0.873611 0.01 0.01
0 0.430469 0.834722 0.01 0.01
0 0.346094 0.837500 0.01 0.01
0 0.337500 0.826389 0.01 0.01
0 0.477344 0.806944 0.01 0.01
0 0.473437 0.804167 0.01 0.01
0 0.462500 0.802778 0.01 0.01
0 0.460938 0.816667 0.01 0.01
0 0.453125 0.819444 0.01 0.01
0 0.442187 0.836111 0.01 0.01
0 0.434375 0.822222 0.01 0.01
0 0.473437 0.783333 0.01 0.01
0 0.473437 0.719444 0.01 0.01
0 0.504687 0.606944 0.01 0.01
0 0.499219 0.626389 0.01 0.01
0 0.487500 0.658333 0.01 0.01
0 0.463281 0.662500 0.01 0.01
0 0.463281 0.700000 0.01 0.01
0 0.468750 0.697222 0.01 0.01
0 0.464063 0.725000 0.01 0.01
0 0.459375 0.745833 0.01 0.01
0 0.457031 0.758333 0.01 0.01
0 0.464844 0.770833 0.01 0.01
0 0.451562 0.770833 0.01 0.01
0 0.439844 0.794444 0.01 0.01
0 0.442969 0.804167 0.01 0.01
0 0.446094 0.808333 0.01 0.01
0 0.427344 0.804167 0.01 0.01
0 0.425000 0.784722 0.01 0.01
0 0.416406 0.788889 0.01 0.01
0 0.388281 0.802778 0.01 0.01
0 0.377344 0.783333 0.01 0.01
0 0.382812 0.770833 0.01 0.01
0 0.342969 0.752778 0.01 0.01
0 0.322656 0.720833 0.01 0.01
0 0.307031 0.694444 0.01 0.01
0 0.315625 0.775000 0.01 0.01
0 0.320312 0.800000 0.01 0.01
0 0.421875 0.702778 0.01 0.01
0 0.425000 0.700000 0.01 0.01
0 0.416406 0.708333 0.01 0.01
0 0.433594 0.769444 0.01 0.01
0 0.426562 0.747222 0.01 0.01
0 0.419531 0.759722 0.01 0.01
0 0.414062 0.750000 0.01 0.01
0 0.390625 0.743056 0.01 0.01
0 0.394531 0.738889 0.01 0.01
0 0.403125 0.729167 0.01 0.01
0 0.406250 0.713889 0.01 0.01
0 0.417969 0.729167 0.01 0.01
0 0.433594 0.711111 0.01 0.01
0 0.466406 0.640278 0.01 0.01
0 0.478906 0.620833 0.01 0.01
0 0.477344 0.631944 0.01 0.01
0 0.482031 0.640278 0.01 0.01
0 0.488281 0.626389 0.01 0.01
0 0.674219 0.523611 0.01 0.01
0 0.642187 0.376389 0.01 0.01
0 0.625781 0.301389 0.01 0.01
0 0.629687 0.311111 0.01 0.01
0 0.629687 0.291667 0.01 0.01
0 0.641406 0.305556 0.01 0.01
0 0.640625 0.327778 0.01 0.01
0 0.621875 0.297222 0.01 0.01
0 0.625781 0.283333 0.01 0.01
0 0.620313 0.279167 0.01 0.01
0 0.616406 0.290278 0.01 0.01
0 0.616406 0.270833 0.01 0.01
0 0.621875 0.261111 0.01 0.01
0 0.625000 0.276389 0.01 0.01
0 0.642969 0.340278 0.01 0.01
0 0.653125 0.430556 0.01 0.01
0 0.661719 0.493056 0.01 0.01
0 0.656250 0.476389 0.01 0.01
0 0.653125 0.490278 0.01 0.01
0 0.642969 0.518056 0.01 0.01
0 0.623438 0.502778 0.01 0.01
0 0.356250 0.702778 0.01 0.01
0 0.362500 0.695833 0.01 0.01
0 0.372656 0.702778 0.01 0.01
0 0.389062 0.723611 0.01 0.01
0 0.399219 0.705556 0.01 0.01
0 0.385156 0.701389 0.01 0.01
0 0.393750 0.694444 0.01 0.01
0 0.377344 0.691667 0.01 0.01
0 0.384375 0.681944 0.01 0.01
0 0.451562 0.627778 0.01 0.01
0 0.449219 0.615278 0.01 0.01
0 0.460156 0.641667 0.01 0.01
0 0.450000 0.719444 0.01 0.01
0 0.432031 0.690278 0.01 0.01
0 0.452344 0.569444 0.01 0.01
0 0.437500 0.581944 0.01 0.01
0 0.420312 0.579167 0.01 0.01
0 0.378125 0.656944 0.01 0.01
0 0.374219 0.666667 0.01 0.01
0 0.342187 0.668056 0.01 0.01
0 0.296875 0.745833 0.01 0.01
0 0.282031 0.675000 0.01 0.01
0 0.278125 0.648611 0.01 0.01
0 0.271875 0.616667 0.01 0.01
0 0.271875 0.587500 0.01 0.01
0 0.291406 0.623611 0.01 0.01
0 0.291406 0.705556 0.01 0.01
0 0.693750 0.815278 0.01 0.01
0 0.715625 0.804167 0.01 0.01
0 0.715625 0.859722 0.01 0.01
0 0.719531 0.855556 0.01 0.01
0 0.750781 0.822222 0.01 0.01
0 0.782031 0.723611 0.01 0.01
0 0.767187 0.734722 0.01 0.01
0 0.745313 0.730556 0.01 0.01
0 0.353906 0.634722 0.01 0.01
0 0.357031 0.627778 0.01 0.01
0 0.358594 0.622222 0.01 0.01
0 0.356250 0.650000 0.01 0.01
0 0.363281 0.644444 0.01 0.01
0 0.371094 0.641667 0.01 0.01
0 0.367969 0.627778 0.01 0.01
0 0.439844 0.525000 0.01 0.01
0 0.437500 0.505556 0.01 0.01
0 0.444531 0.513889 0.01 0.01
0 0.446875 0.523611 0.01 0.01
0 0.444531 0.558333 0.01 0.01
0 0.439063 0.551389 0.01 0.01
0 0.410937 0.545833 0.01 0.01
0 0.415625 0.534722 0.01 0.01
0 0.393750 0.584722 0.01 0.01
0 0.389062 0.581944 0.01 0.01
0 0.364844 0.601389 0.01 0.01
0 0.357812 0.601389 0.01 0.01
0 0.335938 0.605556 0.01 0.01
0 0.346094 0.600000 0.01 0.01
0 0.367969 0.580556 0.01 0.01
0 0.342969 0.583333 0.01 0.01
0 0.357812 0.587500 0.01 0.01
0 0.352344 0.581944 0.01 0.01
0 0.292969 0.601389 0.01 0.01
0 0.294531 0.576389 0.01 0.01
0 0.485938 0.493056 0.01 0.01
0 0.485938 0.515278 0.01 0.01
0 0.492188 0.581944 0.01 0.01
0 0.514063 0.579167 0.01 0.01
0 0.495313 0.475000 0.01 0.01
0 0.480469 0.440278 0.01 0.01
0 0.467187 0.444444 0.01 0.01
0 0.467187 0.455556 0.01 0.01
0 0.429688 0.430556 0.01 0.01
0 0.411719 0.445833 0.01 0.01
0 0.417188 0.488889 0.01 0.01
0 0.453125 0.459722 0.01 0.01
0 0.451562 0.487500 0.01 0.01
0 0.315625 0.529167 0.01 0.01
0 0.321094 0.554167 0.01 0.01
0 0.281250 0.545833 0.01 0.01
0 0.264844 0.513889 0.01 0.01
0 0.289844 0.334722 0.01 0.01
0 0.281250 0.358333 0.01 0.01
0 0.289844 0.381944 0.01 0.01
0 0.297656 0.381944 0.01 0.01
0 0.325781 0.427778 0.01 0.01
0 0.348437 0.551389 0.01 0.01
0 0.351562 0.547222 0.01 0.01
0 0.282031 0.525000 0.01 0.01
0 0.271875 0.508333 0.01 0.01
0 0.297656 0.494444 0.01 0.01
0 0.306250 0.447222 0.01 0.01
0 0.274219 0.420833 0.01 0.01
0 0.280469 0.383333 0.01 0.01
0 0.271875 0.398611 0.01 0.01
0 0.282813 0.437500 0.01 0.01
0 0.289844 0.459722 0.01 0.01
0 0.285937 0.500000 0.01 0.01
0 0.278125 0.491667 0.01 0.01
0 0.280469 0.476389 0.01 0.01
0 0.361719 0.565278 0.01 0.01
0 0.370313 0.556944 0.01 0.01
0 0.378125 0.541667 0.01 0.01
0 0.369531 0.540278 0.01 0.01
0 0.342187 0.522222 0.01 0.01
0 0.346094 0.529167 0.01 0.01
0 0.366406 0.527778 0.01 0.01
0 0.365625 0.506944 0.01 0.01
0 0.355469 0.519444 0.01 0.01
0 0.360156 0.513889 0.01 0.01
0 0.356250 0.536111 0.01 0.01
0 0.360938 0.536111 0.01 0.01
0 0.336719 0.486111 0.01 0.01
0 0.345313 0.511111 0.01 0.01
0 0.346875 0.498611 0.01 0.01
0 0.346875 0.487500 0.01 0.01
0 0.350000 0.484722 0.01 0.01
0 0.363281 0.480556 0.01 0.01
0 0.361719 0.483333 0.01 0.01
0 0.364062 0.472222 0.01 0.01
0 0.353125 0.475000 0.01 0.01
0 0.364062 0.459722 0.01 0.01
0 0.357031 0.458333 0.01 0.01
0 0.350781 0.452778 0.01 0.01
0 0.346094 0.444444 0.01 0.01
0 0.346094 0.433333 0.01 0.01
0 0.350781 0.443056 0.01 0.01
0 0.355469 0.443056 0.01 0.01
0 0.342187 0.369444 0.01 0.01
0 0.319531 0.347222 0.01 0.01
0 0.295312 0.293056 0.01 0.01
0 0.317969 0.241667 0.01 0.01
0 0.334375 0.251389 0.01 0.01
0 0.354688 0.290278 0.01 0.01
0 0.352344 0.304167 0.01 0.01
0 0.317969 0.265278 0.01 0.01
0 0.329688 0.283333 0.01 0.01
0 0.339844 0.302778 0.01 0.01
0 0.334375 0.316667 0.01 0.01
0 0.367188 0.361111 0.01 0.01
0 0.376563 0.234722 0.01 0.01
0 0.400000 0.230556 0.01 0.01
0 0.413281 0.370833 0.01 0.01
0 0.405469 0.370833 0.01 0.01
0 0.382031 0.431944 0.01 0.01
0 0.364062 0.431944 0.01 0.01
0 0.381250 0.386111 0.01 0.01
0 0.353906 0.415278 0.01 0.01
0 0.371875 0.408333 0.01 0.01
0 0.360938 0.418056 0.01 0.01
0 0.371875 0.397222 0.01 0.01
0 0.371875 0.377778 0.01 0.01
0 0.366406 0.387500 0.01 0.01
0 0.364062 0.405556 0.01 0.01
0 0.376563 0.368056 0.01 0.01
0 0.382812 0.351389 0.01 0.01
0 0.393750 0.347222 0.01 0.01
0 0.411719 0.337500 0.01 0.01
0 0.403906 0.348611 0.01 0.01
0 0.397656 0.316667 0.01 0.01
0 0.381250 0.318056 0.01 0.01
0 0.385156 0.312500 0.01 0.01
0 0.389844 0.331944 0.01 0.01
0 0.445312 0.391667 0.01 0.01
0 0.464063 0.386111 0.01 0.01
0 0.776563 0.358333 0.01 0.01
0 0.792969 0.384722 0.01 0.01
0 0.796094 0.487500 0.01 0.01
0 0.786719 0.481944 0.01 0.01
0 0.808594 0.504167 0.01 0.01
0 0.808594 0.537500 0.01 0.01
0 0.805469 0.556944 0.01 0.01
0 0.792188 0.584722 0.01 0.01
0 0.760156 0.622222 0.01 0.01
0 0.772656 0.580556 0.01 0.01
0 0.756250 0.595833 0.01 0.01
0 0.732813 0.559722 0.01 0.01
0 0.717188 0.587500 0.01 0.01
0 0.710938 0.629167 0.01 0.01
0 0.341406 0.204167 0.01 0.01
0 0.345313 0.176389 0.01 0.01
0 0.358594 0.184722 0.01 0.01
0 0.378906 0.209722 0.01 0.01
0 0.403906 0.191667 0.01 0.01
0 0.402344 0.152778 0.01 0.01
0 0.382031 0.170833 0.01 0.01
0 0.360156 0.163889 0.01 0.01
0 0.374219 0.162500 0.01 0.01
0 0.450781 0.080556 0.01 0.01
0 0.456250 0.077778 0.01 0.01
0 0.460156 0.083333 0.01 0.01
0 0.453125 0.068056 0.01 0.01
0 0.441406 0.108333 0.01 0.01
0 0.460938 0.102778 0.01 0.01
0 0.458594 0.115278 0.01 0.01
0 0.433594 0.148611 0.01 0.01
0 0.492969 0.050000 0.01 0.01
0 0.550000 0.044444 0.01 0.01
0 0.510938 0.034722 0.01 0.01
0 0.520312 0.070833 0.01 0.01
0 0.513281 0.070833 0.01 0.01
0 0.530469 0.120833 0.01 0.01
0 0.480469 0.370833 0.01 0.01
0 0.474219 0.354167 0.01 0.01
0 0.460156 0.294444 0.01 0.01
0 0.480469 0.227778 0.01 0.01
0 0.488281 0.225000 0.01 0.01
0 0.488281 0.233333 0.01 0.01
0 0.510156 0.244444 0.01 0.01
0 0.502344 0.238889 0.01 0.01
0 0.495313 0.268056 0.01 0.01
0 0.482031 0.311111 0.01 0.01
0 0.491406 0.370833 0.01 0.01
0 0.512500 0.422222 0.01 0.01
0 0.486719 0.401389 0.01 0.01
0 0.426562 0.329167 0.01 0.01
0 0.413281 0.252778 0.01 0.01
0 0.443750 0.241667 0.01 0.01
0 0.483594 0.175000 0.01 0.01
0 0.485156 0.125000 0.01 0.01
0 0.492969 0.202778 0.01 0.01
0 0.467187 0.219444 0.01 0.01
0 0.461719 0.245833 0.01 0.01
0 0.452344 0.213889 0.01 0.01
0 0.454688 0.243056 0.01 0.01
0 0.457031 0.255556 0.01 0.01
0 0.450000 0.256944 0.01 0.01
0 0.425000 0.266667 0.01 0.01
0 0.426562 0.277778 0.01 0.01
0 0.414844 0.290278 0.01 0.01
0 0.420312 0.295833 0.01 0.01
0 0.447656 0.319444 0.01 0.01
0 0.700781 0.545833 0.01 0.01
0 0.746875 0.369444 0.01 0.01
0 0.775000 0.302778 0.01 0.01
0 0.760938 0.279167 0.01 0.01
0 0.763281 0.325000 0.01 0.01
0 0.746094 0.311111 0.01 0.01
0 0.692187 0.179167 0.01 0.01
0 0.690625 0.119444 0.01 0.01
0 0.679688 0.166667 0.01 0.01
0 0.678906 0.133333 0.01 0.01
0 0.675781 0.165278 0.01 0.01
0 0.665625 0.116667 0.01 0.01
0 0.640625 0.077778 0.01 0.01
0 0.596875 0.084722 0.01 0.01
0 0.532031 0.223611 0.01 0.01
0 0.537500 0.390278 0.01 0.01
0 0.509375 0.344444 0.01 0.01
0 0.719531 0.495833 0.01 0.01
0 0.686719 0.515278 0.01 0.01
0 0.649219 0.343056 0.01 0.01
0 0.652344 0.354167 0.01 0.01
0 0.660156 0.345833 0.01 0.01
0 0.671094 0.363889 0.01 0.01
0 0.665625 0.355556 0.01 0.01
0 0.606250 0.258333 0.01 0.01
0 0.623438 0.197222 0.01 0.01
0 0.605469 0.150000 0.01 0.01
0 0.578906 0.163889 0.01 0.01
0 0.602344 0.195833 0.01 0.01
0 0.578125 0.186111 0.01 0.01
0 0.591406 0.212500 0.01 0.01
0 0.596094 0.250000 0.01 0.01
0 0.589844 0.255556 0.01 0.01
0 0.598437 0.280556 0.01 0.01
0 0.590625 0.302778 0.01 0.01
0 0.555469 0.223611 0.01 0.01
0 0.562500 0.231944 0.01 0.01
0 0.575000 0.240278 0.01 0.01
0 0.567969 0.355556 0.01 0.01
0 0.575781 0.351389 0.01 0.01
0 0.564062 0.272222 0.01 0.01
0 0.560156 0.306944 0.01 0.01
0 0.559375 0.350000 0.01 0.01
0 0.595312 0.397222 0.01 0.01
0 0.695312 0.493056 0.01 0.01
0 0.731250 0.384722 0.01 0.01
0 0.680469 0.394444 0.01 0.01
0 0.700000 0.398611 0.01 0.01
0 0.687500 0.398611 0.01 0.01
0 0.675781 0.420833 0.01 0.01
0 0.707812 0.468056 0.01 0.01
0 0.714844 0.370833 0.01 0.01
0 0.726562 0.429167 0.01 0.01
0 0.723437 0.381944 0.01 0.01
0 0.694531 0.459722 0.01 0.01
0 0.689844 0.440278 0.01 0.01
0 0.676562 0.486111 0.01 0.01
0 0.538281 0.333333 0.01 0.01
