0 0.784499 0.341283 0.01 0.01
0 0.778543 0.360106 0.01 0.01
0 0.774573 0.309518 0.01 0.01
0 0.763984 0.328342 0.01 0.01
0 0.743470 0.311871 0.01 0.01
0 0.749426 0.362459 0.01 0.01
0 0.756043 0.270694 0.01 0.01
0 0.793102 0.384812 0.01 0.01
0 0.782514 0.473047 0.01 0.01
0 0.796411 0.488342 0.01 0.01
0 0.806999 0.507165 0.01 0.01
0 0.807661 0.535400 0.01 0.01
0 0.795749 0.571871 0.01 0.01
0 0.768617 0.581283 0.01 0.01
0 0.754058 0.597753 0.01 0.01
0 0.760676 0.622459 0.01 0.01
0 0.780528 0.716577 0.01 0.01
0 0.759352 0.738930 0.01 0.01
0 0.742808 0.815400 0.01 0.01
0 0.748102 0.730694 0.01 0.01
0 0.714352 0.798930 0.01 0.01
0 0.697808 0.816577 0.01 0.01
0 0.718323 0.853047 0.01 0.01
0 0.716337 0.853047 0.01 0.01
0 0.642881 0.863636 0.01 0.01
0 0.660749 0.891871 0.01 0.01
0 0.659426 0.928342 0.01 0.01
0 0.615087 0.965989 0.01 0.01
0 0.563470 0.951871 0.01 0.01
0 0.556190 0.934224 0.01 0.01
0 0.517808 0.973047 0.01 0.01
0 0.559499 0.880106 0.01 0.01
0 0.546926 0.875400 0.01 0.01
0 0.522440 0.896577 0.01 0.01
0 0.492661 0.917753 0.01 0.01
0 0.507881 0.917753 0.01 0.01
0 0.503249 0.878930 0.01 0.01
0 0.456264 0.900106 0.01 0.01
0 0.439058 0.917753 0.01 0.01
0 0.426484 0.918930 0.01 0.01
0 0.380823 0.900106 0.01 0.01
0 0.384131 0.889518 0.01 0.01
0 0.379499 0.882459 0.01 0.01
0 0.388102 0.877753 0.01 0.01
0 0.390749 0.889518 0.01 0.01
0 0.419205 0.871871 0.01 0.01
0 0.340455 0.830694 0.01 0.01
0 0.335161 0.822459 0.01 0.01
0 0.316631 0.795400 0.01 0.01
0 0.319278 0.770694 0.01 0.01
0 0.341778 0.749518 0.01 0.01
0 0.294131 0.743636 0.01 0.01
0 0.325234 0.709518 0.01 0.01
0 0.288837 0.722459 0.01 0.01
0 0.339131 0.664812 0.01 0.01
0 0.306705 0.689518 0.01 0.01
0 0.282220 0.678930 0.01 0.01
0 0.291484 0.633047 0.01 0.01
0 0.274940 0.649518 0.01 0.01
0 0.268984 0.610694 0.01 0.01
0 0.265014 0.577753 0.01 0.01
0 0.288176 0.591871 0.01 0.01
0 0.281558 0.544812 0.01 0.01
0 0.292808 0.553047 0.01 0.01
0 0.317955 0.554224 0.01 0.01
0 0.316631 0.535400 0.01 0.01
0 0.282220 0.522459 0.01 0.01
0 0.261043 0.514224 0.01 0.01
0 0.269646 0.508341 0.01 0.01
0 0.274940 0.495400 0.01 0.01
0 0.286852 0.477753 0.01 0.01
0 0.298102 0.483636 0.01 0.01
0 0.276926 0.471871 0.01 0.01
0 0.282881 0.436577 0.01 0.01
0 0.288837 0.451871 0.01 0.01
0 0.304720 0.445989 0.01 0.01
0 0.271631 0.422459 0.01 0.01
0 0.269646 0.398930 0.01 0.01
0 0.285528 0.384812 0.01 0.01
0 0.279573 0.378930 0.01 0.01
0 0.295455 0.367165 0.01 0.01
0 0.276926 0.364812 0.01 0.01
0 0.324573 0.398930 0.01 0.01
0 0.341778 0.368341 0.01 0.01
0 0.317293 0.351871 0.01 0.01
0 0.285528 0.330694 0.01 0.01
0 0.295455 0.291871 0.01 0.01
0 0.335823 0.309518 0.01 0.01
0 0.343764 0.300106 0.01 0.01
0 0.353028 0.298930 0.01 0.01
0 0.353690 0.284812 0.01 0.01
0 0.331190 0.275400 0.01 0.01
0 0.337146 0.254224 0.01 0.01
0 0.313984 0.257753 0.01 0.01
0 0.319940 0.243636 0.01 0.01
0 0.347734 0.200106 0.01 0.01
0 0.346411 0.174224 0.01 0.01
0 0.351043 0.174224 0.01 0.01
0 0.372881 0.160106 0.01 0.01
0 0.382808 0.169518 0.01 0.01
0 0.403984 0.149518 0.01 0.01
0 0.401337 0.193047 0.01 0.01
0 0.393396 0.234224 0.01 0.01
0 0.375528 0.208342 0.01 0.01
0 0.379499 0.224812 0.01 0.01
0 0.358323 0.161283 0.01 0.01
0 0.436411 0.149518 0.01 0.01
0 0.431778 0.143636 0.01 0.01
0 0.454278 0.100106 0.01 0.01
0 0.457587 0.110694 0.01 0.01
0 0.445676 0.097753 0.01 0.01
0 0.459573 0.083636 0.01 0.01
0 0.456264 0.073047 0.01 0.01
0 0.454278 0.071871 0.01 0.01
0 0.451631 0.064812 0.01 0.01
0 0.493984 0.054224 0.01 0.01
0 0.508543 0.031871 0.01 0.01
0 0.529058 0.073047 0.01 0.01
0 0.546264 0.049518 0.01 0.01
0 0.486043 0.127165 0.01 0.01
0 0.592587 0.078930 0.01 0.01
0 0.645528 0.077753 0.01 0.01
0 0.661411 0.121283 0.01 0.01
0 0.693176 0.120106 0.01 0.01
0 0.673323 0.160106 0.01 0.01
0 0.678617 0.168342 0.01 0.01
0 0.689867 0.182459 0.01 0.01
0 0.691852 0.188341 0.01 0.01
0 0.619058 0.188341 0.01 0.01
0 0.606484 0.147165 0.01 0.01
0 0.576705 0.158930 0.01 0.01
0 0.576705 0.182459 0.01 0.01
0 0.590602 0.211871 0.01 0.01
0 0.619720 0.241283 0.01 0.01
0 0.709720 0.377753 0.01 0.01
0 0.720970 0.384812 0.01 0.01
0 0.729573 0.431871 0.01 0.01
0 0.699131 0.396577 0.01 0.01
0 0.715676 0.495400 0.01 0.01
0 0.711043 0.508341 0.01 0.01
0 0.734867 0.558930 0.01 0.01
0 0.714352 0.591871 0.01 0.01
0 0.709058 0.624812 0.01 0.01
0 0.702440 0.531871 0.01 0.01
0 0.695823 0.548342 0.01 0.01
0 0.689867 0.551871 0.01 0.01
0 0.685896 0.570694 0.01 0.01
0 0.688543 0.576577 0.01 0.01
0 0.695823 0.576577 0.01 0.01
0 0.692514 0.594224 0.01 0.01
0 0.674646 0.590694 0.01 0.01
0 0.660749 0.596577 0.01 0.01
0 0.681926 0.613047 0.01 0.01
0 0.666705 0.630694 0.01 0.01
0 0.680602 0.634224 0.01 0.01
0 0.685896 0.636577 0.01 0.01
0 0.658764 0.654224 0.01 0.01
0 0.662073 0.661283 0.01 0.01
0 0.663396 0.671871 0.01 0.01
0 0.668028 0.671871 0.01 0.01
0 0.671337 0.687165 0.01 0.01
0 0.667367 0.708342 0.01 0.01
0 0.658764 0.708342 0.01 0.01
0 0.664720 0.716577 0.01 0.01
0 0.683249 0.658930 0.01 0.01
0 0.660087 0.761283 0.01 0.01
0 0.654131 0.755400 0.01 0.01
0 0.649499 0.747165 0.01 0.01
0 0.658102 0.741283 0.01 0.01
0 0.642881 0.642459 0.01 0.01
0 0.638249 0.662459 0.01 0.01
0 0.647514 0.665989 0.01 0.01
0 0.647514 0.665989 0.01 0.01
0 0.649499 0.684812 0.01 0.01
0 0.637587 0.689518 0.01 0.01
0 0.639573 0.698930 0.01 0.01
0 0.644867 0.705989 0.01 0.01
0 0.644205 0.710694 0.01 0.01
0 0.640896 0.721283 0.01 0.01
0 0.642881 0.729518 0.01 0.01
0 0.629646 0.696577 0.01 0.01
0 0.626999 0.704812 0.01 0.01
0 0.632955 0.714224 0.01 0.01
0 0.625014 0.716577 0.01 0.01
0 0.617734 0.716577 0.01 0.01
0 0.631631 0.740106 0.01 0.01
0 0.630308 0.753047 0.01 0.01
0 0.634940 0.781283 0.01 0.01
0 0.626999 0.784812 0.01 0.01
0 0.622367 0.773047 0.01 0.01
0 0.621043 0.801283 0.01 0.01
0 0.620381 0.791871 0.01 0.01
0 0.617734 0.803636 0.01 0.01
0 0.611778 0.800106 0.01 0.01
0 0.607808 0.808341 0.01 0.01
0 0.599867 0.821283 0.01 0.01
0 0.607808 0.742459 0.01 0.01
0 0.616411 0.751871 0.01 0.01
0 0.606484 0.757753 0.01 0.01
0 0.593249 0.777753 0.01 0.01
0 0.595234 0.798930 0.01 0.01
0 0.591926 0.796577 0.01 0.01
0 0.590602 0.803636 0.01 0.01
0 0.574720 0.783636 0.01 0.01
0 0.580676 0.798930 0.01 0.01
0 0.567440 0.800106 0.01 0.01
0 0.570087 0.813047 0.01 0.01
0 0.570087 0.827165 0.01 0.01
0 0.576705 0.836577 0.01 0.01
0 0.562808 0.814224 0.01 0.01
0 0.561484 0.824812 0.01 0.01
0 0.546264 0.830694 0.01 0.01
0 0.544940 0.849518 0.01 0.01
0 0.539646 0.848342 0.01 0.01
0 0.533690 0.845989 0.01 0.01
0 0.527073 0.845989 0.01 0.01
0 0.554205 0.838930 0.01 0.01
0 0.555529 0.845989 0.01 0.01
0 0.546926 0.768341 0.01 0.01
0 0.544940 0.768341 0.01 0.01
0 0.510528 0.842459 0.01 0.01
0 0.535014 0.820106 0.01 0.01
0 0.499278 0.841283 0.01 0.01
0 0.491337 0.847165 0.01 0.01
0 0.484720 0.838930 0.01 0.01
0 0.475455 0.833047 0.01 0.01
0 0.460896 0.828341 0.01 0.01
0 0.468837 0.818930 0.01 0.01
0 0.475455 0.810694 0.01 0.01
0 0.470161 0.810694 0.01 0.01
0 0.468176 0.798930 0.01 0.01
0 0.457587 0.815400 0.01 0.01
0 0.449646 0.809518 0.01 0.01
0 0.447661 0.807165 0.01 0.01
0 0.443690 0.807165 0.01 0.01
0 0.441043 0.834224 0.01 0.01
0 0.437734 0.794224 0.01 0.01
0 0.411926 0.805989 0.01 0.01
0 0.391411 0.796577 0.01 0.01
0 0.381484 0.776577 0.01 0.01
0 0.376852 0.761283 0.01 0.01
0 0.515161 0.805989 0.01 0.01
0 0.508543 0.809518 0.01 0.01
0 0.495308 0.813047 0.01 0.01
0 0.491999 0.796577 0.01 0.01
0 0.505234 0.788342 0.01 0.01
0 0.511852 0.775400 0.01 0.01
0 0.500602 0.741283 0.01 0.01
0 0.513837 0.731871 0.01 0.01
0 0.524426 0.760106 0.01 0.01
0 0.525087 0.730694 0.01 0.01
0 0.528396 0.716577 0.01 0.01
0 0.547587 0.736577 0.01 0.01
0 0.572073 0.761283 0.01 0.01
0 0.585970 0.762459 0.01 0.01
0 0.578029 0.738930 0.01 0.01
0 0.592587 0.717753 0.01 0.01
0 0.582661 0.717753 0.01 0.01
0 0.584646 0.709518 0.01 0.01
0 0.567440 0.716577 0.01 0.01
0 0.550896 0.705989 0.01 0.01
0 0.544940 0.697753 0.01 0.01
0 0.556190 0.684812 0.01 0.01
0 0.544940 0.680106 0.01 0.01
0 0.525087 0.676577 0.01 0.01
0 0.621043 0.610694 0.01 0.01
0 0.623028 0.630694 0.01 0.01
0 0.619058 0.628341 0.01 0.01
0 0.618396 0.636577 0.01 0.01
0 0.594573 0.638930 0.01 0.01
0 0.582661 0.678930 0.01 0.01
0 0.588617 0.680106 0.01 0.01
0 0.641558 0.594224 0.01 0.01
0 0.656117 0.558930 0.01 0.01
0 0.665381 0.542459 0.01 0.01
0 0.673323 0.527165 0.01 0.01
0 0.693837 0.514224 0.01 0.01
0 0.696484 0.493047 0.01 0.01
0 0.691852 0.453047 0.01 0.01
0 0.689205 0.435400 0.01 0.01
0 0.687220 0.394224 0.01 0.01
0 0.678617 0.393047 0.01 0.01
0 0.672661 0.420106 0.01 0.01
0 0.655455 0.421283 0.01 0.01
0 0.675970 0.487165 0.01 0.01
0 0.660749 0.493047 0.01 0.01
0 0.640896 0.518930 0.01 0.01
0 0.621705 0.503636 0.01 0.01
0 0.629646 0.447165 0.01 0.01
0 0.623028 0.441283 0.01 0.01
0 0.605161 0.440106 0.01 0.01
0 0.615749 0.477753 0.01 0.01
0 0.611117 0.521283 0.01 0.01
0 0.595234 0.484812 0.01 0.01
0 0.595896 0.496577 0.01 0.01
0 0.578029 0.460106 0.01 0.01
0 0.589940 0.544812 0.01 0.01
0 0.587293 0.571871 0.01 0.01
0 0.592587 0.580106 0.01 0.01
0 0.600529 0.601283 0.01 0.01
0 0.580676 0.628341 0.01 0.01
0 0.569426 0.625989 0.01 0.01
0 0.563470 0.615400 0.01 0.01
0 0.564131 0.582459 0.01 0.01
0 0.573396 0.564812 0.01 0.01
0 0.571411 0.535400 0.01 0.01
0 0.560823 0.551871 0.01 0.01
0 0.558176 0.545989 0.01 0.01
0 0.534352 0.494224 0.01 0.01
0 0.551558 0.525989 0.01 0.01
0 0.646190 0.378930 0.01 0.01
0 0.636926 0.368341 0.01 0.01
0 0.642220 0.344812 0.01 0.01
0 0.638249 0.324812 0.01 0.01
0 0.649499 0.344812 0.01 0.01
0 0.654131 0.356577 0.01 0.01
0 0.660087 0.348341 0.01 0.01
0 0.664058 0.364812 0.01 0.01
0 0.641558 0.303636 0.01 0.01
0 0.630308 0.311871 0.01 0.01
0 0.631631 0.302459 0.01 0.01
0 0.621043 0.300106 0.01 0.01
0 0.596558 0.243636 0.01 0.01
0 0.593911 0.260106 0.01 0.01
0 0.612440 0.268342 0.01 0.01
0 0.621705 0.270694 0.01 0.01
0 0.620381 0.275400 0.01 0.01
0 0.615087 0.277753 0.01 0.01
0 0.589940 0.297753 0.01 0.01
0 0.600529 0.280106 0.01 0.01
0 0.561484 0.271871 0.01 0.01
0 0.575381 0.347165 0.01 0.01
0 0.568764 0.347165 0.01 0.01
0 0.559499 0.354224 0.01 0.01
0 0.593249 0.405989 0.01 0.01
0 0.556852 0.307165 0.01 0.01
0 0.575381 0.244812 0.01 0.01
0 0.563470 0.233047 0.01 0.01
0 0.524426 0.218930 0.01 0.01
0 0.507881 0.230694 0.01 0.01
0 0.507220 0.245989 0.01 0.01
0 0.552881 0.220106 0.01 0.01
0 0.597881 0.193047 0.01 0.01
0 0.494646 0.201283 0.01 0.01
0 0.489352 0.227165 0.01 0.01
0 0.485381 0.227165 0.01 0.01
0 0.480749 0.182459 0.01 0.01
0 0.463543 0.244812 0.01 0.01
0 0.454940 0.254224 0.01 0.01
0 0.439720 0.245989 0.01 0.01
0 0.447661 0.254224 0.01 0.01
0 0.468837 0.253047 0.01 0.01
0 0.491337 0.268342 0.01 0.01
0 0.501926 0.251871 0.01 0.01
0 0.509867 0.343636 0.01 0.01
0 0.483396 0.310694 0.01 0.01
0 0.461558 0.294224 0.01 0.01
0 0.476117 0.353047 0.01 0.01
0 0.479426 0.365989 0.01 0.01
0 0.492661 0.369518 0.01 0.01
0 0.534352 0.390694 0.01 0.01
0 0.538984 0.396577 0.01 0.01
0 0.535014 0.461283 0.01 0.01
0 0.526411 0.501283 0.01 0.01
0 0.539646 0.600106 0.01 0.01
0 0.538984 0.653047 0.01 0.01
0 0.527734 0.637753 0.01 0.01
0 0.520455 0.647165 0.01 0.01
0 0.518470 0.661283 0.01 0.01
0 0.515823 0.663636 0.01 0.01
0 0.515161 0.628341 0.01 0.01
0 0.507220 0.605989 0.01 0.01
0 0.511852 0.580106 0.01 0.01
0 0.497955 0.618930 0.01 0.01
0 0.500602 0.665989 0.01 0.01
0 0.493323 0.662459 0.01 0.01
0 0.488028 0.685989 0.01 0.01
0 0.496631 0.694224 0.01 0.01
0 0.481411 0.625989 0.01 0.01
0 0.477440 0.634224 0.01 0.01
0 0.480749 0.636577 0.01 0.01
0 0.488028 0.651871 0.01 0.01
0 0.464205 0.663636 0.01 0.01
0 0.462220 0.697753 0.01 0.01
0 0.464205 0.696577 0.01 0.01
0 0.474793 0.714224 0.01 0.01
0 0.462881 0.727165 0.01 0.01
0 0.484720 0.734224 0.01 0.01
0 0.509205 0.756577 0.01 0.01
0 0.487367 0.751871 0.01 0.01
0 0.491999 0.764812 0.01 0.01
0 0.484058 0.787165 0.01 0.01
0 0.472808 0.776577 0.01 0.01
0 0.466852 0.771871 0.01 0.01
0 0.458911 0.757753 0.01 0.01
0 0.460896 0.743636 0.01 0.01
0 0.436411 0.773047 0.01 0.01
0 0.433764 0.814224 0.01 0.01
0 0.447661 0.770694 0.01 0.01
0 0.422514 0.756577 0.01 0.01
0 0.429793 0.747165 0.01 0.01
0 0.412587 0.751871 0.01 0.01
0 0.431778 0.713047 0.01 0.01
0 0.419205 0.694224 0.01 0.01
0 0.419205 0.694224 0.01 0.01
0 0.415234 0.708342 0.01 0.01
0 0.405970 0.715400 0.01 0.01
0 0.418543 0.733047 0.01 0.01
0 0.404646 0.734224 0.01 0.01
0 0.387440 0.741283 0.01 0.01
0 0.382146 0.737753 0.01 0.01
0 0.386779 0.724812 0.01 0.01
0 0.457587 0.638930 0.01 0.01
0 0.451631 0.629518 0.01 0.01
0 0.446337 0.617753 0.01 0.01
0 0.470161 0.640106 0.01 0.01
0 0.482073 0.654224 0.01 0.01
0 0.460234 0.560106 0.01 0.01
0 0.486043 0.510694 0.01 0.01
0 0.482073 0.491871 0.01 0.01
0 0.507220 0.462459 0.01 0.01
0 0.488028 0.404812 0.01 0.01
0 0.466190 0.376577 0.01 0.01
0 0.469499 0.443636 0.01 0.01
0 0.455602 0.455400 0.01 0.01
0 0.450308 0.487165 0.01 0.01
0 0.437073 0.509518 0.01 0.01
0 0.446999 0.514224 0.01 0.01
0 0.440381 0.520106 0.01 0.01
0 0.444352 0.553047 0.01 0.01
0 0.437734 0.554224 0.01 0.01
0 0.435749 0.585989 0.01 0.01
0 0.419205 0.571871 0.01 0.01
0 0.406631 0.449518 0.01 0.01
0 0.417881 0.500106 0.01 0.01
0 0.415896 0.368341 0.01 0.01
0 0.407293 0.367165 0.01 0.01
0 0.405970 0.340106 0.01 0.01
0 0.413249 0.337753 0.01 0.01
0 0.423837 0.328342 0.01 0.01
0 0.450308 0.318930 0.01 0.01
0 0.428470 0.278930 0.01 0.01
0 0.419867 0.297753 0.01 0.01
0 0.411926 0.288341 0.01 0.01
0 0.415896 0.240106 0.01 0.01
0 0.456926 0.205989 0.01 0.01
0 0.476117 0.213047 0.01 0.01
0 0.679278 0.129518 0.01 0.01
0 0.652146 0.489518 0.01 0.01
0 0.535014 0.334224 0.01 0.01
0 0.515161 0.423636 0.01 0.01
0 0.495308 0.569518 0.01 0.01
0 0.482734 0.440106 0.01 0.01
0 0.446999 0.390694 0.01 0.01
0 0.415234 0.531871 0.01 0.01
0 0.409278 0.536577 0.01 0.01
0 0.428470 0.430694 0.01 0.01
0 0.432440 0.680106 0.01 0.01
0 0.361631 0.680106 0.01 0.01
0 0.364940 0.696577 0.01 0.01
0 0.376190 0.693047 0.01 0.01
0 0.386117 0.697753 0.01 0.01
0 0.396043 0.689518 0.01 0.01
0 0.381484 0.681283 0.01 0.01
0 0.370896 0.669518 0.01 0.01
0 0.374867 0.668342 0.01 0.01
0 0.373543 0.641283 0.01 0.01
0 0.364940 0.641283 0.01 0.01
0 0.360308 0.655400 0.01 0.01
0 0.355014 0.644812 0.01 0.01
0 0.356999 0.635400 0.01 0.01
0 0.357661 0.627165 0.01 0.01
0 0.385455 0.615400 0.01 0.01
0 0.386779 0.581283 0.01 0.01
0 0.394058 0.581283 0.01 0.01
0 0.356999 0.611871 0.01 0.01
0 0.363617 0.604812 0.01 0.01
0 0.345087 0.598930 0.01 0.01
0 0.358984 0.587165 0.01 0.01
0 0.364940 0.589518 0.01 0.01
0 0.366926 0.580106 0.01 0.01
0 0.351043 0.597753 0.01 0.01
0 0.337808 0.595400 0.01 0.01
0 0.362955 0.567165 0.01 0.01
0 0.377514 0.543636 0.01 0.01
0 0.372220 0.543636 0.01 0.01
0 0.369573 0.562459 0.01 0.01
0 0.350381 0.581283 0.01 0.01
0 0.343764 0.576577 0.01 0.01
0 0.349720 0.545989 0.01 0.01
0 0.349720 0.536577 0.01 0.01
0 0.349720 0.530694 0.01 0.01
0 0.355676 0.530694 0.01 0.01
0 0.355676 0.530694 0.01 0.01
0 0.364278 0.529518 0.01 0.01
0 0.365602 0.501283 0.01 0.01
0 0.362293 0.517753 0.01 0.01
0 0.356999 0.517753 0.01 0.01
0 0.342440 0.517753 0.01 0.01
0 0.347073 0.504812 0.01 0.01
0 0.341117 0.481283 0.01 0.01
0 0.349720 0.482459 0.01 0.01
0 0.353028 0.473047 0.01 0.01
0 0.360308 0.482459 0.01 0.01
0 0.362955 0.482459 0.01 0.01
0 0.364940 0.470694 0.01 0.01
0 0.365602 0.455400 0.01 0.01
0 0.366264 0.458930 0.01 0.01
0 0.354352 0.453047 0.01 0.01
0 0.359646 0.438930 0.01 0.01
0 0.346411 0.425989 0.01 0.01
0 0.346411 0.441283 0.01 0.01
0 0.366926 0.428342 0.01 0.01
0 0.360308 0.414224 0.01 0.01
0 0.384131 0.425989 0.01 0.01
0 0.370896 0.407165 0.01 0.01
0 0.366264 0.400106 0.01 0.01
0 0.374205 0.387165 0.01 0.01
0 0.366926 0.385989 0.01 0.01
0 0.372220 0.378930 0.01 0.01
0 0.384793 0.388342 0.01 0.01
0 0.364940 0.363636 0.01 0.01
0 0.378176 0.364812 0.01 0.01
0 0.380823 0.350694 0.01 0.01
0 0.382808 0.337753 0.01 0.01
0 0.392073 0.331871 0.01 0.01
0 0.400014 0.316577 0.01 0.01
0 0.385455 0.317753 0.01 0.01
0 0.381484 0.318930 0.01 0.01
0 0.646852 0.823636 0.01 0.01
0 0.637587 0.820106 0.01 0.01
0 0.051926 0.314224 0.01 0.01
