0 0.754720 0.267165 0.01 0.01
0 0.775234 0.311871 0.01 0.01
0 0.748764 0.314224 0.01 0.01
0 0.769940 0.330694 0.01 0.01
0 0.787808 0.348341 0.01 0.01
0 0.779867 0.360106 0.01 0.01
0 0.793764 0.385989 0.01 0.01
0 0.752073 0.362459 0.01 0.01
0 0.784499 0.470694 0.01 0.01
0 0.798396 0.490694 0.01 0.01
0 0.805014 0.511871 0.01 0.01
0 0.809646 0.535400 0.01 0.01
0 0.799720 0.564812 0.01 0.01
0 0.769940 0.584812 0.01 0.01
0 0.752734 0.600106 0.01 0.01
0 0.761999 0.622459 0.01 0.01
0 0.742146 0.627165 0.01 0.01
0 0.784499 0.722459 0.01 0.01
0 0.716999 0.496577 0.01 0.01
0 0.727587 0.387165 0.01 0.01
0 0.711043 0.390694 0.01 0.01
0 0.703764 0.397753 0.01 0.01
0 0.729573 0.431871 0.01 0.01
0 0.713029 0.535400 0.01 0.01
0 0.703764 0.528342 0.01 0.01
0 0.696484 0.514224 0.01 0.01
0 0.695823 0.497753 0.01 0.01
0 0.731558 0.558930 0.01 0.01
0 0.713690 0.590694 0.01 0.01
0 0.708396 0.622459 0.01 0.01
0 0.693837 0.594224 0.01 0.01
0 0.699131 0.573047 0.01 0.01
0 0.686558 0.573047 0.01 0.01
0 0.690529 0.551871 0.01 0.01
0 0.673323 0.590694 0.01 0.01
0 0.682587 0.613047 0.01 0.01
0 0.687881 0.637753 0.01 0.01
0 0.682587 0.634224 0.01 0.01
0 0.685896 0.657753 0.01 0.01
0 0.667367 0.630694 0.01 0.01
0 0.666043 0.651871 0.01 0.01
0 0.660087 0.650694 0.01 0.01
0 0.669352 0.673047 0.01 0.01
0 0.663396 0.677753 0.01 0.01
0 0.673323 0.690694 0.01 0.01
0 0.664058 0.710694 0.01 0.01
0 0.666043 0.723636 0.01 0.01
0 0.662073 0.713047 0.01 0.01
0 0.659426 0.750694 0.01 0.01
0 0.650161 0.745989 0.01 0.01
0 0.656779 0.769518 0.01 0.01
0 0.762661 0.740106 0.01 0.01
0 0.716337 0.796577 0.01 0.01
0 0.744131 0.816577 0.01 0.01
0 0.699131 0.820106 0.01 0.01
0 0.716337 0.857753 0.01 0.01
0 0.715014 0.855400 0.01 0.01
0 0.670676 0.883636 0.01 0.01
0 0.644205 0.863636 0.01 0.01
0 0.658102 0.937753 0.01 0.01
0 0.570087 0.950694 0.01 0.01
0 0.515161 0.973047 0.01 0.01
0 0.616411 0.958930 0.01 0.01
0 0.750749 0.733047 0.01 0.01
0 0.632955 0.828341 0.01 0.01
0 0.644205 0.822459 0.01 0.01
0 0.642220 0.809518 0.01 0.01
0 0.557514 0.936577 0.01 0.01
0 0.564793 0.874224 0.01 0.01
0 0.538323 0.883636 0.01 0.01
0 0.525087 0.897753 0.01 0.01
0 0.507881 0.917753 0.01 0.01
0 0.494646 0.922459 0.01 0.01
0 0.456264 0.903636 0.01 0.01
0 0.440381 0.923636 0.01 0.01
0 0.429793 0.929518 0.01 0.01
0 0.424499 0.929518 0.01 0.01
0 0.382808 0.904812 0.01 0.01
0 0.378837 0.889518 0.01 0.01
0 0.386117 0.891871 0.01 0.01
0 0.375528 0.861283 0.01 0.01
0 0.396705 0.885989 0.01 0.01
0 0.337146 0.824812 0.01 0.01
0 0.337146 0.821283 0.01 0.01
0 0.412587 0.868342 0.01 0.01
0 0.320602 0.795400 0.01 0.01
0 0.321264 0.767165 0.01 0.01
0 0.296117 0.743636 0.01 0.01
0 0.345749 0.760106 0.01 0.01
0 0.323249 0.707165 0.01 0.01
0 0.306705 0.687165 0.01 0.01
0 0.282881 0.683636 0.01 0.01
0 0.294131 0.653047 0.01 0.01
0 0.276926 0.647165 0.01 0.01
0 0.268984 0.610694 0.01 0.01
0 0.266337 0.575400 0.01 0.01
0 0.288176 0.591871 0.01 0.01
0 0.280896 0.553047 0.01 0.01
0 0.294131 0.535400 0.01 0.01
0 0.626337 0.703636 0.01 0.01
0 0.631631 0.702459 0.01 0.01
0 0.640896 0.662459 0.01 0.01
0 0.640234 0.691871 0.01 0.01
0 0.639573 0.702459 0.01 0.01
0 0.643543 0.708342 0.01 0.01
0 0.644867 0.725989 0.01 0.01
0 0.609131 0.742459 0.01 0.01
0 0.606484 0.762459 0.01 0.01
0 0.631631 0.741283 0.01 0.01
0 0.635602 0.711871 0.01 0.01
0 0.619058 0.711871 0.01 0.01
0 0.617734 0.722459 0.01 0.01
0 0.625676 0.717753 0.01 0.01
0 0.646852 0.671871 0.01 0.01
0 0.652146 0.665989 0.01 0.01
0 0.644205 0.640106 0.01 0.01
0 0.624352 0.634224 0.01 0.01
0 0.619058 0.633047 0.01 0.01
0 0.619720 0.642459 0.01 0.01
0 0.593911 0.638930 0.01 0.01
0 0.584646 0.676577 0.01 0.01
0 0.587955 0.688341 0.01 0.01
0 0.587293 0.707165 0.01 0.01
0 0.584646 0.717753 0.01 0.01
0 0.591926 0.722459 0.01 0.01
0 0.615749 0.754224 0.01 0.01
0 0.630970 0.768341 0.01 0.01
0 0.635602 0.773047 0.01 0.01
0 0.635602 0.780106 0.01 0.01
0 0.621043 0.771871 0.01 0.01
0 0.629646 0.787165 0.01 0.01
0 0.619058 0.798930 0.01 0.01
0 0.612440 0.795400 0.01 0.01
0 0.611778 0.805989 0.01 0.01
0 0.662734 0.595400 0.01 0.01
0 0.641558 0.597753 0.01 0.01
0 0.597220 0.596577 0.01 0.01
0 0.568102 0.717753 0.01 0.01
0 0.578029 0.736577 0.01 0.01
0 0.585970 0.760106 0.01 0.01
0 0.593249 0.776577 0.01 0.01
0 0.579352 0.788342 0.01 0.01
0 0.588617 0.797753 0.01 0.01
0 0.594573 0.796577 0.01 0.01
0 0.592587 0.803636 0.01 0.01
0 0.572734 0.811871 0.01 0.01
0 0.568102 0.797753 0.01 0.01
0 0.564793 0.809518 0.01 0.01
0 0.564131 0.821283 0.01 0.01
0 0.570087 0.830694 0.01 0.01
0 0.574058 0.835400 0.01 0.01
0 0.555529 0.825989 0.01 0.01
0 0.548249 0.831871 0.01 0.01
0 0.556852 0.840106 0.01 0.01
0 0.556852 0.853047 0.01 0.01
0 0.548911 0.848342 0.01 0.01
0 0.541631 0.856577 0.01 0.01
0 0.538323 0.848342 0.01 0.01
0 0.535014 0.845989 0.01 0.01
0 0.529058 0.844812 0.01 0.01
0 0.535676 0.822459 0.01 0.01
0 0.501264 0.873047 0.01 0.01
0 0.544279 0.771871 0.01 0.01
0 0.546926 0.767165 0.01 0.01
0 0.542955 0.737753 0.01 0.01
0 0.556190 0.703636 0.01 0.01
0 0.544940 0.700106 0.01 0.01
0 0.559499 0.687165 0.01 0.01
0 0.539646 0.685989 0.01 0.01
0 0.515823 0.735400 0.01 0.01
0 0.525087 0.727165 0.01 0.01
0 0.511190 0.754224 0.01 0.01
0 0.517808 0.757753 0.01 0.01
0 0.525087 0.757753 0.01 0.01
0 0.512514 0.770694 0.01 0.01
0 0.505896 0.788342 0.01 0.01
0 0.517146 0.805989 0.01 0.01
0 0.510528 0.808341 0.01 0.01
0 0.509867 0.843636 0.01 0.01
0 0.504573 0.856577 0.01 0.01
0 0.490676 0.849518 0.01 0.01
0 0.497293 0.840106 0.01 0.01
0 0.483396 0.840106 0.01 0.01
0 0.476779 0.833047 0.01 0.01
0 0.470823 0.833047 0.01 0.01
0 0.495970 0.814224 0.01 0.01
0 0.495308 0.801283 0.01 0.01
0 0.493323 0.773047 0.01 0.01
0 0.495970 0.748342 0.01 0.01
0 0.489352 0.753047 0.01 0.01
0 0.486043 0.784812 0.01 0.01
0 0.475455 0.773047 0.01 0.01
0 0.466852 0.769518 0.01 0.01
0 0.474793 0.805989 0.01 0.01
0 0.469499 0.804812 0.01 0.01
0 0.472146 0.817753 0.01 0.01
0 0.463543 0.809518 0.01 0.01
0 0.455602 0.825989 0.01 0.01
0 0.459573 0.814224 0.01 0.01
0 0.448984 0.821283 0.01 0.01
0 0.445676 0.807165 0.01 0.01
0 0.449646 0.801283 0.01 0.01
0 0.435087 0.818930 0.01 0.01
0 0.437073 0.807165 0.01 0.01
0 0.437073 0.795400 0.01 0.01
0 0.439058 0.775400 0.01 0.01
0 0.448323 0.769518 0.01 0.01
0 0.461558 0.753047 0.01 0.01
0 0.465528 0.742459 0.01 0.01
0 0.452293 0.735400 0.01 0.01
0 0.462881 0.727165 0.01 0.01
0 0.474131 0.715400 0.01 0.01
0 0.462881 0.702459 0.01 0.01
0 0.466852 0.698930 0.01 0.01
0 0.484058 0.678930 0.01 0.01
0 0.509867 0.709518 0.01 0.01
0 0.525749 0.680106 0.01 0.01
0 0.541631 0.648341 0.01 0.01
0 0.527734 0.634224 0.01 0.01
0 0.519131 0.642459 0.01 0.01
0 0.517808 0.663636 0.01 0.01
0 0.502587 0.662459 0.01 0.01
0 0.493323 0.667165 0.01 0.01
0 0.497293 0.696577 0.01 0.01
0 0.464205 0.663636 0.01 0.01
0 0.483396 0.653047 0.01 0.01
0 0.491337 0.651871 0.01 0.01
0 0.482073 0.642459 0.01 0.01
0 0.468176 0.637753 0.01 0.01
0 0.476117 0.630694 0.01 0.01
0 0.479426 0.625989 0.01 0.01
0 0.490014 0.620106 0.01 0.01
0 0.499278 0.611871 0.01 0.01
0 0.509205 0.602459 0.01 0.01
0 0.515161 0.628341 0.01 0.01
0 0.571411 0.623636 0.01 0.01
0 0.566778 0.614224 0.01 0.01
0 0.593911 0.581283 0.01 0.01
0 0.588617 0.571871 0.01 0.01
0 0.583984 0.622459 0.01 0.01
0 0.622367 0.598930 0.01 0.01
0 0.654793 0.558930 0.01 0.01
0 0.665381 0.538930 0.01 0.01
0 0.677293 0.534224 0.01 0.01
0 0.663396 0.488342 0.01 0.01
0 0.652808 0.489518 0.01 0.01
0 0.678617 0.488342 0.01 0.01
0 0.640896 0.515400 0.01 0.01
0 0.623028 0.498930 0.01 0.01
0 0.695161 0.457753 0.01 0.01
0 0.688543 0.435400 0.01 0.01
0 0.685896 0.396577 0.01 0.01
0 0.678617 0.394224 0.01 0.01
0 0.656117 0.415400 0.01 0.01
0 0.674646 0.417753 0.01 0.01
0 0.632293 0.442459 0.01 0.01
0 0.622367 0.442459 0.01 0.01
0 0.611117 0.448341 0.01 0.01
0 0.670676 0.367165 0.01 0.01
0 0.664058 0.357753 0.01 0.01
0 0.654793 0.351871 0.01 0.01
0 0.652146 0.343636 0.01 0.01
0 0.638911 0.328342 0.01 0.01
0 0.642881 0.344812 0.01 0.01
0 0.647514 0.377753 0.01 0.01
0 0.638249 0.363636 0.01 0.01
0 0.587955 0.422459 0.01 0.01
0 0.578029 0.461283 0.01 0.01
0 0.600529 0.494224 0.01 0.01
0 0.597220 0.501283 0.01 0.01
0 0.612440 0.513047 0.01 0.01
0 0.592587 0.548342 0.01 0.01
0 0.569426 0.535400 0.01 0.01
0 0.560823 0.581283 0.01 0.01
0 0.562146 0.551871 0.01 0.01
0 0.556852 0.547165 0.01 0.01
0 0.553543 0.527165 0.01 0.01
0 0.542293 0.511871 0.01 0.01
0 0.535676 0.496577 0.01 0.01
0 0.523764 0.501283 0.01 0.01
0 0.513176 0.587165 0.01 0.01
0 0.540970 0.600106 0.01 0.01
0 0.536999 0.460106 0.01 0.01
0 0.532367 0.463636 0.01 0.01
0 0.523764 0.460106 0.01 0.01
0 0.507220 0.463636 0.01 0.01
0 0.478102 0.488342 0.01 0.01
0 0.484720 0.509518 0.01 0.01
0 0.542955 0.385989 0.01 0.01
0 0.535676 0.391871 0.01 0.01
0 0.576705 0.351871 0.01 0.01
0 0.570749 0.347165 0.01 0.01
0 0.561484 0.354224 0.01 0.01
0 0.462881 0.557753 0.01 0.01
0 0.452955 0.555400 0.01 0.01
0 0.446337 0.549518 0.01 0.01
0 0.468837 0.434224 0.01 0.01
0 0.456264 0.458930 0.01 0.01
0 0.437073 0.507165 0.01 0.01
0 0.445014 0.513047 0.01 0.01
0 0.440381 0.516577 0.01 0.01
0 0.437073 0.551871 0.01 0.01
0 0.437073 0.581283 0.01 0.01
0 0.419205 0.575400 0.01 0.01
0 0.445014 0.611871 0.01 0.01
0 0.450970 0.624812 0.01 0.01
0 0.459573 0.634224 0.01 0.01
0 0.405970 0.442459 0.01 0.01
0 0.417881 0.505989 0.01 0.01
0 0.452293 0.533047 0.01 0.01
0 0.452955 0.482459 0.01 0.01
0 0.480749 0.437753 0.01 0.01
0 0.518470 0.423636 0.01 0.01
0 0.485381 0.400106 0.01 0.01
0 0.482073 0.367165 0.01 0.01
0 0.478102 0.354224 0.01 0.01
0 0.511190 0.341283 0.01 0.01
0 0.496631 0.368341 0.01 0.01
0 0.534352 0.335400 0.01 0.01
0 0.558176 0.307165 0.01 0.01
0 0.562808 0.269518 0.01 0.01
0 0.576705 0.240106 0.01 0.01
0 0.564793 0.231871 0.01 0.01
0 0.590602 0.300106 0.01 0.01
0 0.601190 0.277753 0.01 0.01
0 0.595896 0.262459 0.01 0.01
0 0.600529 0.247165 0.01 0.01
0 0.611117 0.262459 0.01 0.01
0 0.613764 0.278930 0.01 0.01
0 0.619058 0.278930 0.01 0.01
0 0.626337 0.280106 0.01 0.01
0 0.624352 0.311871 0.01 0.01
0 0.628323 0.304812 0.01 0.01
0 0.632955 0.296577 0.01 0.01
0 0.639573 0.293047 0.01 0.01
0 0.640896 0.303636 0.01 0.01
0 0.693176 0.195400 0.01 0.01
0 0.693176 0.184812 0.01 0.01
0 0.678617 0.170694 0.01 0.01
0 0.672661 0.160106 0.01 0.01
0 0.660749 0.122459 0.01 0.01
0 0.676631 0.131871 0.01 0.01
0 0.694499 0.120106 0.01 0.01
0 0.607808 0.145989 0.01 0.01
0 0.648176 0.080106 0.01 0.01
0 0.591926 0.080106 0.01 0.01
0 0.576705 0.156577 0.01 0.01
0 0.575381 0.177753 0.01 0.01
0 0.618396 0.185989 0.01 0.01
0 0.603176 0.193047 0.01 0.01
0 0.591926 0.209518 0.01 0.01
0 0.621043 0.242459 0.01 0.01
0 0.546926 0.057753 0.01 0.01
0 0.524426 0.118930 0.01 0.01
0 0.531705 0.071871 0.01 0.01
0 0.510528 0.034224 0.01 0.01
0 0.462220 0.102459 0.01 0.01
0 0.454940 0.108342 0.01 0.01
0 0.459573 0.094224 0.01 0.01
0 0.453617 0.091871 0.01 0.01
0 0.492661 0.055400 0.01 0.01
0 0.486043 0.133047 0.01 0.01
0 0.460234 0.068342 0.01 0.01
0 0.452955 0.064812 0.01 0.01
0 0.440381 0.142459 0.01 0.01
0 0.408617 0.154224 0.01 0.01
0 0.347073 0.178930 0.01 0.01
0 0.353028 0.170694 0.01 0.01
0 0.376190 0.162459 0.01 0.01
0 0.382808 0.168342 0.01 0.01
0 0.401337 0.193047 0.01 0.01
0 0.374205 0.209518 0.01 0.01
0 0.380161 0.222459 0.01 0.01
0 0.347734 0.190694 0.01 0.01
0 0.391411 0.235400 0.01 0.01
0 0.478102 0.182459 0.01 0.01
0 0.482073 0.207165 0.01 0.01
0 0.460234 0.200106 0.01 0.01
0 0.501926 0.198930 0.01 0.01
0 0.513176 0.225989 0.01 0.01
0 0.507220 0.247165 0.01 0.01
0 0.493323 0.264812 0.01 0.01
0 0.483396 0.313047 0.01 0.01
0 0.464205 0.294224 0.01 0.01
0 0.447661 0.317753 0.01 0.01
0 0.466852 0.375400 0.01 0.01
0 0.446999 0.394224 0.01 0.01
0 0.416558 0.370694 0.01 0.01
0 0.407293 0.369518 0.01 0.01
0 0.405308 0.342459 0.01 0.01
0 0.410602 0.337753 0.01 0.01
0 0.423837 0.327165 0.01 0.01
0 0.490676 0.233047 0.01 0.01
0 0.486043 0.227165 0.01 0.01
0 0.493984 0.217753 0.01 0.01
0 0.480087 0.257753 0.01 0.01
0 0.456264 0.254224 0.01 0.01
0 0.447661 0.258930 0.01 0.01
0 0.435749 0.257753 0.01 0.01
0 0.429793 0.277753 0.01 0.01
0 0.421190 0.296577 0.01 0.01
0 0.415896 0.291871 0.01 0.01
0 0.399352 0.317753 0.01 0.01
0 0.423837 0.229518 0.01 0.01
0 0.432440 0.136577 0.01 0.01
0 0.322587 0.242459 0.01 0.01
0 0.340455 0.245989 0.01 0.01
0 0.335161 0.270694 0.01 0.01
0 0.309352 0.250694 0.01 0.01
0 0.354352 0.283636 0.01 0.01
0 0.351705 0.297753 0.01 0.01
0 0.339793 0.303636 0.01 0.01
0 0.296117 0.289518 0.01 0.01
0 0.390749 0.796577 0.01 0.01
0 0.381484 0.780106 0.01 0.01
0 0.392073 0.780106 0.01 0.01
0 0.407293 0.784812 0.01 0.01
0 0.419205 0.793047 0.01 0.01
0 0.426484 0.784812 0.01 0.01
0 0.396043 0.760106 0.01 0.01
0 0.423176 0.754224 0.01 0.01
0 0.414573 0.753047 0.01 0.01
0 0.427146 0.744812 0.01 0.01
0 0.433102 0.716577 0.01 0.01
0 0.433764 0.678930 0.01 0.01
0 0.420529 0.689518 0.01 0.01
0 0.416558 0.705989 0.01 0.01
0 0.406631 0.713047 0.01 0.01
0 0.420529 0.729518 0.01 0.01
0 0.405308 0.733047 0.01 0.01
0 0.387440 0.720106 0.01 0.01
0 0.382808 0.729518 0.01 0.01
0 0.374205 0.725989 0.01 0.01
0 0.370234 0.749518 0.01 0.01
0 0.353690 0.696577 0.01 0.01
0 0.362955 0.694224 0.01 0.01
0 0.378837 0.696577 0.01 0.01
0 0.387440 0.696577 0.01 0.01
0 0.396705 0.693047 0.01 0.01
0 0.398028 0.702459 0.01 0.01
0 0.407955 0.665989 0.01 0.01
0 0.372220 0.673047 0.01 0.01
0 0.376852 0.664812 0.01 0.01
0 0.360308 0.674224 0.01 0.01
0 0.357661 0.651871 0.01 0.01
0 0.355014 0.624812 0.01 0.01
0 0.365602 0.645989 0.01 0.01
0 0.357661 0.641283 0.01 0.01
0 0.372881 0.651871 0.01 0.01
0 0.415896 0.531871 0.01 0.01
0 0.388102 0.575400 0.01 0.01
0 0.393396 0.580106 0.01 0.01
0 0.397367 0.576577 0.01 0.01
0 0.391411 0.311871 0.01 0.01
0 0.380823 0.320106 0.01 0.01
0 0.377514 0.335400 0.01 0.01
0 0.392734 0.330694 0.01 0.01
0 0.382808 0.353047 0.01 0.01
0 0.380161 0.363636 0.01 0.01
0 0.361631 0.367165 0.01 0.01
0 0.343102 0.369518 0.01 0.01
0 0.372220 0.375400 0.01 0.01
0 0.367587 0.385989 0.01 0.01
0 0.364278 0.398930 0.01 0.01
0 0.370896 0.403636 0.01 0.01
0 0.376852 0.388342 0.01 0.01
0 0.384131 0.384812 0.01 0.01
0 0.386117 0.420106 0.01 0.01
0 0.359646 0.423636 0.01 0.01
0 0.361631 0.417753 0.01 0.01
0 0.366264 0.425989 0.01 0.01
0 0.347734 0.440106 0.01 0.01
0 0.351705 0.434224 0.01 0.01
0 0.356337 0.444812 0.01 0.01
0 0.355676 0.451871 0.01 0.01
0 0.354352 0.462459 0.01 0.01
0 0.353028 0.475400 0.01 0.01
0 0.350381 0.480106 0.01 0.01
0 0.339793 0.483636 0.01 0.01
0 0.350381 0.494224 0.01 0.01
0 0.349720 0.504812 0.01 0.01
0 0.348396 0.527165 0.01 0.01
0 0.351043 0.537753 0.01 0.01
0 0.343764 0.571871 0.01 0.01
0 0.335823 0.591871 0.01 0.01
0 0.347073 0.587165 0.01 0.01
0 0.352367 0.580106 0.01 0.01
0 0.346411 0.601283 0.01 0.01
0 0.351705 0.596577 0.01 0.01
0 0.355676 0.589518 0.01 0.01
0 0.360308 0.587165 0.01 0.01
0 0.366926 0.580106 0.01 0.01
0 0.366264 0.591871 0.01 0.01
0 0.363617 0.601283 0.01 0.01
0 0.358323 0.607165 0.01 0.01
0 0.354352 0.611871 0.01 0.01
0 0.362293 0.569518 0.01 0.01
0 0.370234 0.557753 0.01 0.01
0 0.368249 0.542459 0.01 0.01
0 0.377514 0.542459 0.01 0.01
0 0.366926 0.528342 0.01 0.01
0 0.359646 0.529518 0.01 0.01
0 0.359646 0.529518 0.01 0.01
0 0.319940 0.553047 0.01 0.01
0 0.311337 0.553047 0.01 0.01
0 0.357661 0.509518 0.01 0.01
0 0.362293 0.510694 0.01 0.01
0 0.365602 0.505989 0.01 0.01
0 0.358984 0.477753 0.01 0.01
0 0.362293 0.476577 0.01 0.01
0 0.367587 0.482459 0.01 0.01
0 0.366264 0.455400 0.01 0.01
0 0.287514 0.331871 0.01 0.01
0 0.295455 0.356577 0.01 0.01
0 0.319278 0.354224 0.01 0.01
0 0.331852 0.382459 0.01 0.01
0 0.282881 0.393047 0.01 0.01
0 0.276926 0.368341 0.01 0.01
0 0.282220 0.376577 0.01 0.01
0 0.272955 0.401283 0.01 0.01
0 0.268984 0.425989 0.01 0.01
0 0.287514 0.437753 0.01 0.01
0 0.287514 0.437753 0.01 0.01
0 0.290823 0.449518 0.01 0.01
0 0.299426 0.482459 0.01 0.01
0 0.275602 0.498930 0.01 0.01
0 0.277587 0.473047 0.01 0.01
0 0.268323 0.514224 0.01 0.01
0 0.259720 0.518930 0.01 0.01
0 0.280896 0.522459 0.01 0.01
0 0.307367 0.442459 0.01 0.01
0 0.573396 0.564812 0.01 0.01
0 0.714352 0.317753 0.01 0.01
0 0.550234 0.222459 0.01 0.01
0 0.527073 0.223636 0.01 0.01
0 0.466190 0.244812 0.01 0.01
0 0.443690 0.248342 0.01 0.01
0 0.595896 0.827165 0.01 0.01
0 0.577367 0.761283 0.01 0.01
0 0.400676 0.544812 0.01 0.01
