0 0.639063 0.077778 0.01 0.01
0 0.600781 0.083333 0.01 0.01
0 0.543750 0.040278 0.01 0.01
0 0.661719 0.113889 0.01 0.01
0 0.688281 0.118056 0.01 0.01
0 0.675781 0.127778 0.01 0.01
0 0.675000 0.155556 0.01 0.01
0 0.678906 0.165278 0.01 0.01
0 0.688281 0.173611 0.01 0.01
0 0.691406 0.180556 0.01 0.01
0 0.761719 0.276389 0.01 0.01
0 0.774219 0.295833 0.01 0.01
0 0.757031 0.315278 0.01 0.01
0 0.738281 0.306944 0.01 0.01
0 0.784375 0.338889 0.01 0.01
0 0.771875 0.356944 0.01 0.01
0 0.748438 0.359722 0.01 0.01
0 0.790625 0.380556 0.01 0.01
0 0.511719 0.031944 0.01 0.01
0 0.490625 0.045833 0.01 0.01
0 0.519531 0.070833 0.01 0.01
0 0.444531 0.068056 0.01 0.01
0 0.446094 0.081944 0.01 0.01
0 0.457031 0.080556 0.01 0.01
0 0.436719 0.104167 0.01 0.01
0 0.460938 0.095833 0.01 0.01
0 0.453906 0.122222 0.01 0.01
0 0.430469 0.145833 0.01 0.01
0 0.482031 0.122222 0.01 0.01
0 0.391406 0.161111 0.01 0.01
0 0.373437 0.152778 0.01 0.01
0 0.378906 0.165278 0.01 0.01
0 0.357812 0.155556 0.01 0.01
0 0.356250 0.184722 0.01 0.01
0 0.342187 0.169444 0.01 0.01
0 0.340625 0.201389 0.01 0.01
0 0.315625 0.237500 0.01 0.01
0 0.332812 0.243056 0.01 0.01
0 0.320312 0.268056 0.01 0.01
0 0.295312 0.295833 0.01 0.01
0 0.285937 0.331944 0.01 0.01
0 0.284375 0.380556 0.01 0.01
0 0.295312 0.387500 0.01 0.01
0 0.317187 0.343056 0.01 0.01
0 0.323438 0.290278 0.01 0.01
0 0.334375 0.308333 0.01 0.01
0 0.329688 0.325000 0.01 0.01
0 0.353125 0.304167 0.01 0.01
0 0.351562 0.291667 0.01 0.01
0 0.373437 0.240278 0.01 0.01
0 0.375000 0.195833 0.01 0.01
0 0.375000 0.208333 0.01 0.01
0 0.396094 0.226389 0.01 0.01
0 0.405469 0.188889 0.01 0.01
0 0.406250 0.254167 0.01 0.01
0 0.447656 0.212500 0.01 0.01
0 0.461719 0.218056 0.01 0.01
0 0.482031 0.176389 0.01 0.01
0 0.490625 0.204167 0.01 0.01
0 0.577344 0.161111 0.01 0.01
0 0.577344 0.187500 0.01 0.01
0 0.597656 0.158333 0.01 0.01
0 0.595312 0.193056 0.01 0.01
0 0.589844 0.208333 0.01 0.01
0 0.627344 0.201389 0.01 0.01
0 0.713281 0.366667 0.01 0.01
0 0.718750 0.380556 0.01 0.01
0 0.730469 0.377778 0.01 0.01
0 0.704687 0.320833 0.01 0.01
0 0.791406 0.484722 0.01 0.01
0 0.785156 0.483333 0.01 0.01
0 0.806250 0.500000 0.01 0.01
0 0.805469 0.540278 0.01 0.01
0 0.782031 0.587500 0.01 0.01
0 0.771875 0.577778 0.01 0.01
0 0.756250 0.618056 0.01 0.01
0 0.755469 0.591667 0.01 0.01
0 0.726562 0.434722 0.01 0.01
0 0.710938 0.448611 0.01 0.01
0 0.700781 0.434722 0.01 0.01
0 0.700781 0.394444 0.01 0.01
0 0.685938 0.390278 0.01 0.01
0 0.677344 0.398611 0.01 0.01
0 0.277344 0.347222 0.01 0.01
0 0.273438 0.380556 0.01 0.01
0 0.267969 0.398611 0.01 0.01
0 0.269531 0.423611 0.01 0.01
0 0.279687 0.440278 0.01 0.01
0 0.289844 0.462500 0.01 0.01
0 0.278906 0.476389 0.01 0.01
0 0.275781 0.490278 0.01 0.01
0 0.271875 0.497222 0.01 0.01
0 0.258594 0.516667 0.01 0.01
0 0.282031 0.500000 0.01 0.01
0 0.278906 0.525000 0.01 0.01
0 0.278906 0.537500 0.01 0.01
0 0.265625 0.583333 0.01 0.01
0 0.295312 0.497222 0.01 0.01
0 0.304688 0.441667 0.01 0.01
0 0.321875 0.422222 0.01 0.01
0 0.338281 0.368056 0.01 0.01
0 0.267969 0.612500 0.01 0.01
0 0.272656 0.643056 0.01 0.01
0 0.288281 0.620833 0.01 0.01
0 0.293750 0.588889 0.01 0.01
0 0.277344 0.670833 0.01 0.01
0 0.303125 0.695833 0.01 0.01
0 0.296094 0.741667 0.01 0.01
0 0.314844 0.776389 0.01 0.01
0 0.323438 0.791667 0.01 0.01
0 0.325781 0.720833 0.01 0.01
0 0.338281 0.744444 0.01 0.01
0 0.336719 0.826389 0.01 0.01
0 0.342187 0.836111 0.01 0.01
0 0.357031 0.856944 0.01 0.01
0 0.377344 0.883333 0.01 0.01
0 0.388281 0.891667 0.01 0.01
0 0.385938 0.900000 0.01 0.01
0 0.415625 0.900000 0.01 0.01
0 0.423438 0.911111 0.01 0.01
0 0.428906 0.905556 0.01 0.01
0 0.443750 0.956944 0.01 0.01
0 0.462500 0.890278 0.01 0.01
0 0.490625 0.909722 0.01 0.01
0 0.504687 0.919444 0.01 0.01
0 0.778906 0.719444 0.01 0.01
0 0.761719 0.734722 0.01 0.01
0 0.744531 0.726389 0.01 0.01
0 0.711719 0.804167 0.01 0.01
0 0.746875 0.802778 0.01 0.01
0 0.720312 0.854167 0.01 0.01
0 0.714844 0.855556 0.01 0.01
0 0.693750 0.816667 0.01 0.01
0 0.646094 0.906944 0.01 0.01
0 0.661719 0.923611 0.01 0.01
0 0.635156 0.858333 0.01 0.01
0 0.647656 0.822222 0.01 0.01
0 0.641406 0.818056 0.01 0.01
0 0.643750 0.809722 0.01 0.01
0 0.556250 0.895833 0.01 0.01
0 0.563281 0.922222 0.01 0.01
0 0.520312 0.895833 0.01 0.01
0 0.560156 0.956944 0.01 0.01
0 0.575781 0.977778 0.01 0.01
0 0.614844 0.961111 0.01 0.01
0 0.454688 0.965278 0.01 0.01
0 0.465625 0.969444 0.01 0.01
0 0.480469 0.956944 0.01 0.01
0 0.484375 0.965278 0.01 0.01
0 0.523438 0.975000 0.01 0.01
0 0.539062 0.979167 0.01 0.01
0 0.622656 0.250000 0.01 0.01
0 0.639063 0.304167 0.01 0.01
0 0.626562 0.306944 0.01 0.01
0 0.636719 0.329167 0.01 0.01
0 0.641406 0.341667 0.01 0.01
0 0.653125 0.350000 0.01 0.01
0 0.661719 0.361111 0.01 0.01
0 0.667188 0.365278 0.01 0.01
0 0.555469 0.309722 0.01 0.01
0 0.607813 0.265278 0.01 0.01
0 0.616406 0.266667 0.01 0.01
0 0.621875 0.283333 0.01 0.01
0 0.625000 0.276389 0.01 0.01
0 0.589844 0.250000 0.01 0.01
0 0.585938 0.259722 0.01 0.01
0 0.571875 0.236111 0.01 0.01
0 0.565625 0.230556 0.01 0.01
0 0.525781 0.222222 0.01 0.01
0 0.482812 0.222222 0.01 0.01
0 0.477344 0.231944 0.01 0.01
0 0.488281 0.226389 0.01 0.01
0 0.496094 0.238889 0.01 0.01
0 0.507031 0.247222 0.01 0.01
0 0.497656 0.252778 0.01 0.01
0 0.491406 0.268056 0.01 0.01
0 0.458594 0.240278 0.01 0.01
0 0.449219 0.234722 0.01 0.01
0 0.451562 0.243056 0.01 0.01
0 0.455469 0.250000 0.01 0.01
0 0.446094 0.252778 0.01 0.01
0 0.426562 0.279167 0.01 0.01
0 0.417188 0.298611 0.01 0.01
0 0.397656 0.315278 0.01 0.01
0 0.382812 0.316667 0.01 0.01
0 0.378125 0.325000 0.01 0.01
0 0.389844 0.329167 0.01 0.01
0 0.402344 0.338889 0.01 0.01
0 0.409375 0.336111 0.01 0.01
0 0.422656 0.325000 0.01 0.01
0 0.444531 0.319444 0.01 0.01
0 0.460156 0.297222 0.01 0.01
0 0.478906 0.311111 0.01 0.01
0 0.471094 0.348611 0.01 0.01
0 0.508594 0.345833 0.01 0.01
0 0.559375 0.272222 0.01 0.01
0 0.589844 0.301389 0.01 0.01
0 0.597656 0.273611 0.01 0.01
0 0.672656 0.422222 0.01 0.01
0 0.687500 0.441667 0.01 0.01
0 0.692187 0.456944 0.01 0.01
0 0.671875 0.488889 0.01 0.01
0 0.691406 0.494444 0.01 0.01
0 0.679688 0.522222 0.01 0.01
0 0.700000 0.548611 0.01 0.01
0 0.732031 0.563889 0.01 0.01
0 0.714063 0.583333 0.01 0.01
0 0.706250 0.638889 0.01 0.01
0 0.573438 0.352778 0.01 0.01
0 0.596094 0.388889 0.01 0.01
0 0.563281 0.354167 0.01 0.01
0 0.558594 0.351389 0.01 0.01
0 0.535937 0.334722 0.01 0.01
0 0.532031 0.390278 0.01 0.01
0 0.538281 0.413889 0.01 0.01
0 0.534375 0.459722 0.01 0.01
0 0.522656 0.458333 0.01 0.01
0 0.503125 0.463889 0.01 0.01
0 0.510938 0.420833 0.01 0.01
0 0.483594 0.491667 0.01 0.01
0 0.521875 0.502778 0.01 0.01
0 0.539062 0.494444 0.01 0.01
0 0.554688 0.541667 0.01 0.01
0 0.556250 0.551389 0.01 0.01
0 0.567187 0.534722 0.01 0.01
0 0.589844 0.544444 0.01 0.01
0 0.575781 0.461111 0.01 0.01
0 0.601562 0.438889 0.01 0.01
0 0.605469 0.454167 0.01 0.01
0 0.617969 0.444444 0.01 0.01
0 0.625781 0.451389 0.01 0.01
0 0.642187 0.383333 0.01 0.01
0 0.642187 0.373611 0.01 0.01
0 0.650781 0.429167 0.01 0.01
0 0.649219 0.436111 0.01 0.01
0 0.650000 0.488889 0.01 0.01
0 0.658594 0.479167 0.01 0.01
0 0.661719 0.493056 0.01 0.01
0 0.641406 0.513889 0.01 0.01
0 0.621094 0.498611 0.01 0.01
0 0.613281 0.477778 0.01 0.01
0 0.593750 0.480556 0.01 0.01
0 0.596094 0.500000 0.01 0.01
0 0.603125 0.520833 0.01 0.01
0 0.585938 0.568056 0.01 0.01
0 0.591406 0.579167 0.01 0.01
0 0.595312 0.595833 0.01 0.01
0 0.572656 0.572222 0.01 0.01
0 0.575781 0.623611 0.01 0.01
0 0.591406 0.638889 0.01 0.01
0 0.481250 0.372222 0.01 0.01
0 0.487500 0.370833 0.01 0.01
0 0.462500 0.388889 0.01 0.01
0 0.482812 0.402778 0.01 0.01
0 0.478125 0.437500 0.01 0.01
0 0.466406 0.443056 0.01 0.01
0 0.452344 0.455556 0.01 0.01
0 0.463281 0.456944 0.01 0.01
0 0.413281 0.369444 0.01 0.01
0 0.407031 0.366667 0.01 0.01
0 0.396875 0.351389 0.01 0.01
0 0.381250 0.350000 0.01 0.01
0 0.367188 0.362500 0.01 0.01
0 0.375000 0.362500 0.01 0.01
0 0.371094 0.373611 0.01 0.01
0 0.365625 0.388889 0.01 0.01
0 0.371094 0.386111 0.01 0.01
0 0.362500 0.402778 0.01 0.01
0 0.367188 0.404167 0.01 0.01
0 0.350781 0.406944 0.01 0.01
0 0.359375 0.415278 0.01 0.01
0 0.361719 0.423611 0.01 0.01
0 0.345313 0.431944 0.01 0.01
0 0.342969 0.437500 0.01 0.01
0 0.317187 0.518056 0.01 0.01
0 0.317969 0.552778 0.01 0.01
0 0.333594 0.600000 0.01 0.01
0 0.337500 0.666667 0.01 0.01
0 0.357812 0.702778 0.01 0.01
0 0.364844 0.701389 0.01 0.01
0 0.378125 0.769444 0.01 0.01
0 0.375000 0.775000 0.01 0.01
0 0.388281 0.800000 0.01 0.01
0 0.432813 0.815278 0.01 0.01
0 0.440625 0.827778 0.01 0.01
0 0.451562 0.848611 0.01 0.01
0 0.472656 0.859722 0.01 0.01
0 0.446875 0.386111 0.01 0.01
0 0.407031 0.440278 0.01 0.01
0 0.428906 0.433333 0.01 0.01
0 0.378906 0.386111 0.01 0.01
0 0.378125 0.427778 0.01 0.01
0 0.351562 0.440278 0.01 0.01
0 0.352344 0.450000 0.01 0.01
0 0.350000 0.454167 0.01 0.01
0 0.335156 0.483333 0.01 0.01
0 0.349219 0.479167 0.01 0.01
0 0.344531 0.483333 0.01 0.01
0 0.344531 0.494444 0.01 0.01
0 0.344531 0.506944 0.01 0.01
0 0.340625 0.523611 0.01 0.01
0 0.347656 0.531944 0.01 0.01
0 0.346875 0.550000 0.01 0.01
0 0.363281 0.459722 0.01 0.01
0 0.359375 0.461111 0.01 0.01
0 0.352344 0.470833 0.01 0.01
0 0.363281 0.479167 0.01 0.01
0 0.358594 0.484722 0.01 0.01
0 0.363281 0.505556 0.01 0.01
0 0.359375 0.509722 0.01 0.01
0 0.353906 0.516667 0.01 0.01
0 0.363281 0.526389 0.01 0.01
0 0.356250 0.531944 0.01 0.01
0 0.367188 0.541667 0.01 0.01
0 0.378125 0.538889 0.01 0.01
0 0.367188 0.561111 0.01 0.01
0 0.363281 0.565278 0.01 0.01
0 0.365625 0.580556 0.01 0.01
0 0.357031 0.586111 0.01 0.01
0 0.365625 0.590278 0.01 0.01
0 0.342187 0.588889 0.01 0.01
0 0.342969 0.597222 0.01 0.01
0 0.347656 0.602778 0.01 0.01
0 0.350781 0.597222 0.01 0.01
0 0.359375 0.602778 0.01 0.01
0 0.352344 0.615278 0.01 0.01
0 0.367969 0.619444 0.01 0.01
0 0.385156 0.580556 0.01 0.01
0 0.392969 0.584722 0.01 0.01
0 0.414844 0.475000 0.01 0.01
0 0.451562 0.483333 0.01 0.01
0 0.437500 0.506944 0.01 0.01
0 0.413281 0.529167 0.01 0.01
0 0.435937 0.551389 0.01 0.01
0 0.442969 0.551389 0.01 0.01
0 0.453125 0.558333 0.01 0.01
0 0.447656 0.572222 0.01 0.01
0 0.434375 0.577778 0.01 0.01
0 0.418750 0.575000 0.01 0.01
0 0.664062 0.540278 0.01 0.01
0 0.671875 0.511111 0.01 0.01
0 0.654688 0.561111 0.01 0.01
0 0.642187 0.584722 0.01 0.01
0 0.689062 0.548611 0.01 0.01
0 0.670313 0.590278 0.01 0.01
0 0.658594 0.597222 0.01 0.01
0 0.692187 0.580556 0.01 0.01
0 0.690625 0.591667 0.01 0.01
0 0.682813 0.569444 0.01 0.01
0 0.686719 0.573611 0.01 0.01
0 0.665625 0.629167 0.01 0.01
0 0.679688 0.613889 0.01 0.01
0 0.678125 0.633333 0.01 0.01
0 0.684375 0.638889 0.01 0.01
0 0.681250 0.659722 0.01 0.01
0 0.624219 0.625000 0.01 0.01
0 0.611719 0.626389 0.01 0.01
0 0.618750 0.640278 0.01 0.01
0 0.618750 0.630556 0.01 0.01
0 0.560938 0.622222 0.01 0.01
0 0.565625 0.623611 0.01 0.01
0 0.569531 0.629167 0.01 0.01
0 0.560156 0.579167 0.01 0.01
0 0.536719 0.600000 0.01 0.01
0 0.507812 0.575000 0.01 0.01
0 0.489062 0.594444 0.01 0.01
0 0.506250 0.605556 0.01 0.01
0 0.446875 0.609722 0.01 0.01
0 0.449219 0.619444 0.01 0.01
0 0.413281 0.704167 0.01 0.01
0 0.406250 0.712500 0.01 0.01
0 0.385156 0.719444 0.01 0.01
0 0.353125 0.633333 0.01 0.01
0 0.356250 0.629167 0.01 0.01
0 0.357812 0.622222 0.01 0.01
0 0.368750 0.634722 0.01 0.01
0 0.360156 0.643056 0.01 0.01
0 0.357812 0.651389 0.01 0.01
0 0.369531 0.670833 0.01 0.01
0 0.374219 0.656944 0.01 0.01
0 0.382812 0.676389 0.01 0.01
0 0.376563 0.691667 0.01 0.01
0 0.392969 0.690278 0.01 0.01
0 0.386719 0.688889 0.01 0.01
0 0.385156 0.697222 0.01 0.01
0 0.526563 0.636111 0.01 0.01
0 0.537500 0.650000 0.01 0.01
0 0.485156 0.513889 0.01 0.01
0 0.513281 0.625000 0.01 0.01
0 0.495313 0.629167 0.01 0.01
0 0.466406 0.640278 0.01 0.01
0 0.456250 0.637500 0.01 0.01
0 0.460938 0.662500 0.01 0.01
0 0.428906 0.713889 0.01 0.01
0 0.429688 0.688889 0.01 0.01
0 0.424219 0.698611 0.01 0.01
0 0.419531 0.694444 0.01 0.01
0 0.385156 0.613889 0.01 0.01
0 0.401563 0.730556 0.01 0.01
0 0.405469 0.744444 0.01 0.01
0 0.667188 0.737500 0.01 0.01
0 0.652344 0.740278 0.01 0.01
0 0.646094 0.744444 0.01 0.01
0 0.647656 0.754167 0.01 0.01
0 0.601562 0.816667 0.01 0.01
0 0.608594 0.809722 0.01 0.01
0 0.609375 0.798611 0.01 0.01
0 0.616406 0.793056 0.01 0.01
0 0.625781 0.781944 0.01 0.01
0 0.619531 0.770833 0.01 0.01
0 0.629687 0.762500 0.01 0.01
0 0.634375 0.777778 0.01 0.01
0 0.574219 0.783333 0.01 0.01
0 0.564062 0.800000 0.01 0.01
0 0.567187 0.808333 0.01 0.01
0 0.530469 0.818056 0.01 0.01
0 0.514063 0.805556 0.01 0.01
0 0.508594 0.811111 0.01 0.01
0 0.504687 0.787500 0.01 0.01
0 0.492188 0.797222 0.01 0.01
0 0.495313 0.808333 0.01 0.01
0 0.482031 0.779167 0.01 0.01
0 0.487500 0.755556 0.01 0.01
0 0.484375 0.727778 0.01 0.01
0 0.468750 0.769444 0.01 0.01
0 0.465625 0.772222 0.01 0.01
0 0.455469 0.756944 0.01 0.01
0 0.457031 0.743056 0.01 0.01
0 0.462500 0.726389 0.01 0.01
0 0.471875 0.716667 0.01 0.01
0 0.460156 0.698611 0.01 0.01
0 0.449219 0.711111 0.01 0.01
0 0.425781 0.744444 0.01 0.01
0 0.417969 0.752778 0.01 0.01
0 0.391406 0.747222 0.01 0.01
0 0.396094 0.759722 0.01 0.01
0 0.414844 0.725000 0.01 0.01
0 0.408594 0.786111 0.01 0.01
0 0.435937 0.766667 0.01 0.01
0 0.447656 0.768056 0.01 0.01
0 0.436719 0.791667 0.01 0.01
0 0.434375 0.805556 0.01 0.01
0 0.442187 0.802778 0.01 0.01
0 0.445312 0.809722 0.01 0.01
0 0.454688 0.815278 0.01 0.01
0 0.458594 0.808333 0.01 0.01
0 0.452344 0.825000 0.01 0.01
0 0.467187 0.805556 0.01 0.01
0 0.472656 0.805556 0.01 0.01
0 0.461719 0.823611 0.01 0.01
0 0.466406 0.829167 0.01 0.01
0 0.475781 0.834722 0.01 0.01
0 0.481250 0.827778 0.01 0.01
0 0.486719 0.840278 0.01 0.01
0 0.494531 0.841667 0.01 0.01
0 0.498437 0.858333 0.01 0.01
0 0.508594 0.838889 0.01 0.01
0 0.470313 0.612500 0.01 0.01
0 0.477344 0.619444 0.01 0.01
0 0.474219 0.630556 0.01 0.01
0 0.485156 0.618056 0.01 0.01
0 0.478906 0.638889 0.01 0.01
0 0.477344 0.652778 0.01 0.01
0 0.485156 0.650000 0.01 0.01
0 0.492969 0.661111 0.01 0.01
0 0.482031 0.679167 0.01 0.01
0 0.487500 0.686111 0.01 0.01
0 0.492969 0.686111 0.01 0.01
0 0.500781 0.672222 0.01 0.01
0 0.520312 0.643056 0.01 0.01
0 0.523438 0.677778 0.01 0.01
0 0.514063 0.659722 0.01 0.01
0 0.542188 0.679167 0.01 0.01
0 0.556250 0.683333 0.01 0.01
0 0.551562 0.687500 0.01 0.01
0 0.543750 0.700000 0.01 0.01
0 0.550781 0.705556 0.01 0.01
0 0.565625 0.722222 0.01 0.01
0 0.556250 0.727778 0.01 0.01
0 0.549219 0.738889 0.01 0.01
0 0.525781 0.725000 0.01 0.01
0 0.509375 0.737500 0.01 0.01
0 0.513281 0.733333 0.01 0.01
0 0.508594 0.759722 0.01 0.01
0 0.510156 0.770833 0.01 0.01
0 0.522656 0.754167 0.01 0.01
0 0.524219 0.840278 0.01 0.01
0 0.544531 0.768056 0.01 0.01
0 0.535937 0.841667 0.01 0.01
0 0.535937 0.859722 0.01 0.01
0 0.544531 0.829167 0.01 0.01
0 0.550000 0.823611 0.01 0.01
0 0.555469 0.837500 0.01 0.01
0 0.542969 0.840278 0.01 0.01
0 0.560156 0.862500 0.01 0.01
0 0.571875 0.762500 0.01 0.01
0 0.576563 0.736111 0.01 0.01
0 0.582031 0.679167 0.01 0.01
0 0.592188 0.681944 0.01 0.01
0 0.585156 0.705556 0.01 0.01
0 0.582031 0.718056 0.01 0.01
0 0.589844 0.722222 0.01 0.01
0 0.587500 0.758333 0.01 0.01
0 0.580469 0.762500 0.01 0.01
0 0.591406 0.779167 0.01 0.01
0 0.578906 0.797222 0.01 0.01
0 0.639844 0.637500 0.01 0.01
0 0.638281 0.659722 0.01 0.01
0 0.630469 0.687500 0.01 0.01
0 0.624219 0.702778 0.01 0.01
0 0.644531 0.666667 0.01 0.01
0 0.646094 0.666667 0.01 0.01
0 0.648438 0.668056 0.01 0.01
0 0.658594 0.656944 0.01 0.01
0 0.658594 0.666667 0.01 0.01
0 0.662500 0.676389 0.01 0.01
0 0.667188 0.673611 0.01 0.01
0 0.665625 0.702778 0.01 0.01
0 0.657812 0.706944 0.01 0.01
0 0.660937 0.713889 0.01 0.01
0 0.645312 0.684722 0.01 0.01
0 0.640625 0.691667 0.01 0.01
0 0.645312 0.695833 0.01 0.01
0 0.632031 0.712500 0.01 0.01
0 0.628906 0.737500 0.01 0.01
0 0.606250 0.740278 0.01 0.01
0 0.625781 0.750000 0.01 0.01
0 0.603906 0.756944 0.01 0.01
0 0.619531 0.755556 0.01 0.01
0 0.638281 0.726389 0.01 0.01
0 0.641406 0.733333 0.01 0.01
0 0.642969 0.712500 0.01 0.01
0 0.642969 0.705556 0.01 0.01
0 0.667969 0.687500 0.01 0.01
0 0.576563 0.833333 0.01 0.01
0 0.570312 0.831944 0.01 0.01
0 0.560156 0.829167 0.01 0.01
0 0.592188 0.804167 0.01 0.01
0 0.592188 0.795833 0.01 0.01
0 0.587500 0.805556 0.01 0.01
0 0.587500 0.798611 0.01 0.01
0 0.614062 0.718056 0.01 0.01
0 0.621875 0.712500 0.01 0.01
0 0.614844 0.711111 0.01 0.01
0 0.448438 0.531944 0.01 0.01
0 0.442187 0.512500 0.01 0.01
0 0.443750 0.518056 0.01 0.01
0 0.437500 0.518056 0.01 0.01
0 0.365625 0.875000 0.01 0.01
0 0.384375 0.893056 0.01 0.01
0 0.410937 0.751389 0.01 0.01
0 0.503125 0.881944 0.01 0.01
0 0.529688 0.118056 0.01 0.01
0 0.510156 0.062500 0.01 0.01
0 0.289844 0.711111 0.01 0.01
0 0.320312 0.205556 0.01 0.01
0 0.278125 0.706944 0.01 0.01
