0 0.784499 0.658717 0.01 0.01
0 0.778543 0.639894 0.01 0.01
0 0.774573 0.690482 0.01 0.01
0 0.763984 0.671659 0.01 0.01
0 0.743470 0.688129 0.01 0.01
0 0.749426 0.637541 0.01 0.01
0 0.756043 0.729306 0.01 0.01
0 0.793102 0.615188 0.01 0.01
0 0.782514 0.526953 0.01 0.01
0 0.796411 0.511658 0.01 0.01
0 0.806999 0.492835 0.01 0.01
0 0.807661 0.464600 0.01 0.01
0 0.795749 0.428129 0.01 0.01
0 0.768617 0.418717 0.01 0.01
0 0.754058 0.402247 0.01 0.01
0 0.760676 0.377541 0.01 0.01
0 0.780528 0.283423 0.01 0.01
0 0.759352 0.261070 0.01 0.01
0 0.742808 0.184600 0.01 0.01
0 0.748102 0.269306 0.01 0.01
0 0.714352 0.201070 0.01 0.01
0 0.697808 0.183423 0.01 0.01
0 0.718323 0.146953 0.01 0.01
0 0.716337 0.146953 0.01 0.01
0 0.642881 0.136364 0.01 0.01
0 0.660749 0.108129 0.01 0.01
0 0.659426 0.071658 0.01 0.01
0 0.615087 0.034011 0.01 0.01
0 0.563470 0.048129 0.01 0.01
0 0.556190 0.065776 0.01 0.01
0 0.517808 0.026953 0.01 0.01
0 0.559499 0.119894 0.01 0.01
0 0.546926 0.124600 0.01 0.01
0 0.522440 0.103423 0.01 0.01
0 0.492661 0.082247 0.01 0.01
0 0.507881 0.082247 0.01 0.01
0 0.503249 0.121070 0.01 0.01
0 0.456264 0.099894 0.01 0.01
0 0.439058 0.082247 0.01 0.01
0 0.426484 0.081070 0.01 0.01
0 0.380823 0.099894 0.01 0.01
0 0.384131 0.110482 0.01 0.01
0 0.379499 0.117541 0.01 0.01
0 0.388102 0.122247 0.01 0.01
0 0.390749 0.110482 0.01 0.01
0 0.419205 0.128129 0.01 0.01
0 0.340455 0.169306 0.01 0.01
0 0.335161 0.177541 0.01 0.01
0 0.316631 0.204600 0.01 0.01
0 0.319278 0.229306 0.01 0.01
0 0.341778 0.250482 0.01 0.01
0 0.294131 0.256364 0.01 0.01
0 0.325234 0.290482 0.01 0.01
0 0.288837 0.277541 0.01 0.01
0 0.339131 0.335188 0.01 0.01
0 0.306705 0.310482 0.01 0.01
0 0.282220 0.321070 0.01 0.01
0 0.291484 0.366953 0.01 0.01
0 0.274940 0.350482 0.01 0.01
0 0.268984 0.389306 0.01 0.01
0 0.265014 0.422247 0.01 0.01
0 0.288176 0.408129 0.01 0.01
0 0.281558 0.455188 0.01 0.01
0 0.292808 0.446953 0.01 0.01
0 0.317955 0.445776 0.01 0.01
0 0.316631 0.464600 0.01 0.01
0 0.282220 0.477541 0.01 0.01
0 0.261043 0.485776 0.01 0.01
0 0.269646 0.491658 0.01 0.01
0 0.274940 0.504600 0.01 0.01
0 0.286852 0.522247 0.01 0.01
0 0.298102 0.516364 0.01 0.01
0 0.276926 0.528129 0.01 0.01
0 0.282881 0.563423 0.01 0.01
0 0.288837 0.548129 0.01 0.01
0 0.304720 0.554011 0.01 0.01
0 0.271631 0.577541 0.01 0.01
0 0.269646 0.601070 0.01 0.01
0 0.285528 0.615188 0.01 0.01
0 0.279573 0.621070 0.01 0.01
0 0.295455 0.632835 0.01 0.01
0 0.276926 0.635188 0.01 0.01
0 0.324573 0.601070 0.01 0.01
0 0.341778 0.631658 0.01 0.01
0 0.317293 0.648129 0.01 0.01
0 0.285528 0.669306 0.01 0.01
0 0.295455 0.708129 0.01 0.01
0 0.335823 0.690482 0.01 0.01
0 0.343764 0.699894 0.01 0.01
0 0.353028 0.701070 0.01 0.01
0 0.353690 0.715188 0.01 0.01
0 0.331190 0.724600 0.01 0.01
0 0.337146 0.745776 0.01 0.01
0 0.313984 0.742247 0.01 0.01
0 0.319940 0.756364 0.01 0.01
0 0.347734 0.799894 0.01 0.01
0 0.346411 0.825776 0.01 0.01
0 0.351043 0.825776 0.01 0.01
0 0.372881 0.839894 0.01 0.01
0 0.382808 0.830482 0.01 0.01
0 0.403984 0.850482 0.01 0.01
0 0.401337 0.806953 0.01 0.01
0 0.393396 0.765776 0.01 0.01
0 0.375528 0.791659 0.01 0.01
0 0.379499 0.775188 0.01 0.01
0 0.358323 0.838717 0.01 0.01
0 0.436411 0.850482 0.01 0.01
0 0.431778 0.856364 0.01 0.01
0 0.454278 0.899894 0.01 0.01
0 0.457587 0.889306 0.01 0.01
0 0.445676 0.902247 0.01 0.01
0 0.459573 0.916364 0.01 0.01
0 0.456264 0.926953 0.01 0.01
0 0.454278 0.928129 0.01 0.01
0 0.451631 0.935188 0.01 0.01
0 0.493984 0.945776 0.01 0.01
0 0.508543 0.968129 0.01 0.01
0 0.529058 0.926953 0.01 0.01
0 0.546264 0.950482 0.01 0.01
0 0.486043 0.872835 0.01 0.01
0 0.592587 0.921070 0.01 0.01
0 0.645528 0.922247 0.01 0.01
0 0.661411 0.878717 0.01 0.01
0 0.693176 0.879894 0.01 0.01
0 0.673323 0.839894 0.01 0.01
0 0.678617 0.831658 0.01 0.01
0 0.689867 0.817541 0.01 0.01
0 0.691852 0.811659 0.01 0.01
0 0.619058 0.811659 0.01 0.01
0 0.606484 0.852835 0.01 0.01
0 0.576705 0.841070 0.01 0.01
0 0.576705 0.817541 0.01 0.01
0 0.590602 0.788129 0.01 0.01
0 0.619720 0.758717 0.01 0.01
0 0.709720 0.622247 0.01 0.01
0 0.720970 0.615188 0.01 0.01
0 0.729573 0.568129 0.01 0.01
0 0.699131 0.603423 0.01 0.01
0 0.715676 0.504600 0.01 0.01
0 0.711043 0.491658 0.01 0.01
0 0.734867 0.441070 0.01 0.01
0 0.714352 0.408129 0.01 0.01
0 0.709058 0.375188 0.01 0.01
0 0.702440 0.468129 0.01 0.01
0 0.695823 0.451659 0.01 0.01
0 0.689867 0.448129 0.01 0.01
0 0.685896 0.429306 0.01 0.01
0 0.688543 0.423423 0.01 0.01
0 0.695823 0.423423 0.01 0.01
0 0.692514 0.405776 0.01 0.01
0 0.674646 0.409306 0.01 0.01
0 0.660749 0.403423 0.01 0.01
0 0.681926 0.386953 0.01 0.01
0 0.666705 0.369306 0.01 0.01
0 0.680602 0.365776 0.01 0.01
0 0.685896 0.363423 0.01 0.01
0 0.658764 0.345776 0.01 0.01
0 0.662073 0.338717 0.01 0.01
0 0.663396 0.328129 0.01 0.01
0 0.668028 0.328129 0.01 0.01
0 0.671337 0.312835 0.01 0.01
0 0.667367 0.291658 0.01 0.01
0 0.658764 0.291658 0.01 0.01
0 0.664720 0.283423 0.01 0.01
0 0.683249 0.341070 0.01 0.01
0 0.660087 0.238717 0.01 0.01
0 0.654131 0.244600 0.01 0.01
0 0.649499 0.252835 0.01 0.01
0 0.658102 0.258717 0.01 0.01
0 0.642881 0.357541 0.01 0.01
0 0.638249 0.337541 0.01 0.01
0 0.647514 0.334011 0.01 0.01
0 0.647514 0.334011 0.01 0.01
0 0.649499 0.315188 0.01 0.01
0 0.637587 0.310482 0.01 0.01
0 0.639573 0.301070 0.01 0.01
0 0.644867 0.294011 0.01 0.01
0 0.644205 0.289306 0.01 0.01
0 0.640896 0.278717 0.01 0.01
0 0.642881 0.270482 0.01 0.01
0 0.629646 0.303423 0.01 0.01
0 0.626999 0.295188 0.01 0.01
0 0.632955 0.285776 0.01 0.01
0 0.625014 0.283423 0.01 0.01
0 0.617734 0.283423 0.01 0.01
0 0.631631 0.259894 0.01 0.01
0 0.630308 0.246953 0.01 0.01
0 0.634940 0.218717 0.01 0.01
0 0.626999 0.215188 0.01 0.01
0 0.622367 0.226953 0.01 0.01
0 0.621043 0.198717 0.01 0.01
0 0.620381 0.208129 0.01 0.01
0 0.617734 0.196364 0.01 0.01
0 0.611778 0.199894 0.01 0.01
0 0.607808 0.191659 0.01 0.01
0 0.599867 0.178717 0.01 0.01
0 0.607808 0.257541 0.01 0.01
0 0.616411 0.248129 0.01 0.01
0 0.606484 0.242247 0.01 0.01
0 0.593249 0.222247 0.01 0.01
0 0.595234 0.201070 0.01 0.01
0 0.591926 0.203423 0.01 0.01
0 0.590602 0.196364 0.01 0.01
0 0.574720 0.216364 0.01 0.01
0 0.580676 0.201070 0.01 0.01
0 0.567440 0.199894 0.01 0.01
0 0.570087 0.186953 0.01 0.01
0 0.570087 0.172835 0.01 0.01
0 0.576705 0.163423 0.01 0.01
0 0.562808 0.185776 0.01 0.01
0 0.561484 0.175188 0.01 0.01
0 0.546264 0.169306 0.01 0.01
0 0.544940 0.150482 0.01 0.01
0 0.539646 0.151658 0.01 0.01
0 0.533690 0.154011 0.01 0.01
0 0.527073 0.154011 0.01 0.01
0 0.554205 0.161070 0.01 0.01
0 0.555529 0.154011 0.01 0.01
0 0.546926 0.231659 0.01 0.01
0 0.544940 0.231659 0.01 0.01
0 0.510528 0.157541 0.01 0.01
0 0.535014 0.179894 0.01 0.01
0 0.499278 0.158717 0.01 0.01
0 0.491337 0.152835 0.01 0.01
0 0.484720 0.161070 0.01 0.01
0 0.475455 0.166953 0.01 0.01
0 0.460896 0.171659 0.01 0.01
0 0.468837 0.181070 0.01 0.01
0 0.475455 0.189306 0.01 0.01
0 0.470161 0.189306 0.01 0.01
0 0.468176 0.201070 0.01 0.01
0 0.457587 0.184600 0.01 0.01
0 0.449646 0.190482 0.01 0.01
0 0.447661 0.192835 0.01 0.01
0 0.443690 0.192835 0.01 0.01
0 0.441043 0.165776 0.01 0.01
0 0.437734 0.205776 0.01 0.01
0 0.411926 0.194011 0.01 0.01
0 0.391411 0.203423 0.01 0.01
0 0.381484 0.223423 0.01 0.01
0 0.376852 0.238717 0.01 0.01
0 0.515161 0.194011 0.01 0.01
0 0.508543 0.190482 0.01 0.01
0 0.495308 0.186953 0.01 0.01
0 0.491999 0.203423 0.01 0.01
0 0.505234 0.211658 0.01 0.01
0 0.511852 0.224600 0.01 0.01
0 0.500602 0.258717 0.01 0.01
0 0.513837 0.268129 0.01 0.01
0 0.524426 0.239894 0.01 0.01
0 0.525087 0.269306 0.01 0.01
0 0.528396 0.283423 0.01 0.01
0 0.547587 0.263423 0.01 0.01
0 0.572073 0.238717 0.01 0.01
0 0.585970 0.237541 0.01 0.01
0 0.578029 0.261070 0.01 0.01
0 0.592587 0.282247 0.01 0.01
0 0.582661 0.282247 0.01 0.01
0 0.584646 0.290482 0.01 0.01
0 0.567440 0.283423 0.01 0.01
0 0.550896 0.294011 0.01 0.01
0 0.544940 0.302247 0.01 0.01
0 0.556190 0.315188 0.01 0.01
0 0.544940 0.319894 0.01 0.01
0 0.525087 0.323423 0.01 0.01
0 0.621043 0.389306 0.01 0.01
0 0.623028 0.369306 0.01 0.01
0 0.619058 0.371659 0.01 0.01
0 0.618396 0.363423 0.01 0.01
0 0.594573 0.361070 0.01 0.01
0 0.582661 0.321070 0.01 0.01
0 0.588617 0.319894 0.01 0.01
0 0.641558 0.405776 0.01 0.01
0 0.656117 0.441070 0.01 0.01
0 0.665381 0.457541 0.01 0.01
0 0.673323 0.472835 0.01 0.01
0 0.693837 0.485776 0.01 0.01
0 0.696484 0.506953 0.01 0.01
0 0.691852 0.546953 0.01 0.01
0 0.689205 0.564600 0.01 0.01
0 0.687220 0.605776 0.01 0.01
0 0.678617 0.606953 0.01 0.01
0 0.672661 0.579894 0.01 0.01
0 0.655455 0.578717 0.01 0.01
0 0.675970 0.512835 0.01 0.01
0 0.660749 0.506953 0.01 0.01
0 0.640896 0.481070 0.01 0.01
0 0.621705 0.496364 0.01 0.01
0 0.629646 0.552835 0.01 0.01
0 0.623028 0.558717 0.01 0.01
0 0.605161 0.559894 0.01 0.01
0 0.615749 0.522247 0.01 0.01
0 0.611117 0.478717 0.01 0.01
0 0.595234 0.515188 0.01 0.01
0 0.595896 0.503423 0.01 0.01
0 0.578029 0.539894 0.01 0.01
0 0.589940 0.455188 0.01 0.01
0 0.587293 0.428129 0.01 0.01
0 0.592587 0.419894 0.01 0.01
0 0.600529 0.398717 0.01 0.01
0 0.580676 0.371659 0.01 0.01
0 0.569426 0.374011 0.01 0.01
0 0.563470 0.384600 0.01 0.01
0 0.564131 0.417541 0.01 0.01
0 0.573396 0.435188 0.01 0.01
0 0.571411 0.464600 0.01 0.01
0 0.560823 0.448129 0.01 0.01
0 0.558176 0.454011 0.01 0.01
0 0.534352 0.505776 0.01 0.01
0 0.551558 0.474011 0.01 0.01
0 0.646190 0.621070 0.01 0.01
0 0.636926 0.631658 0.01 0.01
0 0.642220 0.655188 0.01 0.01
0 0.638249 0.675188 0.01 0.01
0 0.649499 0.655188 0.01 0.01
0 0.654131 0.643423 0.01 0.01
0 0.660087 0.651658 0.01 0.01
0 0.664058 0.635188 0.01 0.01
0 0.641558 0.696364 0.01 0.01
0 0.630308 0.688129 0.01 0.01
0 0.631631 0.697541 0.01 0.01
0 0.621043 0.699894 0.01 0.01
0 0.596558 0.756364 0.01 0.01
0 0.593911 0.739894 0.01 0.01
0 0.612440 0.731659 0.01 0.01
0 0.621705 0.729306 0.01 0.01
0 0.620381 0.724600 0.01 0.01
0 0.615087 0.722247 0.01 0.01
0 0.589940 0.702247 0.01 0.01
0 0.600529 0.719894 0.01 0.01
0 0.561484 0.728129 0.01 0.01
0 0.575381 0.652835 0.01 0.01
0 0.568764 0.652835 0.01 0.01
0 0.559499 0.645776 0.01 0.01
0 0.593249 0.594011 0.01 0.01
0 0.556852 0.692835 0.01 0.01
0 0.575381 0.755188 0.01 0.01
0 0.563470 0.766953 0.01 0.01
0 0.524426 0.781070 0.01 0.01
0 0.507881 0.769306 0.01 0.01
0 0.507220 0.754011 0.01 0.01
0 0.552881 0.779894 0.01 0.01
0 0.597881 0.806953 0.01 0.01
0 0.494646 0.798717 0.01 0.01
0 0.489352 0.772835 0.01 0.01
0 0.485381 0.772835 0.01 0.01
0 0.480749 0.817541 0.01 0.01
0 0.463543 0.755188 0.01 0.01
0 0.454940 0.745776 0.01 0.01
0 0.439720 0.754011 0.01 0.01
0 0.447661 0.745776 0.01 0.01
0 0.468837 0.746953 0.01 0.01
0 0.491337 0.731659 0.01 0.01
0 0.501926 0.748129 0.01 0.01
0 0.509867 0.656364 0.01 0.01
0 0.483396 0.689306 0.01 0.01
0 0.461558 0.705776 0.01 0.01
0 0.476117 0.646953 0.01 0.01
0 0.479426 0.634011 0.01 0.01
0 0.492661 0.630482 0.01 0.01
0 0.534352 0.609306 0.01 0.01
0 0.538984 0.603423 0.01 0.01
0 0.535014 0.538717 0.01 0.01
0 0.526411 0.498717 0.01 0.01
0 0.539646 0.399894 0.01 0.01
0 0.538984 0.346953 0.01 0.01
0 0.527734 0.362247 0.01 0.01
0 0.520455 0.352835 0.01 0.01
0 0.518470 0.338717 0.01 0.01
0 0.515823 0.336364 0.01 0.01
0 0.515161 0.371659 0.01 0.01
0 0.507220 0.394011 0.01 0.01
0 0.511852 0.419894 0.01 0.01
0 0.497955 0.381070 0.01 0.01
0 0.500602 0.334011 0.01 0.01
0 0.493323 0.337541 0.01 0.01
0 0.488028 0.314011 0.01 0.01
0 0.496631 0.305776 0.01 0.01
0 0.481411 0.374011 0.01 0.01
0 0.477440 0.365776 0.01 0.01
0 0.480749 0.363423 0.01 0.01
0 0.488028 0.348129 0.01 0.01
0 0.464205 0.336364 0.01 0.01
0 0.462220 0.302247 0.01 0.01
0 0.464205 0.303423 0.01 0.01
0 0.474793 0.285776 0.01 0.01
0 0.462881 0.272835 0.01 0.01
0 0.484720 0.265776 0.01 0.01
0 0.509205 0.243423 0.01 0.01
0 0.487367 0.248129 0.01 0.01
0 0.491999 0.235188 0.01 0.01
0 0.484058 0.212835 0.01 0.01
0 0.472808 0.223423 0.01 0.01
0 0.466852 0.228129 0.01 0.01
0 0.458911 0.242247 0.01 0.01
0 0.460896 0.256364 0.01 0.01
0 0.436411 0.226953 0.01 0.01
0 0.433764 0.185776 0.01 0.01
0 0.447661 0.229306 0.01 0.01
0 0.422514 0.243423 0.01 0.01
0 0.429793 0.252835 0.01 0.01
0 0.412587 0.248129 0.01 0.01
0 0.431778 0.286953 0.01 0.01
0 0.419205 0.305776 0.01 0.01
0 0.419205 0.305776 0.01 0.01
0 0.415234 0.291658 0.01 0.01
0 0.405970 0.284600 0.01 0.01
0 0.418543 0.266953 0.01 0.01
0 0.404646 0.265776 0.01 0.01
0 0.387440 0.258717 0.01 0.01
0 0.382146 0.262247 0.01 0.01
0 0.386779 0.275188 0.01 0.01
0 0.457587 0.361070 0.01 0.01
0 0.451631 0.370482 0.01 0.01
0 0.446337 0.382247 0.01 0.01
0 0.470161 0.359894 0.01 0.01
0 0.482073 0.345776 0.01 0.01
0 0.460234 0.439894 0.01 0.01
0 0.486043 0.489306 0.01 0.01
0 0.482073 0.508129 0.01 0.01
0 0.507220 0.537541 0.01 0.01
0 0.488028 0.595188 0.01 0.01
0 0.466190 0.623423 0.01 0.01
0 0.469499 0.556364 0.01 0.01
0 0.455602 0.544600 0.01 0.01
0 0.450308 0.512835 0.01 0.01
0 0.437073 0.490482 0.01 0.01
0 0.446999 0.485776 0.01 0.01
0 0.440381 0.479894 0.01 0.01
0 0.444352 0.446953 0.01 0.01
0 0.437734 0.445776 0.01 0.01
0 0.435749 0.414011 0.01 0.01
0 0.419205 0.428129 0.01 0.01
0 0.406631 0.550482 0.01 0.01
0 0.417881 0.499894 0.01 0.01
0 0.415896 0.631658 0.01 0.01
0 0.407293 0.632835 0.01 0.01
0 0.405970 0.659894 0.01 0.01
0 0.413249 0.662247 0.01 0.01
0 0.423837 0.671659 0.01 0.01
0 0.450308 0.681070 0.01 0.01
0 0.428470 0.721070 0.01 0.01
0 0.419867 0.702247 0.01 0.01
0 0.411926 0.711658 0.01 0.01
0 0.415896 0.759894 0.01 0.01
0 0.456926 0.794011 0.01 0.01
0 0.476117 0.786953 0.01 0.01
0 0.679278 0.870482 0.01 0.01
0 0.652146 0.510482 0.01 0.01
0 0.535014 0.665776 0.01 0.01
0 0.515161 0.576364 0.01 0.01
0 0.495308 0.430482 0.01 0.01
0 0.482734 0.559894 0.01 0.01
0 0.446999 0.609306 0.01 0.01
0 0.415234 0.468129 0.01 0.01
0 0.409278 0.463423 0.01 0.01
0 0.428470 0.569306 0.01 0.01
0 0.432440 0.319894 0.01 0.01
0 0.361631 0.319894 0.01 0.01
0 0.364940 0.303423 0.01 0.01
0 0.376190 0.306953 0.01 0.01
0 0.386117 0.302247 0.01 0.01
0 0.396043 0.310482 0.01 0.01
0 0.381484 0.318717 0.01 0.01
0 0.370896 0.330482 0.01 0.01
0 0.374867 0.331659 0.01 0.01
0 0.373543 0.358717 0.01 0.01
0 0.364940 0.358717 0.01 0.01
0 0.360308 0.344600 0.01 0.01
0 0.355014 0.355188 0.01 0.01
0 0.356999 0.364600 0.01 0.01
0 0.357661 0.372835 0.01 0.01
0 0.385455 0.384600 0.01 0.01
0 0.386779 0.418717 0.01 0.01
0 0.394058 0.418717 0.01 0.01
0 0.356999 0.388129 0.01 0.01
0 0.363617 0.395188 0.01 0.01
0 0.345087 0.401070 0.01 0.01
0 0.358984 0.412835 0.01 0.01
0 0.364940 0.410482 0.01 0.01
0 0.366926 0.419894 0.01 0.01
0 0.351043 0.402247 0.01 0.01
0 0.337808 0.404600 0.01 0.01
0 0.362955 0.432835 0.01 0.01
0 0.377514 0.456364 0.01 0.01
0 0.372220 0.456364 0.01 0.01
0 0.369573 0.437541 0.01 0.01
0 0.350381 0.418717 0.01 0.01
0 0.343764 0.423423 0.01 0.01
0 0.349720 0.454011 0.01 0.01
0 0.349720 0.463423 0.01 0.01
0 0.349720 0.469306 0.01 0.01
0 0.355676 0.469306 0.01 0.01
0 0.355676 0.469306 0.01 0.01
0 0.364278 0.470482 0.01 0.01
0 0.365602 0.498717 0.01 0.01
0 0.362293 0.482247 0.01 0.01
0 0.356999 0.482247 0.01 0.01
0 0.342440 0.482247 0.01 0.01
0 0.347073 0.495188 0.01 0.01
0 0.341117 0.518717 0.01 0.01
0 0.349720 0.517541 0.01 0.01
0 0.353028 0.526953 0.01 0.01
0 0.360308 0.517541 0.01 0.01
0 0.362955 0.517541 0.01 0.01
0 0.364940 0.529306 0.01 0.01
0 0.365602 0.544600 0.01 0.01
0 0.366264 0.541070 0.01 0.01
0 0.354352 0.546953 0.01 0.01
0 0.359646 0.561070 0.01 0.01
0 0.346411 0.574011 0.01 0.01
0 0.346411 0.558717 0.01 0.01
0 0.366926 0.571658 0.01 0.01
0 0.360308 0.585776 0.01 0.01
0 0.384131 0.574011 0.01 0.01
0 0.370896 0.592835 0.01 0.01
0 0.366264 0.599894 0.01 0.01
0 0.374205 0.612835 0.01 0.01
0 0.366926 0.614011 0.01 0.01
0 0.372220 0.621070 0.01 0.01
0 0.384793 0.611658 0.01 0.01
0 0.364940 0.636364 0.01 0.01
0 0.378176 0.635188 0.01 0.01
0 0.380823 0.649306 0.01 0.01
0 0.382808 0.662247 0.01 0.01
0 0.392073 0.668129 0.01 0.01
0 0.400014 0.683423 0.01 0.01
0 0.385455 0.682247 0.01 0.01
0 0.381484 0.681070 0.01 0.01
0 0.646852 0.176364 0.01 0.01
0 0.637587 0.179894 0.01 0.01
0 0.051926 0.685776 0.01 0.01
