0 0.606250 0.554167 0.01 0.01
0 0.576563 0.534722 0.01 0.01
0 0.594531 0.516667 0.01 0.01
0 0.612500 0.516667 0.01 0.01
0 0.621094 0.554167 0.01 0.01
0 0.630469 0.550000 0.01 0.01
0 0.602344 0.180556 0.01 0.01
0 0.607813 0.187500 0.01 0.01
0 0.612500 0.198611 0.01 0.01
0 0.621875 0.193056 0.01 0.01
0 0.615625 0.206944 0.01 0.01
0 0.625000 0.212500 0.01 0.01
0 0.634375 0.218056 0.01 0.01
0 0.635156 0.229167 0.01 0.01
0 0.622656 0.222222 0.01 0.01
0 0.619531 0.243056 0.01 0.01
0 0.628125 0.244444 0.01 0.01
0 0.628906 0.258333 0.01 0.01
0 0.613281 0.252778 0.01 0.01
0 0.606250 0.240278 0.01 0.01
0 0.639063 0.269444 0.01 0.01
0 0.641406 0.269444 0.01 0.01
0 0.632812 0.284722 0.01 0.01
0 0.645312 0.255556 0.01 0.01
0 0.651563 0.245833 0.01 0.01
0 0.655469 0.256944 0.01 0.01
0 0.664844 0.250000 0.01 0.01
0 0.663281 0.281944 0.01 0.01
0 0.668750 0.295833 0.01 0.01
0 0.672656 0.313889 0.01 0.01
0 0.667188 0.326389 0.01 0.01
0 0.664062 0.319444 0.01 0.01
0 0.660156 0.298611 0.01 0.01
0 0.660156 0.337500 0.01 0.01
0 0.653125 0.331944 0.01 0.01
0 0.650000 0.337500 0.01 0.01
0 0.647656 0.330556 0.01 0.01
0 0.643750 0.333333 0.01 0.01
0 0.639844 0.336111 0.01 0.01
0 0.641406 0.350000 0.01 0.01
0 0.650781 0.316667 0.01 0.01
0 0.637500 0.308333 0.01 0.01
0 0.644531 0.304167 0.01 0.01
0 0.645312 0.298611 0.01 0.01
0 0.645312 0.291667 0.01 0.01
0 0.630469 0.309722 0.01 0.01
0 0.625000 0.301389 0.01 0.01
0 0.623438 0.287500 0.01 0.01
0 0.617188 0.288889 0.01 0.01
0 0.615625 0.280556 0.01 0.01
0 0.592188 0.241667 0.01 0.01
0 0.583594 0.236111 0.01 0.01
0 0.575000 0.234722 0.01 0.01
0 0.593750 0.222222 0.01 0.01
0 0.594531 0.201389 0.01 0.01
0 0.589063 0.204167 0.01 0.01
0 0.590625 0.195833 0.01 0.01
0 0.582031 0.197222 0.01 0.01
0 0.578125 0.168056 0.01 0.01
0 0.571094 0.166667 0.01 0.01
0 0.570312 0.187500 0.01 0.01
0 0.565625 0.198611 0.01 0.01
0 0.575781 0.213889 0.01 0.01
0 0.578125 0.256944 0.01 0.01
0 0.592969 0.279167 0.01 0.01
0 0.582031 0.281944 0.01 0.01
0 0.588281 0.290278 0.01 0.01
0 0.625000 0.379167 0.01 0.01
0 0.619531 0.372222 0.01 0.01
0 0.613281 0.372222 0.01 0.01
0 0.618750 0.362500 0.01 0.01
0 0.597656 0.362500 0.01 0.01
0 0.590625 0.316667 0.01 0.01
0 0.567187 0.280556 0.01 0.01
0 0.553906 0.291667 0.01 0.01
0 0.544531 0.297222 0.01 0.01
0 0.557031 0.312500 0.01 0.01
0 0.550000 0.316667 0.01 0.01
0 0.540625 0.316667 0.01 0.01
0 0.527344 0.318056 0.01 0.01
0 0.545313 0.275000 0.01 0.01
0 0.549219 0.262500 0.01 0.01
0 0.549219 0.237500 0.01 0.01
0 0.544531 0.230556 0.01 0.01
0 0.562500 0.168056 0.01 0.01
0 0.561719 0.188889 0.01 0.01
0 0.574219 0.372222 0.01 0.01
0 0.564844 0.377778 0.01 0.01
0 0.582812 0.372222 0.01 0.01
0 0.598437 0.400000 0.01 0.01
0 0.685156 0.337500 0.01 0.01
0 0.689844 0.362500 0.01 0.01
0 0.667188 0.366667 0.01 0.01
0 0.681250 0.365278 0.01 0.01
0 0.691406 0.405556 0.01 0.01
0 0.698438 0.420833 0.01 0.01
0 0.683594 0.430556 0.01 0.01
0 0.690625 0.425000 0.01 0.01
0 0.673437 0.409722 0.01 0.01
0 0.681250 0.383333 0.01 0.01
0 0.661719 0.402778 0.01 0.01
0 0.655469 0.438889 0.01 0.01
0 0.645312 0.408333 0.01 0.01
0 0.606250 0.477778 0.01 0.01
0 0.594531 0.498611 0.01 0.01
0 0.592188 0.455556 0.01 0.01
0 0.589844 0.427778 0.01 0.01
0 0.592969 0.420833 0.01 0.01
0 0.573438 0.430556 0.01 0.01
0 0.570312 0.459722 0.01 0.01
0 0.563281 0.416667 0.01 0.01
0 0.561719 0.445833 0.01 0.01
0 0.557813 0.456944 0.01 0.01
0 0.550781 0.475000 0.01 0.01
0 0.540625 0.486111 0.01 0.01
0 0.541406 0.505556 0.01 0.01
0 0.532812 0.536111 0.01 0.01
0 0.535156 0.544444 0.01 0.01
0 0.524219 0.541667 0.01 0.01
0 0.522656 0.491667 0.01 0.01
0 0.526563 0.400000 0.01 0.01
0 0.538281 0.400000 0.01 0.01
0 0.537500 0.350000 0.01 0.01
0 0.527344 0.362500 0.01 0.01
0 0.549219 0.179167 0.01 0.01
0 0.556250 0.159722 0.01 0.01
0 0.555469 0.148611 0.01 0.01
0 0.547656 0.151389 0.01 0.01
0 0.546094 0.159722 0.01 0.01
0 0.539062 0.152778 0.01 0.01
0 0.539844 0.144444 0.01 0.01
0 0.532812 0.155556 0.01 0.01
0 0.526563 0.155556 0.01 0.01
0 0.535937 0.176389 0.01 0.01
0 0.508594 0.152778 0.01 0.01
0 0.516406 0.141667 0.01 0.01
0 0.521875 0.241667 0.01 0.01
0 0.525781 0.268056 0.01 0.01
0 0.510938 0.195833 0.01 0.01
0 0.508594 0.186111 0.01 0.01
0 0.507031 0.213889 0.01 0.01
0 0.512500 0.225000 0.01 0.01
0 0.509375 0.255556 0.01 0.01
0 0.515625 0.261111 0.01 0.01
0 0.514844 0.336111 0.01 0.01
0 0.502344 0.322222 0.01 0.01
0 0.517969 0.354167 0.01 0.01
0 0.512500 0.369444 0.01 0.01
0 0.496094 0.306944 0.01 0.01
0 0.485938 0.316667 0.01 0.01
0 0.492969 0.331944 0.01 0.01
0 0.495313 0.183333 0.01 0.01
0 0.492969 0.204167 0.01 0.01
0 0.490625 0.229167 0.01 0.01
0 0.486719 0.247222 0.01 0.01
0 0.485938 0.262500 0.01 0.01
0 0.482812 0.226389 0.01 0.01
0 0.489844 0.154167 0.01 0.01
0 0.482812 0.158333 0.01 0.01
0 0.477344 0.165278 0.01 0.01
0 0.471875 0.165278 0.01 0.01
0 0.467969 0.166667 0.01 0.01
0 0.464844 0.173611 0.01 0.01
0 0.496875 0.159722 0.01 0.01
0 0.500000 0.138889 0.01 0.01
0 0.504687 0.116667 0.01 0.01
0 0.522656 0.097222 0.01 0.01
0 0.553125 0.123611 0.01 0.01
0 0.560156 0.105556 0.01 0.01
0 0.564844 0.065278 0.01 0.01
0 0.567969 0.040278 0.01 0.01
0 0.649219 0.170833 0.01 0.01
0 0.640625 0.179167 0.01 0.01
0 0.646094 0.188889 0.01 0.01
0 0.639063 0.136111 0.01 0.01
0 0.654688 0.090278 0.01 0.01
0 0.661719 0.070833 0.01 0.01
0 0.616406 0.036111 0.01 0.01
0 0.523438 0.023611 0.01 0.01
0 0.409375 0.108333 0.01 0.01
0 0.395312 0.105556 0.01 0.01
0 0.383594 0.105556 0.01 0.01
0 0.379687 0.116667 0.01 0.01
0 0.423438 0.086111 0.01 0.01
0 0.433594 0.097222 0.01 0.01
0 0.459375 0.104167 0.01 0.01
0 0.498437 0.086111 0.01 0.01
0 0.468750 0.029167 0.01 0.01
0 0.457812 0.033333 0.01 0.01
0 0.446875 0.045833 0.01 0.01
0 0.448438 0.126389 0.01 0.01
0 0.430469 0.165278 0.01 0.01
0 0.346094 0.162500 0.01 0.01
0 0.337500 0.173611 0.01 0.01
0 0.477344 0.193056 0.01 0.01
0 0.473437 0.195833 0.01 0.01
0 0.462500 0.197222 0.01 0.01
0 0.460938 0.183333 0.01 0.01
0 0.453125 0.180556 0.01 0.01
0 0.442187 0.163889 0.01 0.01
0 0.434375 0.177778 0.01 0.01
0 0.473437 0.216667 0.01 0.01
0 0.473437 0.280556 0.01 0.01
0 0.504687 0.393056 0.01 0.01
0 0.499219 0.373611 0.01 0.01
0 0.487500 0.341667 0.01 0.01
0 0.463281 0.337500 0.01 0.01
0 0.463281 0.300000 0.01 0.01
0 0.468750 0.302778 0.01 0.01
0 0.464063 0.275000 0.01 0.01
0 0.459375 0.254167 0.01 0.01
0 0.457031 0.241667 0.01 0.01
0 0.464844 0.229167 0.01 0.01
0 0.451562 0.229167 0.01 0.01
0 0.439844 0.205556 0.01 0.01
0 0.442969 0.195833 0.01 0.01
0 0.446094 0.191667 0.01 0.01
0 0.427344 0.195833 0.01 0.01
0 0.425000 0.215278 0.01 0.01
0 0.416406 0.211111 0.01 0.01
0 0.388281 0.197222 0.01 0.01
0 0.377344 0.216667 0.01 0.01
0 0.382812 0.229167 0.01 0.01
0 0.342969 0.247222 0.01 0.01
0 0.322656 0.279167 0.01 0.01
0 0.307031 0.305556 0.01 0.01
0 0.315625 0.225000 0.01 0.01
0 0.320312 0.200000 0.01 0.01
0 0.421875 0.297222 0.01 0.01
0 0.425000 0.300000 0.01 0.01
0 0.416406 0.291667 0.01 0.01
0 0.433594 0.230556 0.01 0.01
0 0.426562 0.252778 0.01 0.01
0 0.419531 0.240278 0.01 0.01
0 0.414062 0.250000 0.01 0.01
0 0.390625 0.256944 0.01 0.01
0 0.394531 0.261111 0.01 0.01
0 0.403125 0.270833 0.01 0.01
0 0.406250 0.286111 0.01 0.01
0 0.417969 0.270833 0.01 0.01
0 0.433594 0.288889 0.01 0.01
0 0.466406 0.359722 0.01 0.01
0 0.478906 0.379167 0.01 0.01
0 0.477344 0.368056 0.01 0.01
0 0.482031 0.359722 0.01 0.01
0 0.488281 0.373611 0.01 0.01
0 0.674219 0.476389 0.01 0.01
0 0.642187 0.623611 0.01 0.01
0 0.625781 0.698611 0.01 0.01
0 0.629687 0.688889 0.01 0.01
0 0.629687 0.708333 0.01 0.01
0 0.641406 0.694444 0.01 0.01
0 0.640625 0.672222 0.01 0.01
0 0.621875 0.702778 0.01 0.01
0 0.625781 0.716667 0.01 0.01
0 0.620313 0.720833 0.01 0.01
0 0.616406 0.709722 0.01 0.01
0 0.616406 0.729167 0.01 0.01
0 0.621875 0.738889 0.01 0.01
0 0.625000 0.723611 0.01 0.01
0 0.642969 0.659722 0.01 0.01
0 0.653125 0.569444 0.01 0.01
0 0.661719 0.506944 0.01 0.01
0 0.656250 0.523611 0.01 0.01
0 0.653125 0.509722 0.01 0.01
0 0.642969 0.481944 0.01 0.01
0 0.623438 0.497222 0.01 0.01
0 0.356250 0.297222 0.01 0.01
0 0.362500 0.304167 0.01 0.01
0 0.372656 0.297222 0.01 0.01
0 0.389062 0.276389 0.01 0.01
0 0.399219 0.294444 0.01 0.01
0 0.385156 0.298611 0.01 0.01
0 0.393750 0.305556 0.01 0.01
0 0.377344 0.308333 0.01 0.01
0 0.384375 0.318056 0.01 0.01
0 0.451562 0.372222 0.01 0.01
0 0.449219 0.384722 0.01 0.01
0 0.460156 0.358333 0.01 0.01
0 0.450000 0.280556 0.01 0.01
0 0.432031 0.309722 0.01 0.01
0 0.452344 0.430556 0.01 0.01
0 0.437500 0.418056 0.01 0.01
0 0.420312 0.420833 0.01 0.01
0 0.378125 0.343056 0.01 0.01
0 0.374219 0.333333 0.01 0.01
0 0.342187 0.331944 0.01 0.01
0 0.296875 0.254167 0.01 0.01
0 0.282031 0.325000 0.01 0.01
0 0.278125 0.351389 0.01 0.01
0 0.271875 0.383333 0.01 0.01
0 0.271875 0.412500 0.01 0.01
0 0.291406 0.376389 0.01 0.01
0 0.291406 0.294444 0.01 0.01
0 0.693750 0.184722 0.01 0.01
0 0.715625 0.195833 0.01 0.01
0 0.715625 0.140278 0.01 0.01
0 0.719531 0.144444 0.01 0.01
0 0.750781 0.177778 0.01 0.01
0 0.782031 0.276389 0.01 0.01
0 0.767187 0.265278 0.01 0.01
0 0.745313 0.269444 0.01 0.01
0 0.353906 0.365278 0.01 0.01
0 0.357031 0.372222 0.01 0.01
0 0.358594 0.377778 0.01 0.01
0 0.356250 0.350000 0.01 0.01
0 0.363281 0.355556 0.01 0.01
0 0.371094 0.358333 0.01 0.01
0 0.367969 0.372222 0.01 0.01
0 0.439844 0.475000 0.01 0.01
0 0.437500 0.494444 0.01 0.01
0 0.444531 0.486111 0.01 0.01
0 0.446875 0.476389 0.01 0.01
0 0.444531 0.441667 0.01 0.01
0 0.439063 0.448611 0.01 0.01
0 0.410937 0.454167 0.01 0.01
0 0.415625 0.465278 0.01 0.01
0 0.393750 0.415278 0.01 0.01
0 0.389062 0.418056 0.01 0.01
0 0.364844 0.398611 0.01 0.01
0 0.357812 0.398611 0.01 0.01
0 0.335938 0.394444 0.01 0.01
0 0.346094 0.400000 0.01 0.01
0 0.367969 0.419444 0.01 0.01
0 0.342969 0.416667 0.01 0.01
0 0.357812 0.412500 0.01 0.01
0 0.352344 0.418056 0.01 0.01
0 0.292969 0.398611 0.01 0.01
0 0.294531 0.423611 0.01 0.01
0 0.485938 0.506944 0.01 0.01
0 0.485938 0.484722 0.01 0.01
0 0.492188 0.418056 0.01 0.01
0 0.514063 0.420833 0.01 0.01
0 0.495313 0.525000 0.01 0.01
0 0.480469 0.559722 0.01 0.01
0 0.467187 0.555556 0.01 0.01
0 0.467187 0.544444 0.01 0.01
0 0.429688 0.569444 0.01 0.01
0 0.411719 0.554167 0.01 0.01
0 0.417188 0.511111 0.01 0.01
0 0.453125 0.540278 0.01 0.01
0 0.451562 0.512500 0.01 0.01
0 0.315625 0.470833 0.01 0.01
0 0.321094 0.445833 0.01 0.01
0 0.281250 0.454167 0.01 0.01
0 0.264844 0.486111 0.01 0.01
0 0.289844 0.665278 0.01 0.01
0 0.281250 0.641667 0.01 0.01
0 0.289844 0.618056 0.01 0.01
0 0.297656 0.618056 0.01 0.01
0 0.325781 0.572222 0.01 0.01
0 0.348437 0.448611 0.01 0.01
0 0.351562 0.452778 0.01 0.01
0 0.282031 0.475000 0.01 0.01
0 0.271875 0.491667 0.01 0.01
0 0.297656 0.505556 0.01 0.01
0 0.306250 0.552778 0.01 0.01
0 0.274219 0.579167 0.01 0.01
0 0.280469 0.616667 0.01 0.01
0 0.271875 0.601389 0.01 0.01
0 0.282813 0.562500 0.01 0.01
0 0.289844 0.540278 0.01 0.01
0 0.285937 0.500000 0.01 0.01
0 0.278125 0.508333 0.01 0.01
0 0.280469 0.523611 0.01 0.01
0 0.361719 0.434722 0.01 0.01
0 0.370313 0.443056 0.01 0.01
0 0.378125 0.458333 0.01 0.01
0 0.369531 0.459722 0.01 0.01
0 0.342187 0.477778 0.01 0.01
0 0.346094 0.470833 0.01 0.01
0 0.366406 0.472222 0.01 0.01
0 0.365625 0.493056 0.01 0.01
0 0.355469 0.480556 0.01 0.01
0 0.360156 0.486111 0.01 0.01
0 0.356250 0.463889 0.01 0.01
0 0.360938 0.463889 0.01 0.01
0 0.336719 0.513889 0.01 0.01
0 0.345313 0.488889 0.01 0.01
0 0.346875 0.501389 0.01 0.01
0 0.346875 0.512500 0.01 0.01
0 0.350000 0.515278 0.01 0.01
0 0.363281 0.519444 0.01 0.01
0 0.361719 0.516667 0.01 0.01
0 0.364062 0.527778 0.01 0.01
0 0.353125 0.525000 0.01 0.01
0 0.364062 0.540278 0.01 0.01
0 0.357031 0.541667 0.01 0.01
0 0.350781 0.547222 0.01 0.01
0 0.346094 0.555556 0.01 0.01
0 0.346094 0.566667 0.01 0.01
0 0.350781 0.556944 0.01 0.01
0 0.355469 0.556944 0.01 0.01
0 0.342187 0.630556 0.01 0.01
0 0.319531 0.652778 0.01 0.01
0 0.295312 0.706944 0.01 0.01
0 0.317969 0.758333 0.01 0.01
0 0.334375 0.748611 0.01 0.01
0 0.354688 0.709722 0.01 0.01
0 0.352344 0.695833 0.01 0.01
0 0.317969 0.734722 0.01 0.01
0 0.329688 0.716667 0.01 0.01
0 0.339844 0.697222 0.01 0.01
0 0.334375 0.683333 0.01 0.01
0 0.367188 0.638889 0.01 0.01
0 0.376563 0.765278 0.01 0.01
0 0.400000 0.769444 0.01 0.01
0 0.413281 0.629167 0.01 0.01
0 0.405469 0.629167 0.01 0.01
0 0.382031 0.568056 0.01 0.01
0 0.364062 0.568056 0.01 0.01
0 0.381250 0.613889 0.01 0.01
0 0.353906 0.584722 0.01 0.01
0 0.371875 0.591667 0.01 0.01
0 0.360938 0.581944 0.01 0.01
0 0.371875 0.602778 0.01 0.01
0 0.371875 0.622222 0.01 0.01
0 0.366406 0.612500 0.01 0.01
0 0.364062 0.594444 0.01 0.01
0 0.376563 0.631944 0.01 0.01
0 0.382812 0.648611 0.01 0.01
0 0.393750 0.652778 0.01 0.01
0 0.411719 0.662500 0.01 0.01
0 0.403906 0.651389 0.01 0.01
0 0.397656 0.683333 0.01 0.01
0 0.381250 0.681944 0.01 0.01
0 0.385156 0.687500 0.01 0.01
0 0.389844 0.668056 0.01 0.01
0 0.445312 0.608333 0.01 0.01
0 0.464063 0.613889 0.01 0.01
0 0.776563 0.641667 0.01 0.01
0 0.792969 0.615278 0.01 0.01
0 0.796094 0.512500 0.01 0.01
0 0.786719 0.518056 0.01 0.01
0 0.808594 0.495833 0.01 0.01
0 0.808594 0.462500 0.01 0.01
0 0.805469 0.443056 0.01 0.01
0 0.792188 0.415278 0.01 0.01
0 0.760156 0.377778 0.01 0.01
0 0.772656 0.419444 0.01 0.01
0 0.756250 0.404167 0.01 0.01
0 0.732813 0.440278 0.01 0.01
0 0.717188 0.412500 0.01 0.01
0 0.710938 0.370833 0.01 0.01
0 0.341406 0.795833 0.01 0.01
0 0.345313 0.823611 0.01 0.01
0 0.358594 0.815278 0.01 0.01
0 0.378906 0.790278 0.01 0.01
0 0.403906 0.808333 0.01 0.01
0 0.402344 0.847222 0.01 0.01
0 0.382031 0.829167 0.01 0.01
0 0.360156 0.836111 0.01 0.01
0 0.374219 0.837500 0.01 0.01
0 0.450781 0.919444 0.01 0.01
0 0.456250 0.922222 0.01 0.01
0 0.460156 0.916667 0.01 0.01
0 0.453125 0.931944 0.01 0.01
0 0.441406 0.891667 0.01 0.01
0 0.460938 0.897222 0.01 0.01
0 0.458594 0.884722 0.01 0.01
0 0.433594 0.851389 0.01 0.01
0 0.492969 0.950000 0.01 0.01
0 0.550000 0.955556 0.01 0.01
0 0.510938 0.965278 0.01 0.01
0 0.520312 0.929167 0.01 0.01
0 0.513281 0.929167 0.01 0.01
0 0.530469 0.879167 0.01 0.01
0 0.480469 0.629167 0.01 0.01
0 0.474219 0.645833 0.01 0.01
0 0.460156 0.705556 0.01 0.01
0 0.480469 0.772222 0.01 0.01
0 0.488281 0.775000 0.01 0.01
0 0.488281 0.766667 0.01 0.01
0 0.510156 0.755556 0.01 0.01
0 0.502344 0.761111 0.01 0.01
0 0.495313 0.731944 0.01 0.01
0 0.482031 0.688889 0.01 0.01
0 0.491406 0.629167 0.01 0.01
0 0.512500 0.577778 0.01 0.01
0 0.486719 0.598611 0.01 0.01
0 0.426562 0.670833 0.01 0.01
0 0.413281 0.747222 0.01 0.01
0 0.443750 0.758333 0.01 0.01
0 0.483594 0.825000 0.01 0.01
0 0.485156 0.875000 0.01 0.01
0 0.492969 0.797222 0.01 0.01
0 0.467187 0.780556 0.01 0.01
0 0.461719 0.754167 0.01 0.01
0 0.452344 0.786111 0.01 0.01
0 0.454688 0.756944 0.01 0.01
0 0.457031 0.744444 0.01 0.01
0 0.450000 0.743056 0.01 0.01
0 0.425000 0.733333 0.01 0.01
0 0.426562 0.722222 0.01 0.01
0 0.414844 0.709722 0.01 0.01
0 0.420312 0.704167 0.01 0.01
0 0.447656 0.680556 0.01 0.01
0 0.700781 0.454167 0.01 0.01
0 0.746875 0.630556 0.01 0.01
0 0.775000 0.697222 0.01 0.01
0 0.760938 0.720833 0.01 0.01
0 0.763281 0.675000 0.01 0.01
0 0.746094 0.688889 0.01 0.01
0 0.692187 0.820833 0.01 0.01
0 0.690625 0.880556 0.01 0.01
0 0.679688 0.833333 0.01 0.01
0 0.678906 0.866667 0.01 0.01
0 0.675781 0.834722 0.01 0.01
0 0.665625 0.883333 0.01 0.01
0 0.640625 0.922222 0.01 0.01
0 0.596875 0.915278 0.01 0.01
0 0.532031 0.776389 0.01 0.01
0 0.537500 0.609722 0.01 0.01
0 0.509375 0.655556 0.01 0.01
0 0.719531 0.504167 0.01 0.01
0 0.686719 0.484722 0.01 0.01
0 0.649219 0.656944 0.01 0.01
0 0.652344 0.645833 0.01 0.01
0 0.660156 0.654167 0.01 0.01
0 0.671094 0.636111 0.01 0.01
0 0.665625 0.644444 0.01 0.01
0 0.606250 0.741667 0.01 0.01
0 0.623438 0.802778 0.01 0.01
0 0.605469 0.850000 0.01 0.01
0 0.578906 0.836111 0.01 0.01
0 0.602344 0.804167 0.01 0.01
0 0.578125 0.813889 0.01 0.01
0 0.591406 0.787500 0.01 0.01
0 0.596094 0.750000 0.01 0.01
0 0.589844 0.744444 0.01 0.01
0 0.598437 0.719444 0.01 0.01
0 0.590625 0.697222 0.01 0.01
0 0.555469 0.776389 0.01 0.01
0 0.562500 0.768056 0.01 0.01
0 0.575000 0.759722 0.01 0.01
0 0.567969 0.644444 0.01 0.01
0 0.575781 0.648611 0.01 0.01
0 0.564062 0.727778 0.01 0.01
0 0.560156 0.693056 0.01 0.01
0 0.559375 0.650000 0.01 0.01
0 0.595312 0.602778 0.01 0.01
0 0.695312 0.506944 0.01 0.01
0 0.731250 0.615278 0.01 0.01
0 0.680469 0.605556 0.01 0.01
0 0.700000 0.601389 0.01 0.01
0 0.687500 0.601389 0.01 0.01
0 0.675781 0.579167 0.01 0.01
0 0.707812 0.531944 0.01 0.01
0 0.714844 0.629167 0.01 0.01
0 0.726562 0.570833 0.01 0.01
0 0.723437 0.618056 0.01 0.01
0 0.694531 0.540278 0.01 0.01
0 0.689844 0.559722 0.01 0.01
0 0.676562 0.513889 0.01 0.01
0 0.538281 0.666667 0.01 0.01
