0 0.398690 0.683423 0.01 0.01
0 0.390087 0.686953 0.01 0.01
0 0.378176 0.678717 0.01 0.01
0 0.377514 0.665776 0.01 0.01
0 0.384131 0.652835 0.01 0.01
0 0.379499 0.637541 0.01 0.01
0 0.362293 0.634011 0.01 0.01
0 0.372881 0.624600 0.01 0.01
0 0.368249 0.614011 0.01 0.01
0 0.374867 0.612835 0.01 0.01
0 0.365602 0.599894 0.01 0.01
0 0.372220 0.594011 0.01 0.01
0 0.385455 0.614011 0.01 0.01
0 0.394720 0.669306 0.01 0.01
0 0.358323 0.578717 0.01 0.01
0 0.362955 0.588129 0.01 0.01
0 0.368249 0.576364 0.01 0.01
0 0.347073 0.557541 0.01 0.01
0 0.352367 0.566953 0.01 0.01
0 0.357661 0.559894 0.01 0.01
0 0.355014 0.554011 0.01 0.01
0 0.354352 0.541070 0.01 0.01
0 0.353690 0.525776 0.01 0.01
0 0.349720 0.517541 0.01 0.01
0 0.342440 0.515188 0.01 0.01
0 0.352367 0.504600 0.01 0.01
0 0.345087 0.496364 0.01 0.01
0 0.364278 0.538717 0.01 0.01
0 0.360308 0.524600 0.01 0.01
0 0.363617 0.522247 0.01 0.01
0 0.366926 0.517541 0.01 0.01
0 0.365602 0.496364 0.01 0.01
0 0.362955 0.485776 0.01 0.01
0 0.359646 0.489306 0.01 0.01
0 0.349058 0.477541 0.01 0.01
0 0.349720 0.465776 0.01 0.01
0 0.347734 0.449306 0.01 0.01
0 0.358984 0.469306 0.01 0.01
0 0.358984 0.469306 0.01 0.01
0 0.370896 0.456364 0.01 0.01
0 0.380823 0.461070 0.01 0.01
0 0.366926 0.474011 0.01 0.01
0 0.370896 0.441070 0.01 0.01
0 0.363617 0.435188 0.01 0.01
0 0.367587 0.419894 0.01 0.01
0 0.368249 0.406953 0.01 0.01
0 0.362293 0.411658 0.01 0.01
0 0.351043 0.419894 0.01 0.01
0 0.332514 0.417541 0.01 0.01
0 0.347073 0.401070 0.01 0.01
0 0.350381 0.405776 0.01 0.01
0 0.362955 0.397541 0.01 0.01
0 0.359646 0.389306 0.01 0.01
0 0.353028 0.386953 0.01 0.01
0 0.358984 0.374011 0.01 0.01
0 0.356337 0.363423 0.01 0.01
0 0.356999 0.349306 0.01 0.01
0 0.363617 0.357541 0.01 0.01
0 0.372220 0.354011 0.01 0.01
0 0.378176 0.336364 0.01 0.01
0 0.360970 0.326953 0.01 0.01
0 0.365602 0.308129 0.01 0.01
0 0.351705 0.306953 0.01 0.01
0 0.378176 0.304600 0.01 0.01
0 0.387440 0.301070 0.01 0.01
0 0.394720 0.305776 0.01 0.01
0 0.401337 0.297541 0.01 0.01
0 0.388764 0.279894 0.01 0.01
0 0.384793 0.274011 0.01 0.01
0 0.376190 0.271658 0.01 0.01
0 0.405970 0.338717 0.01 0.01
0 0.399352 0.425776 0.01 0.01
0 0.394720 0.421070 0.01 0.01
0 0.389426 0.421070 0.01 0.01
0 0.345087 0.244600 0.01 0.01
0 0.366926 0.245776 0.01 0.01
0 0.385455 0.218717 0.01 0.01
0 0.392734 0.197541 0.01 0.01
0 0.393396 0.224600 0.01 0.01
0 0.395381 0.239894 0.01 0.01
0 0.375528 0.138717 0.01 0.01
0 0.384131 0.121070 0.01 0.01
0 0.376190 0.110482 0.01 0.01
0 0.384793 0.110482 0.01 0.01
0 0.382808 0.094011 0.01 0.01
0 0.396043 0.115188 0.01 0.01
0 0.413249 0.130482 0.01 0.01
0 0.405308 0.217541 0.01 0.01
0 0.419867 0.205776 0.01 0.01
0 0.427808 0.211658 0.01 0.01
0 0.436411 0.206953 0.01 0.01
0 0.435087 0.195188 0.01 0.01
0 0.433764 0.185776 0.01 0.01
0 0.441705 0.192835 0.01 0.01
0 0.447661 0.198717 0.01 0.01
0 0.446337 0.189306 0.01 0.01
0 0.449646 0.178717 0.01 0.01
0 0.443029 0.162247 0.01 0.01
0 0.458911 0.175188 0.01 0.01
0 0.456264 0.182247 0.01 0.01
0 0.462220 0.188129 0.01 0.01
0 0.469499 0.196364 0.01 0.01
0 0.470161 0.192835 0.01 0.01
0 0.472146 0.179894 0.01 0.01
0 0.474131 0.163423 0.01 0.01
0 0.481411 0.158717 0.01 0.01
0 0.491337 0.152835 0.01 0.01
0 0.495308 0.159894 0.01 0.01
0 0.509205 0.157541 0.01 0.01
0 0.505234 0.144600 0.01 0.01
0 0.502587 0.124600 0.01 0.01
0 0.525749 0.154011 0.01 0.01
0 0.530381 0.155188 0.01 0.01
0 0.535676 0.156364 0.01 0.01
0 0.537661 0.150482 0.01 0.01
0 0.540308 0.145776 0.01 0.01
0 0.548911 0.157541 0.01 0.01
0 0.533690 0.176364 0.01 0.01
0 0.545602 0.169306 0.01 0.01
0 0.556190 0.175188 0.01 0.01
0 0.556852 0.161070 0.01 0.01
0 0.556852 0.154011 0.01 0.01
0 0.565455 0.177541 0.01 0.01
0 0.562808 0.186953 0.01 0.01
0 0.570749 0.186953 0.01 0.01
0 0.568764 0.197541 0.01 0.01
0 0.573396 0.170482 0.01 0.01
0 0.579352 0.162247 0.01 0.01
0 0.583323 0.197541 0.01 0.01
0 0.593249 0.192835 0.01 0.01
0 0.593249 0.201070 0.01 0.01
0 0.574720 0.216364 0.01 0.01
0 0.609793 0.191659 0.01 0.01
0 0.611778 0.201070 0.01 0.01
0 0.626999 0.212835 0.01 0.01
0 0.621043 0.231659 0.01 0.01
0 0.621705 0.203423 0.01 0.01
0 0.634278 0.175188 0.01 0.01
0 0.644867 0.175188 0.01 0.01
0 0.657440 0.229306 0.01 0.01
0 0.635602 0.217541 0.01 0.01
0 0.636264 0.224600 0.01 0.01
0 0.607808 0.239894 0.01 0.01
0 0.610455 0.259894 0.01 0.01
0 0.574720 0.234011 0.01 0.01
0 0.586631 0.239894 0.01 0.01
0 0.616411 0.281070 0.01 0.01
0 0.618396 0.286953 0.01 0.01
0 0.623028 0.286953 0.01 0.01
0 0.626337 0.297541 0.01 0.01
0 0.632293 0.299894 0.01 0.01
0 0.642881 0.310482 0.01 0.01
0 0.640896 0.298717 0.01 0.01
0 0.644867 0.294011 0.01 0.01
0 0.644867 0.288129 0.01 0.01
0 0.644867 0.283423 0.01 0.01
0 0.645528 0.270482 0.01 0.01
0 0.632293 0.259894 0.01 0.01
0 0.650161 0.254011 0.01 0.01
0 0.659426 0.250482 0.01 0.01
0 0.634278 0.284600 0.01 0.01
0 0.663396 0.269306 0.01 0.01
0 0.665381 0.282247 0.01 0.01
0 0.667367 0.286953 0.01 0.01
0 0.660749 0.290482 0.01 0.01
0 0.670014 0.303423 0.01 0.01
0 0.668028 0.322247 0.01 0.01
0 0.662073 0.319894 0.01 0.01
0 0.687220 0.341070 0.01 0.01
0 0.689867 0.359894 0.01 0.01
0 0.681926 0.364600 0.01 0.01
0 0.648837 0.329306 0.01 0.01
0 0.660087 0.349306 0.01 0.01
0 0.669352 0.372835 0.01 0.01
0 0.682587 0.386953 0.01 0.01
0 0.708396 0.381070 0.01 0.01
0 0.712367 0.404600 0.01 0.01
0 0.642881 0.338717 0.01 0.01
0 0.643543 0.404600 0.01 0.01
0 0.623690 0.369306 0.01 0.01
0 0.618396 0.370482 0.01 0.01
0 0.594573 0.359894 0.01 0.01
0 0.582661 0.376364 0.01 0.01
0 0.562146 0.379894 0.01 0.01
0 0.570749 0.375188 0.01 0.01
0 0.540970 0.317541 0.01 0.01
0 0.544940 0.301070 0.01 0.01
0 0.560161 0.319894 0.01 0.01
0 0.556190 0.296364 0.01 0.01
0 0.570087 0.281070 0.01 0.01
0 0.580014 0.265776 0.01 0.01
0 0.585308 0.284600 0.01 0.01
0 0.586631 0.295188 0.01 0.01
0 0.590602 0.282247 0.01 0.01
0 0.546264 0.239894 0.01 0.01
0 0.545602 0.234011 0.01 0.01
0 0.546264 0.265776 0.01 0.01
0 0.528396 0.271658 0.01 0.01
0 0.525749 0.237541 0.01 0.01
0 0.519131 0.241070 0.01 0.01
0 0.513176 0.245776 0.01 0.01
0 0.505234 0.208129 0.01 0.01
0 0.515161 0.192835 0.01 0.01
0 0.509867 0.191659 0.01 0.01
0 0.494646 0.182247 0.01 0.01
0 0.495970 0.204600 0.01 0.01
0 0.495308 0.228129 0.01 0.01
0 0.495308 0.254011 0.01 0.01
0 0.515823 0.263423 0.01 0.01
0 0.511852 0.288129 0.01 0.01
0 0.527073 0.323423 0.01 0.01
0 0.541631 0.350482 0.01 0.01
0 0.528396 0.357541 0.01 0.01
0 0.524426 0.357541 0.01 0.01
0 0.480749 0.322247 0.01 0.01
0 0.490676 0.316364 0.01 0.01
0 0.495308 0.306953 0.01 0.01
0 0.493323 0.329306 0.01 0.01
0 0.500602 0.336364 0.01 0.01
0 0.516484 0.337541 0.01 0.01
0 0.463543 0.274011 0.01 0.01
0 0.465528 0.259894 0.01 0.01
0 0.454278 0.262247 0.01 0.01
0 0.459573 0.246953 0.01 0.01
0 0.466190 0.234011 0.01 0.01
0 0.476117 0.226953 0.01 0.01
0 0.487367 0.212835 0.01 0.01
0 0.488690 0.245776 0.01 0.01
0 0.488028 0.261070 0.01 0.01
0 0.438396 0.223423 0.01 0.01
0 0.422514 0.243423 0.01 0.01
0 0.414573 0.246953 0.01 0.01
0 0.425823 0.254011 0.01 0.01
0 0.420529 0.265776 0.01 0.01
0 0.403984 0.264600 0.01 0.01
0 0.409940 0.285776 0.01 0.01
0 0.416558 0.294011 0.01 0.01
0 0.419867 0.309306 0.01 0.01
0 0.431778 0.291658 0.01 0.01
0 0.431778 0.316364 0.01 0.01
0 0.463543 0.297541 0.01 0.01
0 0.465528 0.338717 0.01 0.01
0 0.460234 0.364600 0.01 0.01
0 0.452955 0.375188 0.01 0.01
0 0.446337 0.384600 0.01 0.01
0 0.470161 0.362247 0.01 0.01
0 0.482734 0.375188 0.01 0.01
0 0.477440 0.369306 0.01 0.01
0 0.480749 0.363423 0.01 0.01
0 0.482073 0.355188 0.01 0.01
0 0.501264 0.384600 0.01 0.01
0 0.507881 0.396364 0.01 0.01
0 0.517808 0.376364 0.01 0.01
0 0.515161 0.415188 0.01 0.01
0 0.530381 0.398717 0.01 0.01
0 0.538984 0.397541 0.01 0.01
0 0.456264 0.098717 0.01 0.01
0 0.440381 0.078717 0.01 0.01
0 0.431117 0.074011 0.01 0.01
0 0.426484 0.065776 0.01 0.01
0 0.518470 0.026953 0.01 0.01
0 0.495970 0.078717 0.01 0.01
0 0.449646 0.046953 0.01 0.01
0 0.458911 0.036364 0.01 0.01
0 0.509205 0.083423 0.01 0.01
0 0.523764 0.102247 0.01 0.01
0 0.536999 0.118717 0.01 0.01
0 0.557514 0.063423 0.01 0.01
0 0.566117 0.046953 0.01 0.01
0 0.564793 0.122247 0.01 0.01
0 0.644867 0.134011 0.01 0.01
0 0.617073 0.038717 0.01 0.01
0 0.659426 0.066953 0.01 0.01
0 0.670014 0.114011 0.01 0.01
0 0.715014 0.143423 0.01 0.01
0 0.715014 0.143423 0.01 0.01
0 0.746117 0.178717 0.01 0.01
0 0.715014 0.201070 0.01 0.01
0 0.699131 0.179894 0.01 0.01
0 0.751411 0.264600 0.01 0.01
0 0.759352 0.262247 0.01 0.01
0 0.785823 0.283423 0.01 0.01
0 0.762661 0.378717 0.01 0.01
0 0.752734 0.402247 0.01 0.01
0 0.768617 0.415188 0.01 0.01
0 0.800381 0.435188 0.01 0.01
0 0.808984 0.463423 0.01 0.01
0 0.808323 0.491658 0.01 0.01
0 0.799720 0.508129 0.01 0.01
0 0.782514 0.535188 0.01 0.01
0 0.692514 0.404600 0.01 0.01
0 0.697808 0.425776 0.01 0.01
0 0.690529 0.422247 0.01 0.01
0 0.685896 0.426953 0.01 0.01
0 0.675308 0.409306 0.01 0.01
0 0.661411 0.402247 0.01 0.01
0 0.647514 0.358717 0.01 0.01
0 0.643543 0.355188 0.01 0.01
0 0.599867 0.397541 0.01 0.01
0 0.593249 0.416364 0.01 0.01
0 0.590602 0.425776 0.01 0.01
0 0.560823 0.444600 0.01 0.01
0 0.556852 0.454011 0.01 0.01
0 0.554867 0.476364 0.01 0.01
0 0.550896 0.469306 0.01 0.01
0 0.572073 0.462247 0.01 0.01
0 0.594573 0.456364 0.01 0.01
0 0.534352 0.503423 0.01 0.01
0 0.525749 0.494011 0.01 0.01
0 0.521778 0.543423 0.01 0.01
0 0.533690 0.535188 0.01 0.01
0 0.463543 0.441070 0.01 0.01
0 0.456264 0.441070 0.01 0.01
0 0.445014 0.448129 0.01 0.01
0 0.439058 0.418717 0.01 0.01
0 0.421852 0.421070 0.01 0.01
0 0.437073 0.446953 0.01 0.01
0 0.417220 0.464600 0.01 0.01
0 0.419205 0.494011 0.01 0.01
0 0.405970 0.559894 0.01 0.01
0 0.446999 0.479894 0.01 0.01
0 0.442367 0.488129 0.01 0.01
0 0.448984 0.466953 0.01 0.01
0 0.451631 0.514011 0.01 0.01
0 0.455602 0.545776 0.01 0.01
0 0.466852 0.557541 0.01 0.01
0 0.482734 0.510482 0.01 0.01
0 0.486705 0.485776 0.01 0.01
0 0.507220 0.536364 0.01 0.01
0 0.485381 0.596364 0.01 0.01
0 0.493984 0.631658 0.01 0.01
0 0.483396 0.632835 0.01 0.01
0 0.475455 0.646953 0.01 0.01
0 0.464205 0.619894 0.01 0.01
0 0.415234 0.631658 0.01 0.01
0 0.403984 0.656364 0.01 0.01
0 0.411264 0.661070 0.01 0.01
0 0.692514 0.449306 0.01 0.01
0 0.713029 0.465776 0.01 0.01
0 0.718984 0.508129 0.01 0.01
0 0.695161 0.504600 0.01 0.01
0 0.694499 0.483423 0.01 0.01
0 0.701779 0.477541 0.01 0.01
0 0.728249 0.438717 0.01 0.01
0 0.656779 0.436364 0.01 0.01
0 0.675308 0.463423 0.01 0.01
0 0.677293 0.514011 0.01 0.01
0 0.662734 0.505776 0.01 0.01
0 0.654131 0.523423 0.01 0.01
0 0.653470 0.505776 0.01 0.01
0 0.640896 0.479894 0.01 0.01
0 0.624352 0.495188 0.01 0.01
0 0.611117 0.483423 0.01 0.01
0 0.595234 0.497541 0.01 0.01
0 0.598543 0.504600 0.01 0.01
0 0.629646 0.551659 0.01 0.01
0 0.622367 0.557541 0.01 0.01
0 0.612440 0.554011 0.01 0.01
0 0.585970 0.579894 0.01 0.01
0 0.576043 0.537541 0.01 0.01
0 0.515823 0.575188 0.01 0.01
0 0.533028 0.609306 0.01 0.01
0 0.538323 0.614011 0.01 0.01
0 0.556852 0.643423 0.01 0.01
0 0.574720 0.644600 0.01 0.01
0 0.574058 0.652835 0.01 0.01
0 0.595896 0.694011 0.01 0.01
0 0.561484 0.724600 0.01 0.01
0 0.510528 0.658717 0.01 0.01
0 0.558837 0.695188 0.01 0.01
0 0.484058 0.685776 0.01 0.01
0 0.448984 0.683423 0.01 0.01
0 0.461558 0.704600 0.01 0.01
0 0.448984 0.606953 0.01 0.01
0 0.426484 0.571658 0.01 0.01
0 0.480749 0.562247 0.01 0.01
0 0.425161 0.674011 0.01 0.01
0 0.421190 0.699894 0.01 0.01
0 0.412587 0.706953 0.01 0.01
0 0.425823 0.717541 0.01 0.01
0 0.448323 0.739894 0.01 0.01
0 0.456926 0.745776 0.01 0.01
0 0.465528 0.752835 0.01 0.01
0 0.477440 0.741070 0.01 0.01
0 0.492661 0.730482 0.01 0.01
0 0.486043 0.770482 0.01 0.01
0 0.490014 0.770482 0.01 0.01
0 0.461558 0.797541 0.01 0.01
0 0.482734 0.794011 0.01 0.01
0 0.503249 0.802247 0.01 0.01
0 0.514499 0.771658 0.01 0.01
0 0.525087 0.779894 0.01 0.01
0 0.508543 0.750482 0.01 0.01
0 0.552881 0.777541 0.01 0.01
0 0.566117 0.762247 0.01 0.01
0 0.575381 0.757541 0.01 0.01
0 0.596558 0.742247 0.01 0.01
0 0.601852 0.750482 0.01 0.01
0 0.602514 0.739894 0.01 0.01
0 0.609131 0.734011 0.01 0.01
0 0.615087 0.735188 0.01 0.01
0 0.615749 0.719894 0.01 0.01
0 0.619058 0.719894 0.01 0.01
0 0.627661 0.716364 0.01 0.01
0 0.626337 0.679894 0.01 0.01
0 0.631631 0.686953 0.01 0.01
0 0.633617 0.701070 0.01 0.01
0 0.638249 0.702247 0.01 0.01
0 0.640234 0.696364 0.01 0.01
0 0.640896 0.674011 0.01 0.01
0 0.642220 0.655188 0.01 0.01
0 0.646852 0.624600 0.01 0.01
0 0.651484 0.659894 0.01 0.01
0 0.654131 0.650482 0.01 0.01
0 0.662734 0.643423 0.01 0.01
0 0.671999 0.636364 0.01 0.01
0 0.656117 0.585776 0.01 0.01
0 0.675970 0.579894 0.01 0.01
0 0.676631 0.604600 0.01 0.01
0 0.684573 0.603423 0.01 0.01
0 0.687881 0.569306 0.01 0.01
0 0.695161 0.543423 0.01 0.01
0 0.700455 0.604600 0.01 0.01
0 0.711043 0.611658 0.01 0.01
0 0.730896 0.568129 0.01 0.01
0 0.724279 0.610482 0.01 0.01
0 0.744793 0.605776 0.01 0.01
0 0.749426 0.639894 0.01 0.01
0 0.779867 0.639894 0.01 0.01
0 0.787146 0.654011 0.01 0.01
0 0.794426 0.611658 0.01 0.01
0 0.763984 0.668129 0.01 0.01
0 0.773249 0.683423 0.01 0.01
0 0.748102 0.682247 0.01 0.01
0 0.757367 0.735188 0.01 0.01
0 0.716337 0.682247 0.01 0.01
0 0.336484 0.178717 0.01 0.01
0 0.339793 0.171659 0.01 0.01
0 0.318617 0.203423 0.01 0.01
0 0.321926 0.226953 0.01 0.01
0 0.299426 0.256364 0.01 0.01
0 0.305381 0.315188 0.01 0.01
0 0.292146 0.344600 0.01 0.01
0 0.274940 0.349306 0.01 0.01
0 0.280896 0.317541 0.01 0.01
0 0.269646 0.390482 0.01 0.01
0 0.280896 0.450482 0.01 0.01
0 0.295455 0.462247 0.01 0.01
0 0.311337 0.446953 0.01 0.01
0 0.317955 0.445776 0.01 0.01
0 0.276926 0.503423 0.01 0.01
0 0.267661 0.485776 0.01 0.01
0 0.261705 0.476364 0.01 0.01
0 0.280234 0.475188 0.01 0.01
0 0.284205 0.562247 0.01 0.01
0 0.290161 0.548129 0.01 0.01
0 0.278911 0.526953 0.01 0.01
0 0.298102 0.517541 0.01 0.01
0 0.266337 0.572835 0.01 0.01
0 0.272293 0.604600 0.01 0.01
0 0.284205 0.604600 0.01 0.01
0 0.284205 0.621070 0.01 0.01
0 0.276926 0.631658 0.01 0.01
0 0.288176 0.666953 0.01 0.01
0 0.298764 0.641070 0.01 0.01
0 0.317955 0.642247 0.01 0.01
0 0.329867 0.619894 0.01 0.01
0 0.268984 0.424600 0.01 0.01
0 0.324573 0.290482 0.01 0.01
0 0.288176 0.409306 0.01 0.01
0 0.337146 0.332835 0.01 0.01
0 0.563470 0.412835 0.01 0.01
0 0.341117 0.697541 0.01 0.01
0 0.352367 0.701070 0.01 0.01
0 0.358984 0.717541 0.01 0.01
0 0.341117 0.752835 0.01 0.01
0 0.335161 0.725776 0.01 0.01
0 0.323249 0.754011 0.01 0.01
0 0.311337 0.748129 0.01 0.01
0 0.296117 0.709306 0.01 0.01
0 0.348396 0.802247 0.01 0.01
0 0.349058 0.819894 0.01 0.01
0 0.352367 0.824600 0.01 0.01
0 0.357661 0.837541 0.01 0.01
0 0.377514 0.782247 0.01 0.01
0 0.372220 0.836364 0.01 0.01
0 0.383470 0.826953 0.01 0.01
0 0.398028 0.803423 0.01 0.01
0 0.393396 0.759894 0.01 0.01
0 0.420529 0.766953 0.01 0.01
0 0.407293 0.846953 0.01 0.01
0 0.431117 0.865776 0.01 0.01
0 0.442367 0.858717 0.01 0.01
0 0.452293 0.892835 0.01 0.01
0 0.464205 0.891659 0.01 0.01
0 0.462220 0.904600 0.01 0.01
0 0.452955 0.910482 0.01 0.01
0 0.484720 0.872835 0.01 0.01
0 0.492661 0.946953 0.01 0.01
0 0.515161 0.962247 0.01 0.01
0 0.549573 0.943423 0.01 0.01
0 0.529720 0.883423 0.01 0.01
0 0.531705 0.925776 0.01 0.01
0 0.478102 0.816364 0.01 0.01
0 0.592587 0.918717 0.01 0.01
0 0.576043 0.842247 0.01 0.01
0 0.576043 0.821070 0.01 0.01
0 0.609131 0.850482 0.01 0.01
0 0.602514 0.804600 0.01 0.01
0 0.595896 0.788129 0.01 0.01
0 0.616411 0.814011 0.01 0.01
0 0.621043 0.757541 0.01 0.01
0 0.646190 0.915188 0.01 0.01
0 0.662734 0.878717 0.01 0.01
0 0.671999 0.835188 0.01 0.01
0 0.677955 0.830482 0.01 0.01
0 0.693837 0.799894 0.01 0.01
0 0.693837 0.812835 0.01 0.01
0 0.693837 0.879894 0.01 0.01
0 0.677293 0.862247 0.01 0.01
0 0.588617 0.316364 0.01 0.01
0 0.584646 0.319894 0.01 0.01
0 0.451631 0.290482 0.01 0.01
0 0.472146 0.283423 0.01 0.01
0 0.600529 0.719894 0.01 0.01
