0 0.773249 0.694011 0.01 0.01
0 0.755381 0.735188 0.01 0.01
0 0.746117 0.686953 0.01 0.01
0 0.764646 0.674011 0.01 0.01
0 0.748764 0.636364 0.01 0.01
0 0.775896 0.639894 0.01 0.01
0 0.783837 0.655188 0.01 0.01
0 0.797073 0.614011 0.01 0.01
0 0.781852 0.529306 0.01 0.01
0 0.795749 0.511658 0.01 0.01
0 0.806337 0.491658 0.01 0.01
0 0.808984 0.464600 0.01 0.01
0 0.796411 0.422247 0.01 0.01
0 0.773249 0.419894 0.01 0.01
0 0.397367 0.682247 0.01 0.01
0 0.384131 0.678717 0.01 0.01
0 0.378837 0.677541 0.01 0.01
0 0.413249 0.665776 0.01 0.01
0 0.405308 0.656364 0.01 0.01
0 0.392734 0.671659 0.01 0.01
0 0.380823 0.662247 0.01 0.01
0 0.382146 0.648129 0.01 0.01
0 0.376190 0.635188 0.01 0.01
0 0.363617 0.635188 0.01 0.01
0 0.373543 0.625776 0.01 0.01
0 0.366926 0.616364 0.01 0.01
0 0.364278 0.602247 0.01 0.01
0 0.371558 0.595188 0.01 0.01
0 0.373543 0.605776 0.01 0.01
0 0.382808 0.612835 0.01 0.01
0 0.359646 0.583423 0.01 0.01
0 0.364940 0.574011 0.01 0.01
0 0.349720 0.572835 0.01 0.01
0 0.345749 0.562247 0.01 0.01
0 0.350381 0.554011 0.01 0.01
0 0.354352 0.549306 0.01 0.01
0 0.355676 0.559894 0.01 0.01
0 0.364278 0.543423 0.01 0.01
0 0.367587 0.528129 0.01 0.01
0 0.363617 0.522247 0.01 0.01
0 0.360308 0.518717 0.01 0.01
0 0.353028 0.536364 0.01 0.01
0 0.350381 0.526953 0.01 0.01
0 0.349058 0.516364 0.01 0.01
0 0.341117 0.518717 0.01 0.01
0 0.349720 0.506953 0.01 0.01
0 0.347073 0.496364 0.01 0.01
0 0.343102 0.486953 0.01 0.01
0 0.356337 0.486953 0.01 0.01
0 0.360970 0.490482 0.01 0.01
0 0.363617 0.499894 0.01 0.01
0 0.367587 0.476364 0.01 0.01
0 0.358323 0.466953 0.01 0.01
0 0.358323 0.466953 0.01 0.01
0 0.349058 0.455188 0.01 0.01
0 0.349058 0.464600 0.01 0.01
0 0.349720 0.474011 0.01 0.01
0 0.378837 0.455188 0.01 0.01
0 0.372881 0.454011 0.01 0.01
0 0.369573 0.435188 0.01 0.01
0 0.366264 0.435188 0.01 0.01
0 0.366264 0.419894 0.01 0.01
0 0.364940 0.404600 0.01 0.01
0 0.341117 0.422247 0.01 0.01
0 0.348396 0.416364 0.01 0.01
0 0.360970 0.410482 0.01 0.01
0 0.354352 0.409306 0.01 0.01
0 0.335161 0.409306 0.01 0.01
0 0.345087 0.403423 0.01 0.01
0 0.358984 0.388129 0.01 0.01
0 0.356999 0.383423 0.01 0.01
0 0.360308 0.398717 0.01 0.01
0 0.359646 0.370482 0.01 0.01
0 0.357661 0.366953 0.01 0.01
0 0.356337 0.358717 0.01 0.01
0 0.358323 0.346953 0.01 0.01
0 0.362293 0.352835 0.01 0.01
0 0.372881 0.357541 0.01 0.01
0 0.377514 0.336364 0.01 0.01
0 0.371558 0.328129 0.01 0.01
0 0.386117 0.422247 0.01 0.01
0 0.393396 0.417541 0.01 0.01
0 0.388102 0.385776 0.01 0.01
0 0.360970 0.321070 0.01 0.01
0 0.366926 0.302247 0.01 0.01
0 0.334499 0.336364 0.01 0.01
0 0.354352 0.303423 0.01 0.01
0 0.377514 0.305776 0.01 0.01
0 0.382808 0.317541 0.01 0.01
0 0.386779 0.299894 0.01 0.01
0 0.393396 0.308129 0.01 0.01
0 0.396705 0.301070 0.01 0.01
0 0.387440 0.268129 0.01 0.01
0 0.379499 0.264600 0.01 0.01
0 0.344426 0.244600 0.01 0.01
0 0.322587 0.291658 0.01 0.01
0 0.378837 0.223423 0.01 0.01
0 0.377514 0.236364 0.01 0.01
0 0.389426 0.203423 0.01 0.01
0 0.413249 0.191659 0.01 0.01
0 0.404646 0.288129 0.01 0.01
0 0.416558 0.294011 0.01 0.01
0 0.419205 0.308129 0.01 0.01
0 0.419205 0.309306 0.01 0.01
0 0.432440 0.289306 0.01 0.01
0 0.417881 0.269306 0.01 0.01
0 0.404646 0.266953 0.01 0.01
0 0.413249 0.245776 0.01 0.01
0 0.422514 0.242247 0.01 0.01
0 0.427808 0.254011 0.01 0.01
0 0.431778 0.231659 0.01 0.01
0 0.435087 0.224600 0.01 0.01
0 0.438396 0.205776 0.01 0.01
0 0.435087 0.194011 0.01 0.01
0 0.435087 0.181070 0.01 0.01
0 0.425161 0.197541 0.01 0.01
0 0.441705 0.192835 0.01 0.01
0 0.444352 0.192835 0.01 0.01
0 0.445676 0.186953 0.01 0.01
0 0.465528 0.203423 0.01 0.01
0 0.468837 0.194011 0.01 0.01
0 0.474793 0.191659 0.01 0.01
0 0.454940 0.189306 0.01 0.01
0 0.468176 0.182247 0.01 0.01
0 0.461558 0.170482 0.01 0.01
0 0.445014 0.164600 0.01 0.01
0 0.468837 0.168129 0.01 0.01
0 0.473470 0.168129 0.01 0.01
0 0.481411 0.159894 0.01 0.01
0 0.490676 0.152835 0.01 0.01
0 0.495970 0.159894 0.01 0.01
0 0.509867 0.156364 0.01 0.01
0 0.522440 0.101070 0.01 0.01
0 0.521117 0.025776 0.01 0.01
0 0.564131 0.050482 0.01 0.01
0 0.558837 0.062247 0.01 0.01
0 0.525749 0.152835 0.01 0.01
0 0.529058 0.155188 0.01 0.01
0 0.534352 0.155188 0.01 0.01
0 0.541631 0.152835 0.01 0.01
0 0.546264 0.152835 0.01 0.01
0 0.540308 0.141070 0.01 0.01
0 0.502587 0.143423 0.01 0.01
0 0.555529 0.155188 0.01 0.01
0 0.545602 0.165776 0.01 0.01
0 0.552881 0.170482 0.01 0.01
0 0.533028 0.177541 0.01 0.01
0 0.572073 0.171659 0.01 0.01
0 0.570749 0.185776 0.01 0.01
0 0.568102 0.195188 0.01 0.01
0 0.577367 0.162247 0.01 0.01
0 0.580014 0.195188 0.01 0.01
0 0.574720 0.216364 0.01 0.01
0 0.593249 0.205776 0.01 0.01
0 0.591926 0.196364 0.01 0.01
0 0.598543 0.179894 0.01 0.01
0 0.606484 0.189306 0.01 0.01
0 0.610455 0.199894 0.01 0.01
0 0.636926 0.179894 0.01 0.01
0 0.643543 0.175188 0.01 0.01
0 0.621705 0.198717 0.01 0.01
0 0.617734 0.204600 0.01 0.01
0 0.624352 0.224600 0.01 0.01
0 0.625676 0.217541 0.01 0.01
0 0.634940 0.219894 0.01 0.01
0 0.628323 0.271658 0.01 0.01
0 0.618396 0.245776 0.01 0.01
0 0.607808 0.255188 0.01 0.01
0 0.609131 0.241070 0.01 0.01
0 0.544940 0.231659 0.01 0.01
0 0.546926 0.230482 0.01 0.01
0 0.516484 0.195188 0.01 0.01
0 0.509867 0.188129 0.01 0.01
0 0.496631 0.184600 0.01 0.01
0 0.494646 0.203423 0.01 0.01
0 0.504573 0.209306 0.01 0.01
0 0.511852 0.222247 0.01 0.01
0 0.511190 0.238717 0.01 0.01
0 0.524426 0.238717 0.01 0.01
0 0.513176 0.269306 0.01 0.01
0 0.501264 0.258717 0.01 0.01
0 0.492661 0.226953 0.01 0.01
0 0.488690 0.244600 0.01 0.01
0 0.486705 0.261070 0.01 0.01
0 0.486043 0.215188 0.01 0.01
0 0.472808 0.231659 0.01 0.01
0 0.466852 0.232835 0.01 0.01
0 0.448984 0.230482 0.01 0.01
0 0.462220 0.244600 0.01 0.01
0 0.462220 0.254011 0.01 0.01
0 0.462881 0.268129 0.01 0.01
0 0.472808 0.286953 0.01 0.01
0 0.454278 0.268129 0.01 0.01
0 0.463543 0.298717 0.01 0.01
0 0.467514 0.302247 0.01 0.01
0 0.463543 0.342247 0.01 0.01
0 0.458249 0.364600 0.01 0.01
0 0.450970 0.372835 0.01 0.01
0 0.445014 0.388129 0.01 0.01
0 0.470161 0.361070 0.01 0.01
0 0.478102 0.370482 0.01 0.01
0 0.480087 0.375188 0.01 0.01
0 0.486043 0.379894 0.01 0.01
0 0.478764 0.346953 0.01 0.01
0 0.494646 0.331659 0.01 0.01
0 0.503911 0.336364 0.01 0.01
0 0.484720 0.321070 0.01 0.01
0 0.489352 0.314011 0.01 0.01
0 0.517808 0.337541 0.01 0.01
0 0.520455 0.349306 0.01 0.01
0 0.529058 0.358717 0.01 0.01
0 0.523102 0.321070 0.01 0.01
0 0.542293 0.316364 0.01 0.01
0 0.542955 0.315188 0.01 0.01
0 0.537661 0.350482 0.01 0.01
0 0.515161 0.372835 0.01 0.01
0 0.505896 0.392835 0.01 0.01
0 0.497293 0.381070 0.01 0.01
0 0.525087 0.282247 0.01 0.01
0 0.549573 0.266953 0.01 0.01
0 0.543617 0.297541 0.01 0.01
0 0.551558 0.295188 0.01 0.01
0 0.558837 0.314011 0.01 0.01
0 0.568102 0.281070 0.01 0.01
0 0.578690 0.264600 0.01 0.01
0 0.585308 0.277541 0.01 0.01
0 0.587293 0.291658 0.01 0.01
0 0.592587 0.279894 0.01 0.01
0 0.585308 0.237541 0.01 0.01
0 0.615749 0.279894 0.01 0.01
0 0.618396 0.284600 0.01 0.01
0 0.624352 0.284600 0.01 0.01
0 0.626999 0.290482 0.01 0.01
0 0.630970 0.302247 0.01 0.01
0 0.632955 0.288129 0.01 0.01
0 0.638249 0.277541 0.01 0.01
0 0.642881 0.266953 0.01 0.01
0 0.648176 0.252835 0.01 0.01
0 0.655455 0.243423 0.01 0.01
0 0.658764 0.236364 0.01 0.01
0 0.658102 0.259894 0.01 0.01
0 0.662734 0.281070 0.01 0.01
0 0.669352 0.292835 0.01 0.01
0 0.661411 0.294011 0.01 0.01
0 0.644205 0.281070 0.01 0.01
0 0.644205 0.291658 0.01 0.01
0 0.641558 0.295188 0.01 0.01
0 0.639573 0.310482 0.01 0.01
0 0.669352 0.309306 0.01 0.01
0 0.668690 0.323423 0.01 0.01
0 0.662073 0.318717 0.01 0.01
0 0.661411 0.344600 0.01 0.01
0 0.648176 0.326953 0.01 0.01
0 0.647514 0.331659 0.01 0.01
0 0.651484 0.315188 0.01 0.01
0 0.641558 0.357541 0.01 0.01
0 0.641558 0.337541 0.01 0.01
0 0.592587 0.363423 0.01 0.01
0 0.588617 0.315188 0.01 0.01
0 0.582661 0.318717 0.01 0.01
0 0.572734 0.238717 0.01 0.01
0 0.493984 0.084600 0.01 0.01
0 0.454278 0.099894 0.01 0.01
0 0.418543 0.128129 0.01 0.01
0 0.558837 0.117541 0.01 0.01
0 0.546264 0.121070 0.01 0.01
0 0.619058 0.357541 0.01 0.01
0 0.621705 0.369306 0.01 0.01
0 0.619720 0.371659 0.01 0.01
0 0.641558 0.409306 0.01 0.01
0 0.660749 0.408129 0.01 0.01
0 0.669352 0.372835 0.01 0.01
0 0.679940 0.364600 0.01 0.01
0 0.687220 0.361070 0.01 0.01
0 0.683249 0.386953 0.01 0.01
0 0.673323 0.411658 0.01 0.01
0 0.688543 0.431659 0.01 0.01
0 0.687220 0.423423 0.01 0.01
0 0.695823 0.423423 0.01 0.01
0 0.690529 0.405776 0.01 0.01
0 0.715014 0.409306 0.01 0.01
0 0.709720 0.377541 0.01 0.01
0 0.733543 0.442247 0.01 0.01
0 0.754720 0.399894 0.01 0.01
0 0.742808 0.374011 0.01 0.01
0 0.759352 0.379894 0.01 0.01
0 0.716999 0.502247 0.01 0.01
0 0.711043 0.488129 0.01 0.01
0 0.702440 0.463423 0.01 0.01
0 0.688543 0.448129 0.01 0.01
0 0.697146 0.452835 0.01 0.01
0 0.572073 0.370482 0.01 0.01
0 0.564793 0.377541 0.01 0.01
0 0.580676 0.376364 0.01 0.01
0 0.598543 0.398717 0.01 0.01
0 0.655455 0.438717 0.01 0.01
0 0.621705 0.391658 0.01 0.01
0 0.675308 0.471658 0.01 0.01
0 0.693837 0.486953 0.01 0.01
0 0.698470 0.506953 0.01 0.01
0 0.677955 0.510482 0.01 0.01
0 0.662734 0.506953 0.01 0.01
0 0.655455 0.522247 0.01 0.01
0 0.652146 0.506953 0.01 0.01
0 0.640896 0.485776 0.01 0.01
0 0.619058 0.497541 0.01 0.01
0 0.612440 0.483423 0.01 0.01
0 0.586631 0.429306 0.01 0.01
0 0.594573 0.421070 0.01 0.01
0 0.591926 0.448129 0.01 0.01
0 0.574720 0.539894 0.01 0.01
0 0.608470 0.557541 0.01 0.01
0 0.620381 0.558717 0.01 0.01
0 0.627661 0.552835 0.01 0.01
0 0.651484 0.568129 0.01 0.01
0 0.656779 0.583423 0.01 0.01
0 0.613764 0.522247 0.01 0.01
0 0.597881 0.511658 0.01 0.01
0 0.595896 0.499894 0.01 0.01
0 0.664720 0.456364 0.01 0.01
0 0.683911 0.341070 0.01 0.01
0 0.631631 0.259894 0.01 0.01
0 0.677955 0.605776 0.01 0.01
0 0.671337 0.577541 0.01 0.01
0 0.686558 0.562247 0.01 0.01
0 0.693176 0.544600 0.01 0.01
0 0.684573 0.603423 0.01 0.01
0 0.701117 0.598717 0.01 0.01
0 0.711705 0.621070 0.01 0.01
0 0.722955 0.618717 0.01 0.01
0 0.735528 0.612835 0.01 0.01
0 0.646190 0.622247 0.01 0.01
0 0.638249 0.630482 0.01 0.01
0 0.643543 0.656364 0.01 0.01
0 0.637587 0.671659 0.01 0.01
0 0.650161 0.657541 0.01 0.01
0 0.652146 0.648129 0.01 0.01
0 0.661411 0.651658 0.01 0.01
0 0.664058 0.641070 0.01 0.01
0 0.671999 0.632835 0.01 0.01
0 0.564793 0.417541 0.01 0.01
0 0.572734 0.435188 0.01 0.01
0 0.571411 0.458717 0.01 0.01
0 0.560823 0.446953 0.01 0.01
0 0.556852 0.452835 0.01 0.01
0 0.553543 0.472835 0.01 0.01
0 0.552881 0.474011 0.01 0.01
0 0.540970 0.486953 0.01 0.01
0 0.522440 0.495188 0.01 0.01
0 0.534352 0.504600 0.01 0.01
0 0.540970 0.401070 0.01 0.01
0 0.443690 0.446953 0.01 0.01
0 0.435749 0.443423 0.01 0.01
0 0.437073 0.419894 0.01 0.01
0 0.418543 0.426953 0.01 0.01
0 0.452955 0.442247 0.01 0.01
0 0.457587 0.438717 0.01 0.01
0 0.441043 0.491658 0.01 0.01
0 0.447661 0.484600 0.01 0.01
0 0.439720 0.479894 0.01 0.01
0 0.446999 0.470482 0.01 0.01
0 0.415896 0.468129 0.01 0.01
0 0.418543 0.498717 0.01 0.01
0 0.495308 0.431659 0.01 0.01
0 0.484720 0.491658 0.01 0.01
0 0.482073 0.514011 0.01 0.01
0 0.521117 0.539894 0.01 0.01
0 0.535676 0.541070 0.01 0.01
0 0.505234 0.534011 0.01 0.01
0 0.454278 0.542247 0.01 0.01
0 0.469499 0.557541 0.01 0.01
0 0.406631 0.556364 0.01 0.01
0 0.427808 0.569306 0.01 0.01
0 0.416558 0.632835 0.01 0.01
0 0.407955 0.635188 0.01 0.01
0 0.383470 0.576364 0.01 0.01
0 0.448323 0.609306 0.01 0.01
0 0.464205 0.621070 0.01 0.01
0 0.472146 0.646953 0.01 0.01
0 0.479426 0.631658 0.01 0.01
0 0.491337 0.631658 0.01 0.01
0 0.517146 0.572835 0.01 0.01
0 0.450308 0.512835 0.01 0.01
0 0.511190 0.658717 0.01 0.01
0 0.532367 0.610482 0.01 0.01
0 0.538984 0.604600 0.01 0.01
0 0.560161 0.645776 0.01 0.01
0 0.568102 0.655188 0.01 0.01
0 0.574058 0.645776 0.01 0.01
0 0.590602 0.589306 0.01 0.01
0 0.483396 0.689306 0.01 0.01
0 0.460896 0.702247 0.01 0.01
0 0.446337 0.676364 0.01 0.01
0 0.531043 0.397541 0.01 0.01
0 0.641558 0.137541 0.01 0.01
0 0.662734 0.108129 0.01 0.01
0 0.716999 0.143423 0.01 0.01
0 0.716999 0.143423 0.01 0.01
0 0.697146 0.181070 0.01 0.01
0 0.711043 0.199894 0.01 0.01
0 0.746117 0.184600 0.01 0.01
0 0.747440 0.272835 0.01 0.01
0 0.759352 0.259894 0.01 0.01
0 0.781190 0.282247 0.01 0.01
0 0.693837 0.811659 0.01 0.01
0 0.691190 0.819894 0.01 0.01
0 0.679940 0.831658 0.01 0.01
0 0.673984 0.841070 0.01 0.01
0 0.689205 0.877541 0.01 0.01
0 0.660749 0.876364 0.01 0.01
0 0.646852 0.922247 0.01 0.01
0 0.595234 0.921070 0.01 0.01
0 0.619058 0.811659 0.01 0.01
0 0.576705 0.842247 0.01 0.01
0 0.575381 0.821070 0.01 0.01
0 0.599205 0.804600 0.01 0.01
0 0.592587 0.791659 0.01 0.01
0 0.619720 0.756364 0.01 0.01
0 0.604499 0.736364 0.01 0.01
0 0.615087 0.734011 0.01 0.01
0 0.620381 0.732835 0.01 0.01
0 0.620381 0.725776 0.01 0.01
0 0.614426 0.718717 0.01 0.01
0 0.621043 0.699894 0.01 0.01
0 0.628984 0.709306 0.01 0.01
0 0.632293 0.704600 0.01 0.01
0 0.627661 0.692835 0.01 0.01
0 0.639573 0.696364 0.01 0.01
0 0.590602 0.696364 0.01 0.01
0 0.600529 0.721070 0.01 0.01
0 0.596558 0.738717 0.01 0.01
0 0.596558 0.754011 0.01 0.01
0 0.560161 0.730482 0.01 0.01
0 0.558176 0.690482 0.01 0.01
0 0.576705 0.755188 0.01 0.01
0 0.564131 0.766953 0.01 0.01
0 0.552220 0.777541 0.01 0.01
0 0.509867 0.963423 0.01 0.01
0 0.548911 0.948129 0.01 0.01
0 0.527073 0.924600 0.01 0.01
0 0.450970 0.934011 0.01 0.01
0 0.453617 0.929305 0.01 0.01
0 0.458249 0.923423 0.01 0.01
0 0.456926 0.914011 0.01 0.01
0 0.455602 0.897541 0.01 0.01
0 0.458249 0.889306 0.01 0.01
0 0.493323 0.949306 0.01 0.01
0 0.484720 0.869306 0.01 0.01
0 0.438396 0.856364 0.01 0.01
0 0.434426 0.857541 0.01 0.01
0 0.445676 0.906953 0.01 0.01
0 0.480087 0.814011 0.01 0.01
0 0.496631 0.796364 0.01 0.01
0 0.526411 0.778717 0.01 0.01
0 0.506558 0.774011 0.01 0.01
0 0.507881 0.754011 0.01 0.01
0 0.493323 0.732835 0.01 0.01
0 0.465528 0.742247 0.01 0.01
0 0.461558 0.757541 0.01 0.01
0 0.483396 0.770482 0.01 0.01
0 0.490676 0.774011 0.01 0.01
0 0.457587 0.796364 0.01 0.01
0 0.457587 0.745776 0.01 0.01
0 0.447661 0.745776 0.01 0.01
0 0.428470 0.718717 0.01 0.01
0 0.423176 0.695188 0.01 0.01
0 0.409940 0.708129 0.01 0.01
0 0.422514 0.669306 0.01 0.01
0 0.405308 0.846953 0.01 0.01
0 0.403323 0.808129 0.01 0.01
0 0.391411 0.765776 0.01 0.01
0 0.417881 0.759894 0.01 0.01
0 0.372220 0.839894 0.01 0.01
0 0.382146 0.830482 0.01 0.01
0 0.375528 0.789306 0.01 0.01
0 0.357661 0.841070 0.01 0.01
0 0.344426 0.826953 0.01 0.01
0 0.353028 0.826953 0.01 0.01
0 0.345749 0.798717 0.01 0.01
0 0.319940 0.759894 0.01 0.01
0 0.311337 0.742247 0.01 0.01
0 0.340455 0.743423 0.01 0.01
0 0.333176 0.723423 0.01 0.01
0 0.355014 0.711658 0.01 0.01
0 0.353028 0.695188 0.01 0.01
0 0.343764 0.697541 0.01 0.01
0 0.335823 0.691658 0.01 0.01
0 0.295455 0.711658 0.01 0.01
0 0.283543 0.666953 0.01 0.01
0 0.317293 0.648129 0.01 0.01
0 0.344426 0.626953 0.01 0.01
0 0.325234 0.604600 0.01 0.01
0 0.297440 0.628129 0.01 0.01
0 0.277587 0.636364 0.01 0.01
0 0.287514 0.611658 0.01 0.01
0 0.268323 0.598717 0.01 0.01
0 0.280234 0.621070 0.01 0.01
0 0.268984 0.576364 0.01 0.01
0 0.287514 0.546953 0.01 0.01
0 0.278249 0.525776 0.01 0.01
0 0.287514 0.521070 0.01 0.01
0 0.294793 0.517541 0.01 0.01
0 0.315970 0.459894 0.01 0.01
0 0.316631 0.448129 0.01 0.01
0 0.293470 0.446953 0.01 0.01
0 0.280896 0.451659 0.01 0.01
0 0.279573 0.476364 0.01 0.01
0 0.306705 0.552835 0.01 0.01
0 0.284205 0.563423 0.01 0.01
0 0.273617 0.508129 0.01 0.01
0 0.271631 0.486953 0.01 0.01
0 0.259058 0.478717 0.01 0.01
0 0.266999 0.424600 0.01 0.01
0 0.267661 0.386953 0.01 0.01
0 0.286190 0.406953 0.01 0.01
0 0.289499 0.363423 0.01 0.01
0 0.273617 0.349306 0.01 0.01
0 0.279573 0.316364 0.01 0.01
0 0.306043 0.311658 0.01 0.01
0 0.290161 0.275188 0.01 0.01
0 0.296117 0.258717 0.01 0.01
0 0.319940 0.224600 0.01 0.01
0 0.317293 0.201070 0.01 0.01
0 0.335161 0.176364 0.01 0.01
0 0.339793 0.164600 0.01 0.01
0 0.390749 0.124600 0.01 0.01
0 0.383470 0.106953 0.01 0.01
0 0.390749 0.114011 0.01 0.01
0 0.381484 0.116364 0.01 0.01
0 0.429131 0.082247 0.01 0.01
0 0.424499 0.064600 0.01 0.01
0 0.439058 0.082247 0.01 0.01
0 0.607146 0.854011 0.01 0.01
0 0.432440 0.318717 0.01 0.01
0 0.495970 0.305776 0.01 0.01
0 0.515161 0.416364 0.01 0.01
