0 0.462500 0.902778 0.01 0.01
0 0.462500 0.893056 0.01 0.01
0 0.450000 0.927778 0.01 0.01
0 0.459375 0.937500 0.01 0.01
0 0.449219 0.909722 0.01 0.01
0 0.446094 0.890278 0.01 0.01
0 0.445312 0.856944 0.01 0.01
0 0.431250 0.865278 0.01 0.01
0 0.411719 0.850000 0.01 0.01
0 0.383594 0.834722 0.01 0.01
0 0.379687 0.834722 0.01 0.01
0 0.362500 0.838889 0.01 0.01
0 0.350000 0.831944 0.01 0.01
0 0.343750 0.823611 0.01 0.01
0 0.348437 0.816667 0.01 0.01
0 0.324219 0.754167 0.01 0.01
0 0.308594 0.747222 0.01 0.01
0 0.332031 0.745833 0.01 0.01
0 0.340625 0.759722 0.01 0.01
0 0.391406 0.761111 0.01 0.01
0 0.400000 0.808333 0.01 0.01
0 0.380469 0.772222 0.01 0.01
0 0.367969 0.781944 0.01 0.01
0 0.378125 0.791667 0.01 0.01
0 0.353125 0.719444 0.01 0.01
0 0.357812 0.704167 0.01 0.01
0 0.352344 0.704167 0.01 0.01
0 0.342187 0.701389 0.01 0.01
0 0.297656 0.712500 0.01 0.01
0 0.285156 0.665278 0.01 0.01
0 0.294531 0.658333 0.01 0.01
0 0.282031 0.622222 0.01 0.01
0 0.275000 0.620833 0.01 0.01
0 0.282813 0.597222 0.01 0.01
0 0.271094 0.601389 0.01 0.01
0 0.286719 0.586111 0.01 0.01
0 0.267188 0.573611 0.01 0.01
0 0.286719 0.562500 0.01 0.01
0 0.289844 0.551389 0.01 0.01
0 0.306250 0.552778 0.01 0.01
0 0.296094 0.522222 0.01 0.01
0 0.274219 0.526389 0.01 0.01
0 0.272656 0.501389 0.01 0.01
0 0.267188 0.484722 0.01 0.01
0 0.259375 0.475000 0.01 0.01
0 0.280469 0.475000 0.01 0.01
0 0.294531 0.479167 0.01 0.01
0 0.277344 0.441667 0.01 0.01
0 0.264062 0.420833 0.01 0.01
0 0.267188 0.390278 0.01 0.01
0 0.283594 0.413889 0.01 0.01
0 0.309375 0.434722 0.01 0.01
0 0.319531 0.448611 0.01 0.01
0 0.318750 0.640278 0.01 0.01
0 0.331250 0.644444 0.01 0.01
0 0.345313 0.629167 0.01 0.01
0 0.374219 0.622222 0.01 0.01
0 0.369531 0.611111 0.01 0.01
0 0.375781 0.609722 0.01 0.01
0 0.363281 0.600000 0.01 0.01
0 0.371875 0.591667 0.01 0.01
0 0.383594 0.609722 0.01 0.01
0 0.361719 0.584722 0.01 0.01
0 0.360156 0.576389 0.01 0.01
0 0.365625 0.573611 0.01 0.01
0 0.347656 0.558333 0.01 0.01
0 0.346875 0.558333 0.01 0.01
0 0.357031 0.559722 0.01 0.01
0 0.354688 0.545833 0.01 0.01
0 0.362293 0.542247 0.01 0.01
0 0.367587 0.538717 0.01 0.01
0 0.348396 0.522247 0.01 0.01
0 0.355014 0.523423 0.01 0.01
0 0.353028 0.531659 0.01 0.01
0 0.360308 0.529306 0.01 0.01
0 0.364940 0.523423 0.01 0.01
0 0.364940 0.517541 0.01 0.01
0 0.366926 0.496364 0.01 0.01
0 0.362955 0.483423 0.01 0.01
0 0.358323 0.494011 0.01 0.01
0 0.353690 0.504600 0.01 0.01
0 0.349058 0.505776 0.01 0.01
0 0.348396 0.489306 0.01 0.01
0 0.351043 0.476364 0.01 0.01
0 0.358323 0.469306 0.01 0.01
0 0.351043 0.462247 0.01 0.01
0 0.341778 0.431659 0.01 0.01
0 0.368249 0.456364 0.01 0.01
0 0.364278 0.432835 0.01 0.01
0 0.368911 0.421070 0.01 0.01
0 0.359646 0.412835 0.01 0.01
0 0.366926 0.409306 0.01 0.01
0 0.348396 0.419894 0.01 0.01
0 0.353690 0.404600 0.01 0.01
0 0.351705 0.402247 0.01 0.01
0 0.360970 0.392835 0.01 0.01
0 0.353028 0.389306 0.01 0.01
0 0.353028 0.382247 0.01 0.01
0 0.361631 0.376364 0.01 0.01
0 0.332514 0.419894 0.01 0.01
0 0.360308 0.349306 0.01 0.01
0 0.357661 0.342247 0.01 0.01
0 0.406631 0.554011 0.01 0.01
0 0.384793 0.418717 0.01 0.01
0 0.392073 0.422247 0.01 0.01
0 0.372220 0.349306 0.01 0.01
0 0.376852 0.334011 0.01 0.01
0 0.370234 0.326953 0.01 0.01
0 0.358323 0.317541 0.01 0.01
0 0.349720 0.311658 0.01 0.01
0 0.417220 0.464600 0.01 0.01
0 0.417881 0.492835 0.01 0.01
0 0.275602 0.349306 0.01 0.01
0 0.295455 0.332835 0.01 0.01
0 0.280234 0.314011 0.01 0.01
0 0.306705 0.309306 0.01 0.01
0 0.318617 0.301070 0.01 0.01
0 0.296779 0.255188 0.01 0.01
0 0.294131 0.270482 0.01 0.01
0 0.322587 0.232835 0.01 0.01
0 0.356999 0.626953 0.01 0.01
0 0.370234 0.669306 0.01 0.01
0 0.380823 0.678717 0.01 0.01
0 0.388764 0.686953 0.01 0.01
0 0.402661 0.682247 0.01 0.01
0 0.393396 0.665776 0.01 0.01
0 0.382146 0.646953 0.01 0.01
0 0.378837 0.632835 0.01 0.01
0 0.405970 0.658717 0.01 0.01
0 0.411926 0.662247 0.01 0.01
0 0.406631 0.631658 0.01 0.01
0 0.414573 0.632835 0.01 0.01
0 0.412587 0.706953 0.01 0.01
0 0.418543 0.711658 0.01 0.01
0 0.428470 0.722247 0.01 0.01
0 0.425161 0.771658 0.01 0.01
0 0.445014 0.751658 0.01 0.01
0 0.448984 0.742247 0.01 0.01
0 0.455602 0.745776 0.01 0.01
0 0.486043 0.771658 0.01 0.01
0 0.493984 0.771658 0.01 0.01
0 0.460896 0.706953 0.01 0.01
0 0.448984 0.678717 0.01 0.01
0 0.483396 0.690482 0.01 0.01
0 0.494646 0.730482 0.01 0.01
0 0.509867 0.752835 0.01 0.01
0 0.466190 0.802247 0.01 0.01
0 0.476117 0.821070 0.01 0.01
0 0.523764 0.777541 0.01 0.01
0 0.517808 0.775188 0.01 0.01
0 0.505234 0.962247 0.01 0.01
0 0.531705 0.923423 0.01 0.01
0 0.547587 0.938717 0.01 0.01
0 0.495308 0.943423 0.01 0.01
0 0.485381 0.869306 0.01 0.01
0 0.503911 0.798717 0.01 0.01
0 0.523102 0.885776 0.01 0.01
0 0.424499 0.672835 0.01 0.01
0 0.483396 0.746953 0.01 0.01
0 0.426484 0.574011 0.01 0.01
0 0.476117 0.644600 0.01 0.01
0 0.478764 0.628129 0.01 0.01
0 0.468176 0.628129 0.01 0.01
0 0.455602 0.544600 0.01 0.01
0 0.452293 0.515188 0.01 0.01
0 0.470161 0.563423 0.01 0.01
0 0.486705 0.598717 0.01 0.01
0 0.448984 0.604600 0.01 0.01
0 0.378837 0.458717 0.01 0.01
0 0.441043 0.491658 0.01 0.01
0 0.445014 0.479894 0.01 0.01
0 0.440381 0.479894 0.01 0.01
0 0.450970 0.466953 0.01 0.01
0 0.441705 0.445776 0.01 0.01
0 0.445014 0.445776 0.01 0.01
0 0.437734 0.445776 0.01 0.01
0 0.466190 0.448129 0.01 0.01
0 0.422514 0.423423 0.01 0.01
0 0.437073 0.414011 0.01 0.01
0 0.454278 0.439894 0.01 0.01
0 0.445014 0.391658 0.01 0.01
0 0.386779 0.384600 0.01 0.01
0 0.480087 0.512835 0.01 0.01
0 0.485381 0.484600 0.01 0.01
0 0.511190 0.655188 0.01 0.01
0 0.514499 0.577541 0.01 0.01
0 0.533690 0.608129 0.01 0.01
0 0.538984 0.625776 0.01 0.01
0 0.558837 0.644600 0.01 0.01
0 0.569426 0.658717 0.01 0.01
0 0.572734 0.650482 0.01 0.01
0 0.560823 0.691658 0.01 0.01
0 0.560823 0.728129 0.01 0.01
0 0.549573 0.782247 0.01 0.01
0 0.566117 0.764600 0.01 0.01
0 0.574058 0.758717 0.01 0.01
0 0.575381 0.819894 0.01 0.01
0 0.577367 0.843423 0.01 0.01
0 0.592587 0.915188 0.01 0.01
0 0.609131 0.854011 0.01 0.01
0 0.613102 0.816364 0.01 0.01
0 0.599205 0.802247 0.01 0.01
0 0.593911 0.791659 0.01 0.01
0 0.616411 0.757541 0.01 0.01
0 0.610455 0.746953 0.01 0.01
0 0.612440 0.737541 0.01 0.01
0 0.595896 0.743423 0.01 0.01
0 0.601190 0.724600 0.01 0.01
0 0.592587 0.695188 0.01 0.01
0 0.614426 0.716364 0.01 0.01
0 0.619720 0.721070 0.01 0.01
0 0.625676 0.716364 0.01 0.01
0 0.629646 0.678717 0.01 0.01
0 0.630308 0.689306 0.01 0.01
0 0.634278 0.698717 0.01 0.01
0 0.641558 0.692835 0.01 0.01
0 0.646852 0.716364 0.01 0.01
0 0.641558 0.670482 0.01 0.01
0 0.642881 0.658717 0.01 0.01
0 0.646190 0.628129 0.01 0.01
0 0.650161 0.658717 0.01 0.01
0 0.654131 0.648129 0.01 0.01
0 0.665381 0.638717 0.01 0.01
0 0.673984 0.630482 0.01 0.01
0 0.683911 0.604600 0.01 0.01
0 0.679940 0.604600 0.01 0.01
0 0.658102 0.584600 0.01 0.01
0 0.673984 0.577541 0.01 0.01
0 0.690529 0.564600 0.01 0.01
0 0.691852 0.542247 0.01 0.01
0 0.697808 0.504600 0.01 0.01
0 0.695161 0.486953 0.01 0.01
0 0.703102 0.478717 0.01 0.01
0 0.673984 0.511658 0.01 0.01
0 0.662734 0.503423 0.01 0.01
0 0.652808 0.509306 0.01 0.01
0 0.623028 0.497541 0.01 0.01
0 0.630970 0.555188 0.01 0.01
0 0.610455 0.548129 0.01 0.01
0 0.642220 0.477541 0.01 0.01
0 0.600529 0.505776 0.01 0.01
0 0.597881 0.496364 0.01 0.01
0 0.614426 0.491658 0.01 0.01
0 0.617073 0.522247 0.01 0.01
0 0.583984 0.564600 0.01 0.01
0 0.581337 0.538717 0.01 0.01
0 0.539646 0.532835 0.01 0.01
0 0.531705 0.535188 0.01 0.01
0 0.523102 0.539894 0.01 0.01
0 0.525087 0.492835 0.01 0.01
0 0.533690 0.508129 0.01 0.01
0 0.551558 0.471658 0.01 0.01
0 0.554867 0.461070 0.01 0.01
0 0.558837 0.450482 0.01 0.01
0 0.570749 0.458717 0.01 0.01
0 0.593911 0.451659 0.01 0.01
0 0.505896 0.535188 0.01 0.01
0 0.644867 0.916364 0.01 0.01
0 0.661411 0.872835 0.01 0.01
0 0.668690 0.837541 0.01 0.01
0 0.676631 0.825776 0.01 0.01
0 0.687881 0.816364 0.01 0.01
0 0.695823 0.806953 0.01 0.01
0 0.677293 0.865776 0.01 0.01
0 0.691852 0.877541 0.01 0.01
0 0.676631 0.457541 0.01 0.01
0 0.693837 0.455188 0.01 0.01
0 0.685234 0.425776 0.01 0.01
0 0.688543 0.422247 0.01 0.01
0 0.697146 0.428129 0.01 0.01
0 0.667367 0.459894 0.01 0.01
0 0.587955 0.430482 0.01 0.01
0 0.590602 0.421070 0.01 0.01
0 0.656117 0.438717 0.01 0.01
0 0.598543 0.399894 0.01 0.01
0 0.617073 0.401070 0.01 0.01
0 0.640234 0.401070 0.01 0.01
0 0.662734 0.402247 0.01 0.01
0 0.673323 0.408129 0.01 0.01
0 0.693837 0.404600 0.01 0.01
0 0.683249 0.388129 0.01 0.01
0 0.688543 0.358717 0.01 0.01
0 0.679940 0.362247 0.01 0.01
0 0.668690 0.368129 0.01 0.01
0 0.687881 0.337541 0.01 0.01
0 0.668690 0.318717 0.01 0.01
0 0.664058 0.318717 0.01 0.01
0 0.669352 0.304600 0.01 0.01
0 0.664058 0.345776 0.01 0.01
0 0.652808 0.336364 0.01 0.01
0 0.650161 0.326953 0.01 0.01
0 0.640896 0.335188 0.01 0.01
0 0.642881 0.355188 0.01 0.01
0 0.619058 0.359894 0.01 0.01
0 0.593911 0.357541 0.01 0.01
0 0.584646 0.381070 0.01 0.01
0 0.570749 0.434011 0.01 0.01
0 0.562146 0.416364 0.01 0.01
0 0.562808 0.389306 0.01 0.01
0 0.562146 0.375188 0.01 0.01
0 0.573396 0.369306 0.01 0.01
0 0.538323 0.396364 0.01 0.01
0 0.509205 0.394011 0.01 0.01
0 0.502587 0.390482 0.01 0.01
0 0.513176 0.410482 0.01 0.01
0 0.488690 0.375188 0.01 0.01
0 0.481411 0.372835 0.01 0.01
0 0.478764 0.364600 0.01 0.01
0 0.448984 0.375188 0.01 0.01
0 0.457587 0.365776 0.01 0.01
0 0.471484 0.359894 0.01 0.01
0 0.460234 0.334011 0.01 0.01
0 0.479426 0.346953 0.01 0.01
0 0.491999 0.336364 0.01 0.01
0 0.501926 0.337541 0.01 0.01
0 0.510528 0.357541 0.01 0.01
0 0.513837 0.368129 0.01 0.01
0 0.529058 0.361070 0.01 0.01
0 0.520455 0.356364 0.01 0.01
0 0.540308 0.348129 0.01 0.01
0 0.515161 0.339894 0.01 0.01
0 0.516484 0.332835 0.01 0.01
0 0.464867 0.299894 0.01 0.01
0 0.484058 0.318717 0.01 0.01
0 0.489352 0.312835 0.01 0.01
0 0.494646 0.304600 0.01 0.01
0 0.491999 0.297541 0.01 0.01
0 0.406631 0.342247 0.01 0.01
0 0.417220 0.316364 0.01 0.01
0 0.433102 0.286953 0.01 0.01
0 0.415234 0.295188 0.01 0.01
0 0.378837 0.305776 0.01 0.01
0 0.390087 0.298717 0.01 0.01
0 0.397367 0.299894 0.01 0.01
0 0.405308 0.286953 0.01 0.01
0 0.401999 0.266953 0.01 0.01
0 0.419867 0.269306 0.01 0.01
0 0.362955 0.286953 0.01 0.01
0 0.380161 0.274011 0.01 0.01
0 0.386117 0.281070 0.01 0.01
0 0.320602 0.208129 0.01 0.01
0 0.345087 0.236364 0.01 0.01
0 0.335823 0.179894 0.01 0.01
0 0.335823 0.177541 0.01 0.01
0 0.359646 0.154011 0.01 0.01
0 0.362955 0.258717 0.01 0.01
0 0.377514 0.243423 0.01 0.01
0 0.381484 0.219894 0.01 0.01
0 0.387440 0.203423 0.01 0.01
0 0.404646 0.217541 0.01 0.01
0 0.409940 0.246953 0.01 0.01
0 0.427808 0.255188 0.01 0.01
0 0.421190 0.243423 0.01 0.01
0 0.413911 0.215188 0.01 0.01
0 0.427808 0.209306 0.01 0.01
0 0.433102 0.203423 0.01 0.01
0 0.434426 0.191659 0.01 0.01
0 0.437073 0.221070 0.01 0.01
0 0.443029 0.195188 0.01 0.01
0 0.443029 0.186953 0.01 0.01
0 0.437073 0.177541 0.01 0.01
0 0.456926 0.164600 0.01 0.01
0 0.454940 0.175188 0.01 0.01
0 0.450308 0.194011 0.01 0.01
0 0.463543 0.190482 0.01 0.01
0 0.464867 0.178717 0.01 0.01
0 0.443690 0.159894 0.01 0.01
0 0.400676 0.137541 0.01 0.01
0 0.395381 0.112835 0.01 0.01
0 0.386779 0.106953 0.01 0.01
0 0.380823 0.108129 0.01 0.01
0 0.381484 0.096364 0.01 0.01
0 0.471484 0.161070 0.01 0.01
0 0.478102 0.166953 0.01 0.01
0 0.476117 0.179894 0.01 0.01
0 0.472146 0.185776 0.01 0.01
0 0.471484 0.195188 0.01 0.01
0 0.475455 0.229306 0.01 0.01
0 0.470823 0.231659 0.01 0.01
0 0.464205 0.238717 0.01 0.01
0 0.455602 0.250482 0.01 0.01
0 0.464867 0.254011 0.01 0.01
0 0.465528 0.271658 0.01 0.01
0 0.489352 0.246953 0.01 0.01
0 0.486705 0.198717 0.01 0.01
0 0.495970 0.202247 0.01 0.01
0 0.495308 0.184600 0.01 0.01
0 0.483396 0.159894 0.01 0.01
0 0.490014 0.148129 0.01 0.01
0 0.497955 0.158717 0.01 0.01
0 0.509867 0.155188 0.01 0.01
0 0.530381 0.161070 0.01 0.01
0 0.530381 0.154011 0.01 0.01
0 0.533028 0.148129 0.01 0.01
0 0.523102 0.101070 0.01 0.01
0 0.508543 0.076364 0.01 0.01
0 0.493323 0.076364 0.01 0.01
0 0.454940 0.090482 0.01 0.01
0 0.441043 0.070482 0.01 0.01
0 0.429793 0.066953 0.01 0.01
0 0.423837 0.069306 0.01 0.01
0 0.513837 0.028129 0.01 0.01
0 0.566778 0.049306 0.01 0.01
0 0.556190 0.061070 0.01 0.01
0 0.562146 0.128129 0.01 0.01
0 0.534352 0.114011 0.01 0.01
0 0.501926 0.125776 0.01 0.01
0 0.540308 0.139894 0.01 0.01
0 0.544940 0.150482 0.01 0.01
0 0.555529 0.144600 0.01 0.01
0 0.546264 0.171659 0.01 0.01
0 0.557514 0.162247 0.01 0.01
0 0.557514 0.168129 0.01 0.01
0 0.535014 0.177541 0.01 0.01
0 0.516484 0.191659 0.01 0.01
0 0.510528 0.185776 0.01 0.01
0 0.505896 0.211658 0.01 0.01
0 0.513837 0.224600 0.01 0.01
0 0.516484 0.236364 0.01 0.01
0 0.511190 0.244600 0.01 0.01
0 0.513176 0.265776 0.01 0.01
0 0.526411 0.238717 0.01 0.01
0 0.541631 0.256364 0.01 0.01
0 0.544940 0.226953 0.01 0.01
0 0.563470 0.189306 0.01 0.01
0 0.564793 0.175188 0.01 0.01
0 0.571411 0.190482 0.01 0.01
0 0.573396 0.168129 0.01 0.01
0 0.578029 0.212835 0.01 0.01
0 0.581999 0.198717 0.01 0.01
0 0.593249 0.171659 0.01 0.01
0 0.625014 0.162247 0.01 0.01
0 0.644867 0.130482 0.01 0.01
0 0.614426 0.044600 0.01 0.01
0 0.652808 0.061070 0.01 0.01
0 0.669352 0.117541 0.01 0.01
0 0.610455 0.189306 0.01 0.01
0 0.610455 0.201070 0.01 0.01
0 0.619058 0.202247 0.01 0.01
0 0.643543 0.176364 0.01 0.01
0 0.641558 0.191659 0.01 0.01
0 0.656117 0.214011 0.01 0.01
0 0.637587 0.218717 0.01 0.01
0 0.634940 0.218717 0.01 0.01
0 0.627661 0.212835 0.01 0.01
0 0.620381 0.222247 0.01 0.01
0 0.662073 0.248129 0.01 0.01
0 0.664720 0.265776 0.01 0.01
0 0.664058 0.276364 0.01 0.01
0 0.664720 0.284600 0.01 0.01
0 0.660749 0.292835 0.01 0.01
0 0.641558 0.311658 0.01 0.01
0 0.640896 0.295188 0.01 0.01
0 0.645528 0.289306 0.01 0.01
0 0.644205 0.275188 0.01 0.01
0 0.615749 0.285776 0.01 0.01
0 0.628323 0.295188 0.01 0.01
0 0.625014 0.279894 0.01 0.01
0 0.632955 0.261070 0.01 0.01
0 0.632955 0.242247 0.01 0.01
0 0.606484 0.257541 0.01 0.01
0 0.607808 0.232835 0.01 0.01
0 0.613764 0.246953 0.01 0.01
0 0.634278 0.283423 0.01 0.01
0 0.649499 0.252835 0.01 0.01
0 0.583984 0.316364 0.01 0.01
0 0.536999 0.314011 0.01 0.01
0 0.546264 0.317541 0.01 0.01
0 0.558837 0.316364 0.01 0.01
0 0.544940 0.299894 0.01 0.01
0 0.552220 0.292835 0.01 0.01
0 0.570749 0.279894 0.01 0.01
0 0.580676 0.259894 0.01 0.01
0 0.585308 0.239894 0.01 0.01
0 0.585308 0.239894 0.01 0.01
0 0.587955 0.198717 0.01 0.01
0 0.593911 0.202247 0.01 0.01
0 0.592587 0.194011 0.01 0.01
0 0.596558 0.221070 0.01 0.01
0 0.573396 0.235188 0.01 0.01
0 0.593911 0.277541 0.01 0.01
0 0.584646 0.278717 0.01 0.01
0 0.585970 0.288129 0.01 0.01
0 0.523102 0.319894 0.01 0.01
0 0.473470 0.282247 0.01 0.01
0 0.540970 0.488129 0.01 0.01
0 0.713029 0.145776 0.01 0.01
0 0.713029 0.145776 0.01 0.01
0 0.697808 0.183423 0.01 0.01
0 0.715014 0.205776 0.01 0.01
0 0.761999 0.257541 0.01 0.01
0 0.783837 0.283423 0.01 0.01
0 0.711043 0.379894 0.01 0.01
0 0.714352 0.408129 0.01 0.01
0 0.713029 0.429306 0.01 0.01
0 0.763323 0.371659 0.01 0.01
0 0.802367 0.449306 0.01 0.01
0 0.808984 0.468129 0.01 0.01
0 0.805676 0.484600 0.01 0.01
0 0.796411 0.508129 0.01 0.01
0 0.783837 0.542247 0.01 0.01
0 0.768617 0.417541 0.01 0.01
0 0.750749 0.398717 0.01 0.01
0 0.717661 0.502247 0.01 0.01
0 0.729573 0.569306 0.01 0.01
0 0.700455 0.605776 0.01 0.01
0 0.709720 0.605776 0.01 0.01
0 0.728249 0.612835 0.01 0.01
0 0.754058 0.641070 0.01 0.01
0 0.753396 0.690482 0.01 0.01
0 0.754720 0.732835 0.01 0.01
0 0.768617 0.663423 0.01 0.01
0 0.774573 0.685776 0.01 0.01
0 0.785161 0.645776 0.01 0.01
0 0.776558 0.634011 0.01 0.01
0 0.795087 0.610482 0.01 0.01
0 0.742808 0.602247 0.01 0.01
0 0.482073 0.795188 0.01 0.01
0 0.466190 0.750482 0.01 0.01
0 0.537661 0.665776 0.01 0.01
0 0.495308 0.636364 0.01 0.01
0 0.500602 0.450482 0.01 0.01
0 0.527073 0.266953 0.01 0.01
0 0.493984 0.225776 0.01 0.01
0 0.728249 0.435188 0.01 0.01
0 0.750087 0.264600 0.01 0.01
0 0.384131 0.577541 0.01 0.01
0 0.499278 0.024600 0.01 0.01
0 0.527734 0.398717 0.01 0.01
0 0.742808 0.175188 0.01 0.01
