0 0.754720 0.732835 0.01 0.01
0 0.775234 0.688129 0.01 0.01
0 0.748764 0.685776 0.01 0.01
0 0.769940 0.669306 0.01 0.01
0 0.787808 0.651658 0.01 0.01
0 0.779867 0.639894 0.01 0.01
0 0.793764 0.614011 0.01 0.01
0 0.752073 0.637541 0.01 0.01
0 0.784499 0.529306 0.01 0.01
0 0.798396 0.509306 0.01 0.01
0 0.805014 0.488129 0.01 0.01
0 0.809646 0.464600 0.01 0.01
0 0.799720 0.435188 0.01 0.01
0 0.769940 0.415188 0.01 0.01
0 0.752734 0.399894 0.01 0.01
0 0.761999 0.377541 0.01 0.01
0 0.742146 0.372835 0.01 0.01
0 0.784499 0.277541 0.01 0.01
0 0.716999 0.503423 0.01 0.01
0 0.727587 0.612835 0.01 0.01
0 0.711043 0.609306 0.01 0.01
0 0.703764 0.602247 0.01 0.01
0 0.729573 0.568129 0.01 0.01
0 0.713029 0.464600 0.01 0.01
0 0.703764 0.471658 0.01 0.01
0 0.696484 0.485776 0.01 0.01
0 0.695823 0.502247 0.01 0.01
0 0.731558 0.441070 0.01 0.01
0 0.713690 0.409306 0.01 0.01
0 0.708396 0.377541 0.01 0.01
0 0.693837 0.405776 0.01 0.01
0 0.699131 0.426953 0.01 0.01
0 0.686558 0.426953 0.01 0.01
0 0.690529 0.448129 0.01 0.01
0 0.673323 0.409306 0.01 0.01
0 0.682587 0.386953 0.01 0.01
0 0.687881 0.362247 0.01 0.01
0 0.682587 0.365776 0.01 0.01
0 0.685896 0.342247 0.01 0.01
0 0.667367 0.369306 0.01 0.01
0 0.666043 0.348129 0.01 0.01
0 0.660087 0.349306 0.01 0.01
0 0.669352 0.326953 0.01 0.01
0 0.663396 0.322247 0.01 0.01
0 0.673323 0.309306 0.01 0.01
0 0.664058 0.289306 0.01 0.01
0 0.666043 0.276364 0.01 0.01
0 0.662073 0.286953 0.01 0.01
0 0.659426 0.249306 0.01 0.01
0 0.650161 0.254011 0.01 0.01
0 0.656779 0.230482 0.01 0.01
0 0.762661 0.259894 0.01 0.01
0 0.716337 0.203423 0.01 0.01
0 0.744131 0.183423 0.01 0.01
0 0.699131 0.179894 0.01 0.01
0 0.716337 0.142247 0.01 0.01
0 0.715014 0.144600 0.01 0.01
0 0.670676 0.116364 0.01 0.01
0 0.644205 0.136364 0.01 0.01
0 0.658102 0.062247 0.01 0.01
0 0.570087 0.049306 0.01 0.01
0 0.515161 0.026953 0.01 0.01
0 0.616411 0.041070 0.01 0.01
0 0.750749 0.266953 0.01 0.01
0 0.632955 0.171659 0.01 0.01
0 0.644205 0.177541 0.01 0.01
0 0.642220 0.190482 0.01 0.01
0 0.557514 0.063423 0.01 0.01
0 0.564793 0.125776 0.01 0.01
0 0.538323 0.116364 0.01 0.01
0 0.525087 0.102247 0.01 0.01
0 0.507881 0.082247 0.01 0.01
0 0.494646 0.077541 0.01 0.01
0 0.456264 0.096364 0.01 0.01
0 0.440381 0.076364 0.01 0.01
0 0.429793 0.070482 0.01 0.01
0 0.424499 0.070482 0.01 0.01
0 0.382808 0.095188 0.01 0.01
0 0.378837 0.110482 0.01 0.01
0 0.386117 0.108129 0.01 0.01
0 0.375528 0.138717 0.01 0.01
0 0.396705 0.114011 0.01 0.01
0 0.337146 0.175188 0.01 0.01
0 0.337146 0.178717 0.01 0.01
0 0.412587 0.131659 0.01 0.01
0 0.320602 0.204600 0.01 0.01
0 0.321264 0.232835 0.01 0.01
0 0.296117 0.256364 0.01 0.01
0 0.345749 0.239894 0.01 0.01
0 0.323249 0.292835 0.01 0.01
0 0.306705 0.312835 0.01 0.01
0 0.282881 0.316364 0.01 0.01
0 0.294131 0.346953 0.01 0.01
0 0.276926 0.352835 0.01 0.01
0 0.268984 0.389306 0.01 0.01
0 0.266337 0.424600 0.01 0.01
0 0.288176 0.408129 0.01 0.01
0 0.280896 0.446953 0.01 0.01
0 0.294131 0.464600 0.01 0.01
0 0.626337 0.296364 0.01 0.01
0 0.631631 0.297541 0.01 0.01
0 0.640896 0.337541 0.01 0.01
0 0.640234 0.308129 0.01 0.01
0 0.639573 0.297541 0.01 0.01
0 0.643543 0.291658 0.01 0.01
0 0.644867 0.274011 0.01 0.01
0 0.609131 0.257541 0.01 0.01
0 0.606484 0.237541 0.01 0.01
0 0.631631 0.258717 0.01 0.01
0 0.635602 0.288129 0.01 0.01
0 0.619058 0.288129 0.01 0.01
0 0.617734 0.277541 0.01 0.01
0 0.625676 0.282247 0.01 0.01
0 0.646852 0.328129 0.01 0.01
0 0.652146 0.334011 0.01 0.01
0 0.644205 0.359894 0.01 0.01
0 0.624352 0.365776 0.01 0.01
0 0.619058 0.366953 0.01 0.01
0 0.619720 0.357541 0.01 0.01
0 0.593911 0.361070 0.01 0.01
0 0.584646 0.323423 0.01 0.01
0 0.587955 0.311658 0.01 0.01
0 0.587293 0.292835 0.01 0.01
0 0.584646 0.282247 0.01 0.01
0 0.591926 0.277541 0.01 0.01
0 0.615749 0.245776 0.01 0.01
0 0.630970 0.231659 0.01 0.01
0 0.635602 0.226953 0.01 0.01
0 0.635602 0.219894 0.01 0.01
0 0.621043 0.228129 0.01 0.01
0 0.629646 0.212835 0.01 0.01
0 0.619058 0.201070 0.01 0.01
0 0.612440 0.204600 0.01 0.01
0 0.611778 0.194011 0.01 0.01
0 0.662734 0.404600 0.01 0.01
0 0.641558 0.402247 0.01 0.01
0 0.597220 0.403423 0.01 0.01
0 0.568102 0.282247 0.01 0.01
0 0.578029 0.263423 0.01 0.01
0 0.585970 0.239894 0.01 0.01
0 0.593249 0.223423 0.01 0.01
0 0.579352 0.211658 0.01 0.01
0 0.588617 0.202247 0.01 0.01
0 0.594573 0.203423 0.01 0.01
0 0.592587 0.196364 0.01 0.01
0 0.572734 0.188129 0.01 0.01
0 0.568102 0.202247 0.01 0.01
0 0.564793 0.190482 0.01 0.01
0 0.564131 0.178717 0.01 0.01
0 0.570087 0.169306 0.01 0.01
0 0.574058 0.164600 0.01 0.01
0 0.555529 0.174011 0.01 0.01
0 0.548249 0.168129 0.01 0.01
0 0.556852 0.159894 0.01 0.01
0 0.556852 0.146953 0.01 0.01
0 0.548911 0.151658 0.01 0.01
0 0.541631 0.143423 0.01 0.01
0 0.538323 0.151658 0.01 0.01
0 0.535014 0.154011 0.01 0.01
0 0.529058 0.155188 0.01 0.01
0 0.535676 0.177541 0.01 0.01
0 0.501264 0.126953 0.01 0.01
0 0.544279 0.228129 0.01 0.01
0 0.546926 0.232835 0.01 0.01
0 0.542955 0.262247 0.01 0.01
0 0.556190 0.296364 0.01 0.01
0 0.544940 0.299894 0.01 0.01
0 0.559499 0.312835 0.01 0.01
0 0.539646 0.314011 0.01 0.01
0 0.515823 0.264600 0.01 0.01
0 0.525087 0.272835 0.01 0.01
0 0.511190 0.245776 0.01 0.01
0 0.517808 0.242247 0.01 0.01
0 0.525087 0.242247 0.01 0.01
0 0.512514 0.229306 0.01 0.01
0 0.505896 0.211658 0.01 0.01
0 0.517146 0.194011 0.01 0.01
0 0.510528 0.191659 0.01 0.01
0 0.509867 0.156364 0.01 0.01
0 0.504573 0.143423 0.01 0.01
0 0.490676 0.150482 0.01 0.01
0 0.497293 0.159894 0.01 0.01
0 0.483396 0.159894 0.01 0.01
0 0.476779 0.166953 0.01 0.01
0 0.470823 0.166953 0.01 0.01
0 0.495970 0.185776 0.01 0.01
0 0.495308 0.198717 0.01 0.01
0 0.493323 0.226953 0.01 0.01
0 0.495970 0.251658 0.01 0.01
0 0.489352 0.246953 0.01 0.01
0 0.486043 0.215188 0.01 0.01
0 0.475455 0.226953 0.01 0.01
0 0.466852 0.230482 0.01 0.01
0 0.474793 0.194011 0.01 0.01
0 0.469499 0.195188 0.01 0.01
0 0.472146 0.182247 0.01 0.01
0 0.463543 0.190482 0.01 0.01
0 0.455602 0.174011 0.01 0.01
0 0.459573 0.185776 0.01 0.01
0 0.448984 0.178717 0.01 0.01
0 0.445676 0.192835 0.01 0.01
0 0.449646 0.198717 0.01 0.01
0 0.435087 0.181070 0.01 0.01
0 0.437073 0.192835 0.01 0.01
0 0.437073 0.204600 0.01 0.01
0 0.439058 0.224600 0.01 0.01
0 0.448323 0.230482 0.01 0.01
0 0.461558 0.246953 0.01 0.01
0 0.465528 0.257541 0.01 0.01
0 0.452293 0.264600 0.01 0.01
0 0.462881 0.272835 0.01 0.01
0 0.474131 0.284600 0.01 0.01
0 0.462881 0.297541 0.01 0.01
0 0.466852 0.301070 0.01 0.01
0 0.484058 0.321070 0.01 0.01
0 0.509867 0.290482 0.01 0.01
0 0.525749 0.319894 0.01 0.01
0 0.541631 0.351658 0.01 0.01
0 0.527734 0.365776 0.01 0.01
0 0.519131 0.357541 0.01 0.01
0 0.517808 0.336364 0.01 0.01
0 0.502587 0.337541 0.01 0.01
0 0.493323 0.332835 0.01 0.01
0 0.497293 0.303423 0.01 0.01
0 0.464205 0.336364 0.01 0.01
0 0.483396 0.346953 0.01 0.01
0 0.491337 0.348129 0.01 0.01
0 0.482073 0.357541 0.01 0.01
0 0.468176 0.362247 0.01 0.01
0 0.476117 0.369306 0.01 0.01
0 0.479426 0.374011 0.01 0.01
0 0.490014 0.379894 0.01 0.01
0 0.499278 0.388129 0.01 0.01
0 0.509205 0.397541 0.01 0.01
0 0.515161 0.371659 0.01 0.01
0 0.571411 0.376364 0.01 0.01
0 0.566778 0.385776 0.01 0.01
0 0.593911 0.418717 0.01 0.01
0 0.588617 0.428129 0.01 0.01
0 0.583984 0.377541 0.01 0.01
0 0.622367 0.401070 0.01 0.01
0 0.654793 0.441070 0.01 0.01
0 0.665381 0.461070 0.01 0.01
0 0.677293 0.465776 0.01 0.01
0 0.663396 0.511658 0.01 0.01
0 0.652808 0.510482 0.01 0.01
0 0.678617 0.511658 0.01 0.01
0 0.640896 0.484600 0.01 0.01
0 0.623028 0.501070 0.01 0.01
0 0.695161 0.542247 0.01 0.01
0 0.688543 0.564600 0.01 0.01
0 0.685896 0.603423 0.01 0.01
0 0.678617 0.605776 0.01 0.01
0 0.656117 0.584600 0.01 0.01
0 0.674646 0.582247 0.01 0.01
0 0.632293 0.557541 0.01 0.01
0 0.622367 0.557541 0.01 0.01
0 0.611117 0.551659 0.01 0.01
0 0.670676 0.632835 0.01 0.01
0 0.664058 0.642247 0.01 0.01
0 0.654793 0.648129 0.01 0.01
0 0.652146 0.656364 0.01 0.01
0 0.638911 0.671659 0.01 0.01
0 0.642881 0.655188 0.01 0.01
0 0.647514 0.622247 0.01 0.01
0 0.638249 0.636364 0.01 0.01
0 0.587955 0.577541 0.01 0.01
0 0.578029 0.538717 0.01 0.01
0 0.600529 0.505776 0.01 0.01
0 0.597220 0.498717 0.01 0.01
0 0.612440 0.486953 0.01 0.01
0 0.592587 0.451659 0.01 0.01
0 0.569426 0.464600 0.01 0.01
0 0.560823 0.418717 0.01 0.01
0 0.562146 0.448129 0.01 0.01
0 0.556852 0.452835 0.01 0.01
0 0.553543 0.472835 0.01 0.01
0 0.542293 0.488129 0.01 0.01
0 0.535676 0.503423 0.01 0.01
0 0.523764 0.498717 0.01 0.01
0 0.513176 0.412835 0.01 0.01
0 0.540970 0.399894 0.01 0.01
0 0.536999 0.539894 0.01 0.01
0 0.532367 0.536364 0.01 0.01
0 0.523764 0.539894 0.01 0.01
0 0.507220 0.536364 0.01 0.01
0 0.478102 0.511658 0.01 0.01
0 0.484720 0.490482 0.01 0.01
0 0.542955 0.614011 0.01 0.01
0 0.535676 0.608129 0.01 0.01
0 0.576705 0.648129 0.01 0.01
0 0.570749 0.652835 0.01 0.01
0 0.561484 0.645776 0.01 0.01
0 0.462881 0.442247 0.01 0.01
0 0.452955 0.444600 0.01 0.01
0 0.446337 0.450482 0.01 0.01
0 0.468837 0.565776 0.01 0.01
0 0.456264 0.541070 0.01 0.01
0 0.437073 0.492835 0.01 0.01
0 0.445014 0.486953 0.01 0.01
0 0.440381 0.483423 0.01 0.01
0 0.437073 0.448129 0.01 0.01
0 0.437073 0.418717 0.01 0.01
0 0.419205 0.424600 0.01 0.01
0 0.445014 0.388129 0.01 0.01
0 0.450970 0.375188 0.01 0.01
0 0.459573 0.365776 0.01 0.01
0 0.405970 0.557541 0.01 0.01
0 0.417881 0.494011 0.01 0.01
0 0.452293 0.466953 0.01 0.01
0 0.452955 0.517541 0.01 0.01
0 0.480749 0.562247 0.01 0.01
0 0.518470 0.576364 0.01 0.01
0 0.485381 0.599894 0.01 0.01
0 0.482073 0.632835 0.01 0.01
0 0.478102 0.645776 0.01 0.01
0 0.511190 0.658717 0.01 0.01
0 0.496631 0.631658 0.01 0.01
0 0.534352 0.664600 0.01 0.01
0 0.558176 0.692835 0.01 0.01
0 0.562808 0.730482 0.01 0.01
0 0.576705 0.759894 0.01 0.01
0 0.564793 0.768129 0.01 0.01
0 0.590602 0.699894 0.01 0.01
0 0.601190 0.722247 0.01 0.01
0 0.595896 0.737541 0.01 0.01
0 0.600529 0.752835 0.01 0.01
0 0.611117 0.737541 0.01 0.01
0 0.613764 0.721070 0.01 0.01
0 0.619058 0.721070 0.01 0.01
0 0.626337 0.719894 0.01 0.01
0 0.624352 0.688129 0.01 0.01
0 0.628323 0.695188 0.01 0.01
0 0.632955 0.703423 0.01 0.01
0 0.639573 0.706953 0.01 0.01
0 0.640896 0.696364 0.01 0.01
0 0.693176 0.804600 0.01 0.01
0 0.693176 0.815188 0.01 0.01
0 0.678617 0.829306 0.01 0.01
0 0.672661 0.839894 0.01 0.01
0 0.660749 0.877541 0.01 0.01
0 0.676631 0.868129 0.01 0.01
0 0.694499 0.879894 0.01 0.01
0 0.607808 0.854011 0.01 0.01
0 0.648176 0.919894 0.01 0.01
0 0.591926 0.919894 0.01 0.01
0 0.576705 0.843423 0.01 0.01
0 0.575381 0.822247 0.01 0.01
0 0.618396 0.814011 0.01 0.01
0 0.603176 0.806953 0.01 0.01
0 0.591926 0.790482 0.01 0.01
0 0.621043 0.757541 0.01 0.01
0 0.546926 0.942247 0.01 0.01
0 0.524426 0.881070 0.01 0.01
0 0.531705 0.928129 0.01 0.01
0 0.510528 0.965776 0.01 0.01
0 0.462220 0.897541 0.01 0.01
0 0.454940 0.891659 0.01 0.01
0 0.459573 0.905776 0.01 0.01
0 0.453617 0.908129 0.01 0.01
0 0.492661 0.944600 0.01 0.01
0 0.486043 0.866953 0.01 0.01
0 0.460234 0.931659 0.01 0.01
0 0.452955 0.935188 0.01 0.01
0 0.440381 0.857541 0.01 0.01
0 0.408617 0.845776 0.01 0.01
0 0.347073 0.821070 0.01 0.01
0 0.353028 0.829306 0.01 0.01
0 0.376190 0.837541 0.01 0.01
0 0.382808 0.831658 0.01 0.01
0 0.401337 0.806953 0.01 0.01
0 0.374205 0.790482 0.01 0.01
0 0.380161 0.777541 0.01 0.01
0 0.347734 0.809306 0.01 0.01
0 0.391411 0.764600 0.01 0.01
0 0.478102 0.817541 0.01 0.01
0 0.482073 0.792835 0.01 0.01
0 0.460234 0.799894 0.01 0.01
0 0.501926 0.801070 0.01 0.01
0 0.513176 0.774011 0.01 0.01
0 0.507220 0.752835 0.01 0.01
0 0.493323 0.735188 0.01 0.01
0 0.483396 0.686953 0.01 0.01
0 0.464205 0.705776 0.01 0.01
0 0.447661 0.682247 0.01 0.01
0 0.466852 0.624600 0.01 0.01
0 0.446999 0.605776 0.01 0.01
0 0.416558 0.629306 0.01 0.01
0 0.407293 0.630482 0.01 0.01
0 0.405308 0.657541 0.01 0.01
0 0.410602 0.662247 0.01 0.01
0 0.423837 0.672835 0.01 0.01
0 0.490676 0.766953 0.01 0.01
0 0.486043 0.772835 0.01 0.01
0 0.493984 0.782247 0.01 0.01
0 0.480087 0.742247 0.01 0.01
0 0.456264 0.745776 0.01 0.01
0 0.447661 0.741070 0.01 0.01
0 0.435749 0.742247 0.01 0.01
0 0.429793 0.722247 0.01 0.01
0 0.421190 0.703423 0.01 0.01
0 0.415896 0.708129 0.01 0.01
0 0.399352 0.682247 0.01 0.01
0 0.423837 0.770482 0.01 0.01
0 0.432440 0.863423 0.01 0.01
0 0.322587 0.757541 0.01 0.01
0 0.340455 0.754011 0.01 0.01
0 0.335161 0.729306 0.01 0.01
0 0.309352 0.749306 0.01 0.01
0 0.354352 0.716364 0.01 0.01
0 0.351705 0.702247 0.01 0.01
0 0.339793 0.696364 0.01 0.01
0 0.296117 0.710482 0.01 0.01
0 0.390749 0.203423 0.01 0.01
0 0.381484 0.219894 0.01 0.01
0 0.392073 0.219894 0.01 0.01
0 0.407293 0.215188 0.01 0.01
0 0.419205 0.206953 0.01 0.01
0 0.426484 0.215188 0.01 0.01
0 0.396043 0.239894 0.01 0.01
0 0.423176 0.245776 0.01 0.01
0 0.414573 0.246953 0.01 0.01
0 0.427146 0.255188 0.01 0.01
0 0.433102 0.283423 0.01 0.01
0 0.433764 0.321070 0.01 0.01
0 0.420529 0.310482 0.01 0.01
0 0.416558 0.294011 0.01 0.01
0 0.406631 0.286953 0.01 0.01
0 0.420529 0.270482 0.01 0.01
0 0.405308 0.266953 0.01 0.01
0 0.387440 0.279894 0.01 0.01
0 0.382808 0.270482 0.01 0.01
0 0.374205 0.274011 0.01 0.01
0 0.370234 0.250482 0.01 0.01
0 0.353690 0.303423 0.01 0.01
0 0.362955 0.305776 0.01 0.01
0 0.378837 0.303423 0.01 0.01
0 0.387440 0.303423 0.01 0.01
0 0.396705 0.306953 0.01 0.01
0 0.398028 0.297541 0.01 0.01
0 0.407955 0.334011 0.01 0.01
0 0.372220 0.326953 0.01 0.01
0 0.376852 0.335188 0.01 0.01
0 0.360308 0.325776 0.01 0.01
0 0.357661 0.348129 0.01 0.01
0 0.355014 0.375188 0.01 0.01
0 0.365602 0.354011 0.01 0.01
0 0.357661 0.358717 0.01 0.01
0 0.372881 0.348129 0.01 0.01
0 0.415896 0.468129 0.01 0.01
0 0.388102 0.424600 0.01 0.01
0 0.393396 0.419894 0.01 0.01
0 0.397367 0.423423 0.01 0.01
0 0.391411 0.688129 0.01 0.01
0 0.380823 0.679894 0.01 0.01
0 0.377514 0.664600 0.01 0.01
0 0.392734 0.669306 0.01 0.01
0 0.382808 0.646953 0.01 0.01
0 0.380161 0.636364 0.01 0.01
0 0.361631 0.632835 0.01 0.01
0 0.343102 0.630482 0.01 0.01
0 0.372220 0.624600 0.01 0.01
0 0.367587 0.614011 0.01 0.01
0 0.364278 0.601070 0.01 0.01
0 0.370896 0.596364 0.01 0.01
0 0.376852 0.611658 0.01 0.01
0 0.384131 0.615188 0.01 0.01
0 0.386117 0.579894 0.01 0.01
0 0.359646 0.576364 0.01 0.01
0 0.361631 0.582247 0.01 0.01
0 0.366264 0.574011 0.01 0.01
0 0.347734 0.559894 0.01 0.01
0 0.351705 0.565776 0.01 0.01
0 0.356337 0.555188 0.01 0.01
0 0.355676 0.548129 0.01 0.01
0 0.354352 0.537541 0.01 0.01
0 0.353028 0.524600 0.01 0.01
0 0.350381 0.519894 0.01 0.01
0 0.339793 0.516364 0.01 0.01
0 0.350381 0.505776 0.01 0.01
0 0.349720 0.495188 0.01 0.01
0 0.348396 0.472835 0.01 0.01
0 0.351043 0.462247 0.01 0.01
0 0.343764 0.428129 0.01 0.01
0 0.335823 0.408129 0.01 0.01
0 0.347073 0.412835 0.01 0.01
0 0.352367 0.419894 0.01 0.01
0 0.346411 0.398717 0.01 0.01
0 0.351705 0.403423 0.01 0.01
0 0.355676 0.410482 0.01 0.01
0 0.360308 0.412835 0.01 0.01
0 0.366926 0.419894 0.01 0.01
0 0.366264 0.408129 0.01 0.01
0 0.363617 0.398717 0.01 0.01
0 0.358323 0.392835 0.01 0.01
0 0.354352 0.388129 0.01 0.01
0 0.362293 0.430482 0.01 0.01
0 0.370234 0.442247 0.01 0.01
0 0.368249 0.457541 0.01 0.01
0 0.377514 0.457541 0.01 0.01
0 0.366926 0.471658 0.01 0.01
0 0.359646 0.470482 0.01 0.01
0 0.359646 0.470482 0.01 0.01
0 0.319940 0.446953 0.01 0.01
0 0.311337 0.446953 0.01 0.01
0 0.357661 0.490482 0.01 0.01
0 0.362293 0.489306 0.01 0.01
0 0.365602 0.494011 0.01 0.01
0 0.358984 0.522247 0.01 0.01
0 0.362293 0.523423 0.01 0.01
0 0.367587 0.517541 0.01 0.01
0 0.366264 0.544600 0.01 0.01
0 0.287514 0.668129 0.01 0.01
0 0.295455 0.643423 0.01 0.01
0 0.319278 0.645776 0.01 0.01
0 0.331852 0.617541 0.01 0.01
0 0.282881 0.606953 0.01 0.01
0 0.276926 0.631658 0.01 0.01
0 0.282220 0.623423 0.01 0.01
0 0.272955 0.598717 0.01 0.01
0 0.268984 0.574011 0.01 0.01
0 0.287514 0.562247 0.01 0.01
0 0.287514 0.562247 0.01 0.01
0 0.290823 0.550482 0.01 0.01
0 0.299426 0.517541 0.01 0.01
0 0.275602 0.501070 0.01 0.01
0 0.277587 0.526953 0.01 0.01
0 0.268323 0.485776 0.01 0.01
0 0.259720 0.481070 0.01 0.01
0 0.280896 0.477541 0.01 0.01
0 0.307367 0.557541 0.01 0.01
0 0.573396 0.435188 0.01 0.01
0 0.714352 0.682247 0.01 0.01
0 0.550234 0.777541 0.01 0.01
0 0.527073 0.776364 0.01 0.01
0 0.466190 0.755188 0.01 0.01
0 0.443690 0.751658 0.01 0.01
0 0.595896 0.172835 0.01 0.01
0 0.577367 0.238717 0.01 0.01
0 0.400676 0.455188 0.01 0.01
