0 0.786719 0.516667 0.01 0.01
0 0.795313 0.508333 0.01 0.01
0 0.791406 0.619444 0.01 0.01
0 0.775781 0.636111 0.01 0.01
0 0.751562 0.634722 0.01 0.01
0 0.730469 0.613889 0.01 0.01
0 0.722656 0.615278 0.01 0.01
0 0.711719 0.629167 0.01 0.01
0 0.627344 0.695833 0.01 0.01
0 0.622656 0.700000 0.01 0.01
0 0.614062 0.715278 0.01 0.01
0 0.617969 0.719444 0.01 0.01
0 0.626562 0.715278 0.01 0.01
0 0.626562 0.722222 0.01 0.01
0 0.639844 0.693056 0.01 0.01
0 0.630469 0.705556 0.01 0.01
0 0.603125 0.719444 0.01 0.01
0 0.608594 0.733333 0.01 0.01
0 0.692969 0.823611 0.01 0.01
0 0.692187 0.809722 0.01 0.01
0 0.680469 0.834722 0.01 0.01
0 0.675781 0.841667 0.01 0.01
0 0.678906 0.866667 0.01 0.01
0 0.689062 0.875000 0.01 0.01
0 0.743750 0.691667 0.01 0.01
0 0.764063 0.672222 0.01 0.01
0 0.774219 0.695833 0.01 0.01
0 0.758594 0.723611 0.01 0.01
0 0.660937 0.877778 0.01 0.01
0 0.642969 0.916667 0.01 0.01
0 0.594531 0.918056 0.01 0.01
0 0.602344 0.852778 0.01 0.01
0 0.626562 0.804167 0.01 0.01
0 0.622656 0.743056 0.01 0.01
0 0.600000 0.811111 0.01 0.01
0 0.593750 0.784722 0.01 0.01
0 0.592969 0.743056 0.01 0.01
0 0.585938 0.744444 0.01 0.01
0 0.576563 0.752778 0.01 0.01
0 0.575000 0.818056 0.01 0.01
0 0.575781 0.834722 0.01 0.01
0 0.564062 0.763889 0.01 0.01
0 0.558594 0.769444 0.01 0.01
0 0.530469 0.873611 0.01 0.01
0 0.524219 0.926389 0.01 0.01
0 0.546094 0.951389 0.01 0.01
0 0.511719 0.927778 0.01 0.01
0 0.490625 0.948611 0.01 0.01
0 0.459375 0.916667 0.01 0.01
0 0.453125 0.922222 0.01 0.01
0 0.456250 0.920833 0.01 0.01
0 0.442969 0.897222 0.01 0.01
0 0.458594 0.895833 0.01 0.01
0 0.457812 0.881944 0.01 0.01
0 0.483594 0.869444 0.01 0.01
0 0.599219 0.181944 0.01 0.01
0 0.604688 0.186111 0.01 0.01
0 0.612500 0.200000 0.01 0.01
0 0.617969 0.206944 0.01 0.01
0 0.617188 0.191667 0.01 0.01
0 0.625000 0.212500 0.01 0.01
0 0.619531 0.226389 0.01 0.01
0 0.629687 0.216667 0.01 0.01
0 0.633594 0.227778 0.01 0.01
0 0.653125 0.243056 0.01 0.01
0 0.663281 0.251389 0.01 0.01
0 0.663281 0.280556 0.01 0.01
0 0.669531 0.294444 0.01 0.01
0 0.669531 0.311111 0.01 0.01
0 0.668750 0.330556 0.01 0.01
0 0.664062 0.316667 0.01 0.01
0 0.659375 0.294444 0.01 0.01
0 0.648438 0.254167 0.01 0.01
0 0.684375 0.334722 0.01 0.01
0 0.679688 0.362500 0.01 0.01
0 0.688281 0.365278 0.01 0.01
0 0.682031 0.384722 0.01 0.01
0 0.692187 0.401389 0.01 0.01
0 0.697656 0.425000 0.01 0.01
0 0.700000 0.451389 0.01 0.01
0 0.683594 0.425000 0.01 0.01
0 0.689844 0.422222 0.01 0.01
0 0.675000 0.409722 0.01 0.01
0 0.661719 0.400000 0.01 0.01
0 0.668750 0.365278 0.01 0.01
0 0.660156 0.344444 0.01 0.01
0 0.660937 0.336111 0.01 0.01
0 0.647656 0.338889 0.01 0.01
0 0.645312 0.336111 0.01 0.01
0 0.638281 0.306944 0.01 0.01
0 0.646875 0.313889 0.01 0.01
0 0.642187 0.301389 0.01 0.01
0 0.648438 0.291667 0.01 0.01
0 0.642187 0.290278 0.01 0.01
0 0.639063 0.276389 0.01 0.01
0 0.642187 0.270833 0.01 0.01
0 0.634375 0.284722 0.01 0.01
0 0.628125 0.300000 0.01 0.01
0 0.624219 0.284722 0.01 0.01
0 0.617969 0.286111 0.01 0.01
0 0.615625 0.281944 0.01 0.01
0 0.629687 0.263889 0.01 0.01
0 0.627344 0.247222 0.01 0.01
0 0.618750 0.248611 0.01 0.01
0 0.605469 0.241667 0.01 0.01
0 0.608594 0.251389 0.01 0.01
0 0.639844 0.181944 0.01 0.01
0 0.642969 0.188889 0.01 0.01
0 0.645312 0.175000 0.01 0.01
0 0.638281 0.137500 0.01 0.01
0 0.651563 0.097222 0.01 0.01
0 0.697656 0.179167 0.01 0.01
0 0.717188 0.141667 0.01 0.01
0 0.714063 0.197222 0.01 0.01
0 0.744531 0.181944 0.01 0.01
0 0.760938 0.377778 0.01 0.01
0 0.773438 0.419444 0.01 0.01
0 0.793750 0.415278 0.01 0.01
0 0.807813 0.455556 0.01 0.01
0 0.806250 0.493056 0.01 0.01
0 0.782031 0.277778 0.01 0.01
0 0.758594 0.259722 0.01 0.01
0 0.743750 0.269444 0.01 0.01
0 0.739844 0.368056 0.01 0.01
0 0.754687 0.401389 0.01 0.01
0 0.731250 0.440278 0.01 0.01
0 0.715625 0.408333 0.01 0.01
0 0.708594 0.376389 0.01 0.01
0 0.714063 0.501389 0.01 0.01
0 0.728906 0.562500 0.01 0.01
0 0.708594 0.527778 0.01 0.01
0 0.697656 0.508333 0.01 0.01
0 0.685938 0.484722 0.01 0.01
0 0.674219 0.506944 0.01 0.01
0 0.674219 0.475000 0.01 0.01
0 0.639844 0.672222 0.01 0.01
0 0.641558 0.654011 0.01 0.01
0 0.649499 0.656364 0.01 0.01
0 0.652808 0.648129 0.01 0.01
0 0.662073 0.650482 0.01 0.01
0 0.665381 0.639894 0.01 0.01
0 0.670014 0.635188 0.01 0.01
0 0.678617 0.605776 0.01 0.01
0 0.686558 0.604600 0.01 0.01
0 0.701117 0.598717 0.01 0.01
0 0.673984 0.579894 0.01 0.01
0 0.689867 0.558717 0.01 0.01
0 0.694499 0.538717 0.01 0.01
0 0.657440 0.519894 0.01 0.01
0 0.652808 0.506953 0.01 0.01
0 0.654131 0.566953 0.01 0.01
0 0.644867 0.621070 0.01 0.01
0 0.629646 0.552835 0.01 0.01
0 0.621705 0.555188 0.01 0.01
0 0.607146 0.557541 0.01 0.01
0 0.615087 0.521070 0.01 0.01
0 0.622367 0.501070 0.01 0.01
0 0.660749 0.508129 0.01 0.01
0 0.642220 0.485776 0.01 0.01
0 0.607146 0.481070 0.01 0.01
0 0.597220 0.512835 0.01 0.01
0 0.578029 0.538717 0.01 0.01
0 0.666043 0.458717 0.01 0.01
0 0.691852 0.448129 0.01 0.01
0 0.656779 0.442247 0.01 0.01
0 0.596558 0.604600 0.01 0.01
0 0.591264 0.697541 0.01 0.01
0 0.575381 0.648129 0.01 0.01
0 0.566778 0.646953 0.01 0.01
0 0.559499 0.648129 0.01 0.01
0 0.559499 0.691658 0.01 0.01
0 0.564131 0.729306 0.01 0.01
0 0.533690 0.609306 0.01 0.01
0 0.539646 0.592835 0.01 0.01
0 0.535014 0.665776 0.01 0.01
0 0.529720 0.778717 0.01 0.01
0 0.511190 0.656364 0.01 0.01
0 0.508543 0.755188 0.01 0.01
0 0.501926 0.763423 0.01 0.01
0 0.500602 0.743423 0.01 0.01
0 0.493323 0.731659 0.01 0.01
0 0.493323 0.801070 0.01 0.01
0 0.488028 0.771658 0.01 0.01
0 0.484720 0.775188 0.01 0.01
0 0.485381 0.817541 0.01 0.01
0 0.511852 0.964600 0.01 0.01
0 0.433102 0.851658 0.01 0.01
0 0.400014 0.843423 0.01 0.01
0 0.374205 0.839894 0.01 0.01
0 0.385455 0.829306 0.01 0.01
0 0.361631 0.837541 0.01 0.01
0 0.346411 0.825776 0.01 0.01
0 0.356337 0.819894 0.01 0.01
0 0.344426 0.795188 0.01 0.01
0 0.319278 0.758717 0.01 0.01
0 0.337146 0.749306 0.01 0.01
0 0.403323 0.809306 0.01 0.01
0 0.397367 0.770482 0.01 0.01
0 0.454278 0.789306 0.01 0.01
0 0.467514 0.785776 0.01 0.01
0 0.462881 0.754011 0.01 0.01
0 0.445676 0.757541 0.01 0.01
0 0.456926 0.745776 0.01 0.01
0 0.448323 0.742247 0.01 0.01
0 0.352367 0.709306 0.01 0.01
0 0.355014 0.694011 0.01 0.01
0 0.339131 0.698717 0.01 0.01
0 0.331190 0.723423 0.01 0.01
0 0.319278 0.738717 0.01 0.01
0 0.296117 0.708129 0.01 0.01
0 0.288176 0.665776 0.01 0.01
0 0.316631 0.646953 0.01 0.01
0 0.277587 0.637541 0.01 0.01
0 0.298102 0.617541 0.01 0.01
0 0.289499 0.621070 0.01 0.01
0 0.270308 0.599894 0.01 0.01
0 0.273617 0.578717 0.01 0.01
0 0.382808 0.681070 0.01 0.01
0 0.400014 0.682247 0.01 0.01
0 0.419867 0.703423 0.01 0.01
0 0.426484 0.722247 0.01 0.01
0 0.462220 0.705776 0.01 0.01
0 0.486043 0.686953 0.01 0.01
0 0.448323 0.679894 0.01 0.01
0 0.476117 0.646953 0.01 0.01
0 0.482073 0.628129 0.01 0.01
0 0.464867 0.612835 0.01 0.01
0 0.447661 0.610482 0.01 0.01
0 0.484720 0.599894 0.01 0.01
0 0.490676 0.632835 0.01 0.01
0 0.424499 0.671659 0.01 0.01
0 0.413911 0.631658 0.01 0.01
0 0.406631 0.632835 0.01 0.01
0 0.405970 0.657541 0.01 0.01
0 0.392734 0.670482 0.01 0.01
0 0.392073 0.655188 0.01 0.01
0 0.384131 0.649306 0.01 0.01
0 0.378176 0.637541 0.01 0.01
0 0.366926 0.638717 0.01 0.01
0 0.383470 0.614011 0.01 0.01
0 0.372881 0.624600 0.01 0.01
0 0.374205 0.614011 0.01 0.01
0 0.374205 0.610482 0.01 0.01
0 0.364278 0.598717 0.01 0.01
0 0.371558 0.595188 0.01 0.01
0 0.366264 0.618717 0.01 0.01
0 0.380823 0.574011 0.01 0.01
0 0.366264 0.570482 0.01 0.01
0 0.355676 0.590482 0.01 0.01
0 0.325896 0.577541 0.01 0.01
0 0.341117 0.630482 0.01 0.01
0 0.335823 0.679894 0.01 0.01
0 0.345749 0.562247 0.01 0.01
0 0.346411 0.571658 0.01 0.01
0 0.358323 0.557541 0.01 0.01
0 0.354352 0.557541 0.01 0.01
0 0.352367 0.548129 0.01 0.01
0 0.363617 0.544600 0.01 0.01
0 0.365602 0.534011 0.01 0.01
0 0.363617 0.521070 0.01 0.01
0 0.360970 0.516364 0.01 0.01
0 0.351705 0.518717 0.01 0.01
0 0.347734 0.515188 0.01 0.01
0 0.341117 0.516364 0.01 0.01
0 0.355014 0.530482 0.01 0.01
0 0.346411 0.494011 0.01 0.01
0 0.344426 0.477541 0.01 0.01
0 0.364278 0.495188 0.01 0.01
0 0.362293 0.485776 0.01 0.01
0 0.356337 0.488129 0.01 0.01
0 0.348396 0.454011 0.01 0.01
0 0.369573 0.459894 0.01 0.01
0 0.378837 0.454011 0.01 0.01
0 0.365602 0.472835 0.01 0.01
0 0.358323 0.466953 0.01 0.01
0 0.337808 0.399894 0.01 0.01
0 0.343102 0.418717 0.01 0.01
0 0.344426 0.401070 0.01 0.01
0 0.350381 0.419894 0.01 0.01
0 0.351705 0.402247 0.01 0.01
0 0.367587 0.408129 0.01 0.01
0 0.359646 0.412835 0.01 0.01
0 0.365602 0.419894 0.01 0.01
0 0.362955 0.396364 0.01 0.01
0 0.355676 0.388129 0.01 0.01
0 0.358323 0.371659 0.01 0.01
0 0.354352 0.364600 0.01 0.01
0 0.362293 0.355188 0.01 0.01
0 0.372220 0.358717 0.01 0.01
0 0.378176 0.335188 0.01 0.01
0 0.372881 0.329306 0.01 0.01
0 0.394720 0.416364 0.01 0.01
0 0.388764 0.418717 0.01 0.01
0 0.407293 0.561070 0.01 0.01
0 0.429131 0.566953 0.01 0.01
0 0.411926 0.754011 0.01 0.01
0 0.374867 0.766953 0.01 0.01
0 0.376852 0.786953 0.01 0.01
0 0.377514 0.799894 0.01 0.01
0 0.306705 0.555188 0.01 0.01
0 0.283543 0.558717 0.01 0.01
0 0.290161 0.543423 0.01 0.01
0 0.278249 0.524600 0.01 0.01
0 0.277587 0.505776 0.01 0.01
0 0.274940 0.486953 0.01 0.01
0 0.260381 0.482247 0.01 0.01
0 0.284205 0.504600 0.01 0.01
0 0.296117 0.508129 0.01 0.01
0 0.281558 0.475188 0.01 0.01
0 0.280234 0.450482 0.01 0.01
0 0.316631 0.470482 0.01 0.01
0 0.317293 0.448129 0.01 0.01
0 0.294131 0.428129 0.01 0.01
0 0.267661 0.418717 0.01 0.01
0 0.291484 0.376364 0.01 0.01
0 0.269646 0.386953 0.01 0.01
0 0.274278 0.349306 0.01 0.01
0 0.280896 0.319894 0.01 0.01
0 0.291484 0.281070 0.01 0.01
0 0.298764 0.256364 0.01 0.01
0 0.319278 0.219894 0.01 0.01
0 0.319278 0.202247 0.01 0.01
0 0.345087 0.249306 0.01 0.01
0 0.326558 0.279894 0.01 0.01
0 0.339131 0.336364 0.01 0.01
0 0.304720 0.308129 0.01 0.01
0 0.364278 0.306953 0.01 0.01
0 0.357661 0.298717 0.01 0.01
0 0.379499 0.306953 0.01 0.01
0 0.383470 0.318717 0.01 0.01
0 0.387440 0.303423 0.01 0.01
0 0.388764 0.258717 0.01 0.01
0 0.393396 0.255188 0.01 0.01
0 0.288837 0.404600 0.01 0.01
0 0.334499 0.174011 0.01 0.01
0 0.342440 0.164600 0.01 0.01
0 0.382808 0.105776 0.01 0.01
0 0.392734 0.106953 0.01 0.01
0 0.403984 0.104600 0.01 0.01
0 0.428470 0.085776 0.01 0.01
0 0.427146 0.081070 0.01 0.01
0 0.434426 0.088129 0.01 0.01
0 0.460234 0.101070 0.01 0.01
0 0.495308 0.079894 0.01 0.01
0 0.446999 0.045776 0.01 0.01
0 0.456926 0.031659 0.01 0.01
0 0.522440 0.019894 0.01 0.01
0 0.616411 0.038717 0.01 0.01
0 0.662073 0.070482 0.01 0.01
0 0.560823 0.042247 0.01 0.01
0 0.564793 0.066953 0.01 0.01
0 0.560161 0.108129 0.01 0.01
0 0.522440 0.097541 0.01 0.01
0 0.554205 0.128129 0.01 0.01
0 0.540970 0.137541 0.01 0.01
0 0.570087 0.166953 0.01 0.01
0 0.558837 0.150482 0.01 0.01
0 0.554867 0.155188 0.01 0.01
0 0.546264 0.149306 0.01 0.01
0 0.542293 0.157541 0.01 0.01
0 0.536337 0.154011 0.01 0.01
0 0.529058 0.154011 0.01 0.01
0 0.554205 0.170482 0.01 0.01
0 0.546264 0.165776 0.01 0.01
0 0.531705 0.178717 0.01 0.01
0 0.561484 0.174011 0.01 0.01
0 0.570087 0.183423 0.01 0.01
0 0.566117 0.196364 0.01 0.01
0 0.580676 0.192835 0.01 0.01
0 0.576043 0.217541 0.01 0.01
0 0.596558 0.203423 0.01 0.01
0 0.589279 0.205776 0.01 0.01
0 0.592587 0.194011 0.01 0.01
0 0.592587 0.219894 0.01 0.01
0 0.589279 0.241070 0.01 0.01
0 0.583984 0.234011 0.01 0.01
0 0.575381 0.236364 0.01 0.01
0 0.578029 0.259894 0.01 0.01
0 0.591926 0.275188 0.01 0.01
0 0.584646 0.278717 0.01 0.01
0 0.587293 0.296364 0.01 0.01
0 0.591264 0.315188 0.01 0.01
0 0.581337 0.319894 0.01 0.01
0 0.640896 0.355188 0.01 0.01
0 0.643543 0.409306 0.01 0.01
0 0.625014 0.383423 0.01 0.01
0 0.621705 0.369306 0.01 0.01
0 0.619058 0.362247 0.01 0.01
0 0.595896 0.357541 0.01 0.01
0 0.572734 0.368129 0.01 0.01
0 0.565455 0.375188 0.01 0.01
0 0.581999 0.375188 0.01 0.01
0 0.598543 0.404600 0.01 0.01
0 0.595896 0.419894 0.01 0.01
0 0.588617 0.425776 0.01 0.01
0 0.592587 0.451659 0.01 0.01
0 0.563470 0.418717 0.01 0.01
0 0.574058 0.432835 0.01 0.01
0 0.560161 0.452835 0.01 0.01
0 0.571411 0.463423 0.01 0.01
0 0.552220 0.471658 0.01 0.01
0 0.552220 0.476364 0.01 0.01
0 0.540308 0.488129 0.01 0.01
0 0.524426 0.496364 0.01 0.01
0 0.541631 0.506953 0.01 0.01
0 0.536337 0.545776 0.01 0.01
0 0.533690 0.538717 0.01 0.01
0 0.522440 0.537541 0.01 0.01
0 0.514499 0.578717 0.01 0.01
0 0.505234 0.532835 0.01 0.01
0 0.494646 0.528129 0.01 0.01
0 0.484720 0.504600 0.01 0.01
0 0.486705 0.484600 0.01 0.01
0 0.482073 0.562247 0.01 0.01
0 0.468176 0.557541 0.01 0.01
0 0.456926 0.544600 0.01 0.01
0 0.416558 0.506953 0.01 0.01
0 0.454278 0.512835 0.01 0.01
0 0.439720 0.494011 0.01 0.01
0 0.446999 0.482247 0.01 0.01
0 0.439058 0.481070 0.01 0.01
0 0.449646 0.469306 0.01 0.01
0 0.416558 0.465776 0.01 0.01
0 0.444352 0.449306 0.01 0.01
0 0.437073 0.418717 0.01 0.01
0 0.457587 0.430482 0.01 0.01
0 0.420529 0.423423 0.01 0.01
0 0.453617 0.441070 0.01 0.01
0 0.446999 0.135188 0.01 0.01
0 0.429131 0.168129 0.01 0.01
0 0.443690 0.162247 0.01 0.01
0 0.509867 0.155188 0.01 0.01
0 0.495970 0.156364 0.01 0.01
0 0.490676 0.157541 0.01 0.01
0 0.483396 0.158717 0.01 0.01
0 0.475455 0.168129 0.01 0.01
0 0.472808 0.165776 0.01 0.01
0 0.465528 0.168129 0.01 0.01
0 0.464867 0.176364 0.01 0.01
0 0.452955 0.169306 0.01 0.01
0 0.438396 0.204600 0.01 0.01
0 0.443029 0.196364 0.01 0.01
0 0.435087 0.198717 0.01 0.01
0 0.448323 0.189306 0.01 0.01
0 0.457587 0.185776 0.01 0.01
0 0.460896 0.194011 0.01 0.01
0 0.468837 0.191659 0.01 0.01
0 0.472808 0.191659 0.01 0.01
0 0.474131 0.206953 0.01 0.01
0 0.495308 0.182247 0.01 0.01
0 0.491999 0.201070 0.01 0.01
0 0.509205 0.185776 0.01 0.01
0 0.513837 0.191659 0.01 0.01
0 0.505234 0.210482 0.01 0.01
0 0.511190 0.226953 0.01 0.01
0 0.508543 0.236364 0.01 0.01
0 0.505234 0.256364 0.01 0.01
0 0.513176 0.268129 0.01 0.01
0 0.525087 0.239894 0.01 0.01
0 0.527073 0.271658 0.01 0.01
0 0.548249 0.234011 0.01 0.01
0 0.545602 0.229306 0.01 0.01
0 0.549573 0.261070 0.01 0.01
0 0.544279 0.271658 0.01 0.01
0 0.567440 0.281070 0.01 0.01
0 0.554205 0.295188 0.01 0.01
0 0.544279 0.299894 0.01 0.01
0 0.542955 0.316364 0.01 0.01
0 0.560161 0.314011 0.01 0.01
0 0.552881 0.316364 0.01 0.01
0 0.523764 0.318717 0.01 0.01
0 0.539646 0.350482 0.01 0.01
0 0.525087 0.361070 0.01 0.01
0 0.538984 0.398717 0.01 0.01
0 0.526411 0.395188 0.01 0.01
0 0.493323 0.417541 0.01 0.01
0 0.507881 0.391658 0.01 0.01
0 0.513176 0.374011 0.01 0.01
0 0.505234 0.328129 0.01 0.01
0 0.493984 0.335188 0.01 0.01
0 0.498617 0.309306 0.01 0.01
0 0.490014 0.311658 0.01 0.01
0 0.485381 0.318717 0.01 0.01
0 0.462881 0.339894 0.01 0.01
0 0.498617 0.375188 0.01 0.01
0 0.489352 0.378717 0.01 0.01
0 0.479426 0.376364 0.01 0.01
0 0.479426 0.366953 0.01 0.01
0 0.481411 0.359894 0.01 0.01
0 0.466190 0.356364 0.01 0.01
0 0.480087 0.348129 0.01 0.01
0 0.488690 0.349306 0.01 0.01
0 0.449646 0.386953 0.01 0.01
0 0.451631 0.370482 0.01 0.01
0 0.466852 0.301070 0.01 0.01
0 0.473470 0.281070 0.01 0.01
0 0.464205 0.271658 0.01 0.01
0 0.485381 0.265776 0.01 0.01
0 0.486705 0.246953 0.01 0.01
0 0.491999 0.231659 0.01 0.01
0 0.480087 0.228129 0.01 0.01
0 0.471484 0.226953 0.01 0.01
0 0.466190 0.230482 0.01 0.01
0 0.459573 0.239894 0.01 0.01
0 0.459573 0.256364 0.01 0.01
0 0.445676 0.226953 0.01 0.01
0 0.437734 0.226953 0.01 0.01
0 0.412587 0.248129 0.01 0.01
0 0.419867 0.243423 0.01 0.01
0 0.429131 0.255188 0.01 0.01
0 0.412587 0.211658 0.01 0.01
0 0.386117 0.198717 0.01 0.01
0 0.374867 0.221070 0.01 0.01
0 0.379499 0.232835 0.01 0.01
0 0.385455 0.279894 0.01 0.01
0 0.406631 0.286953 0.01 0.01
0 0.403323 0.263423 0.01 0.01
0 0.419205 0.269306 0.01 0.01
0 0.431778 0.288129 0.01 0.01
0 0.413911 0.289306 0.01 0.01
0 0.421190 0.299894 0.01 0.01
0 0.431117 0.310482 0.01 0.01
0 0.394058 0.306953 0.01 0.01
0 0.397367 0.298717 0.01 0.01
0 0.426484 0.211658 0.01 0.01
0 0.398690 0.237541 0.01 0.01
0 0.513837 0.418717 0.01 0.01
0 0.386779 0.388129 0.01 0.01
