0 0.800000 0.068056 0.01 0.01
0 0.796094 0.080556 0.01 0.01
0 0.799219 0.087500 0.01 0.01
0 0.795313 0.106944 0.01 0.01
0 0.782812 0.094444 0.01 0.01
0 0.769531 0.077778 0.01 0.01
0 0.764063 0.068056 0.01 0.01
0 0.755469 0.073611 0.01 0.01
0 0.756250 0.087500 0.01 0.01
0 0.735156 0.070833 0.01 0.01
0 0.729688 0.075000 0.01 0.01
0 0.748438 0.027778 0.01 0.01
0 0.710938 0.068056 0.01 0.01
0 0.710156 0.098611 0.01 0.01
0 0.694531 0.075000 0.01 0.01
0 0.681250 0.148611 0.01 0.01
0 0.653906 0.072222 0.01 0.01
0 0.654688 0.056944 0.01 0.01
0 0.632031 0.069444 0.01 0.01
0 0.621094 0.131944 0.01 0.01
0 0.610937 0.105556 0.01 0.01
0 0.599219 0.070833 0.01 0.01
0 0.593750 0.080556 0.01 0.01
0 0.584375 0.079167 0.01 0.01
0 0.586719 0.066667 0.01 0.01
0 0.578906 0.097222 0.01 0.01
0 0.499219 0.069444 0.01 0.01
0 0.457031 0.047222 0.01 0.01
0 0.445312 0.072222 0.01 0.01
0 0.421875 0.061111 0.01 0.01
0 0.410156 0.070833 0.01 0.01
0 0.378906 0.068056 0.01 0.01
0 0.371094 0.072222 0.01 0.01
0 0.392969 0.063889 0.01 0.01
0 0.367188 0.256944 0.01 0.01
0 0.435156 0.190278 0.01 0.01
0 0.465625 0.155556 0.01 0.01
0 0.471875 0.150000 0.01 0.01
0 0.480469 0.109722 0.01 0.01
0 0.507031 0.129167 0.01 0.01
0 0.490625 0.181944 0.01 0.01
0 0.503906 0.193056 0.01 0.01
0 0.525781 0.223611 0.01 0.01
0 0.545313 0.198611 0.01 0.01
0 0.590625 0.180556 0.01 0.01
0 0.591406 0.245833 0.01 0.01
0 0.572656 0.315278 0.01 0.01
0 0.567187 0.329167 0.01 0.01
0 0.567187 0.354167 0.01 0.01
0 0.539844 0.333333 0.01 0.01
0 0.517969 0.327778 0.01 0.01
0 0.466406 0.398611 0.01 0.01
0 0.453125 0.325000 0.01 0.01
0 0.428906 0.331944 0.01 0.01
0 0.426562 0.386111 0.01 0.01
0 0.549219 0.469444 0.01 0.01
0 0.609375 0.493056 0.01 0.01
0 0.617188 0.515278 0.01 0.01
0 0.646875 0.494444 0.01 0.01
0 0.672656 0.454167 0.01 0.01
0 0.627344 0.405556 0.01 0.01
0 0.652344 0.381944 0.01 0.01
0 0.677344 0.366667 0.01 0.01
0 0.740625 0.355556 0.01 0.01
0 0.754687 0.290278 0.01 0.01
0 0.693750 0.226389 0.01 0.01
0 0.808594 0.113889 0.01 0.01
0 0.815625 0.137500 0.01 0.01
0 0.822656 0.147222 0.01 0.01
0 0.825781 0.161111 0.01 0.01
0 0.818750 0.165278 0.01 0.01
0 0.814062 0.180556 0.01 0.01
0 0.811719 0.198611 0.01 0.01
0 0.820312 0.251389 0.01 0.01
0 0.817187 0.272222 0.01 0.01
0 0.814062 0.298611 0.01 0.01
0 0.818750 0.400000 0.01 0.01
0 0.812500 0.522222 0.01 0.01
0 0.826563 0.465278 0.01 0.01
0 0.853906 0.530556 0.01 0.01
0 0.849219 0.548611 0.01 0.01
0 0.850781 0.581944 0.01 0.01
0 0.818750 0.575000 0.01 0.01
0 0.807031 0.552778 0.01 0.01
0 0.807813 0.525000 0.01 0.01
0 0.737500 0.509722 0.01 0.01
0 0.779688 0.594444 0.01 0.01
0 0.755469 0.609722 0.01 0.01
0 0.742969 0.645833 0.01 0.01
0 0.700781 0.631944 0.01 0.01
0 0.693750 0.686111 0.01 0.01
0 0.692187 0.701389 0.01 0.01
0 0.752344 0.723611 0.01 0.01
0 0.777344 0.801389 0.01 0.01
0 0.814844 0.804167 0.01 0.01
0 0.817969 0.795833 0.01 0.01
0 0.818750 0.770833 0.01 0.01
0 0.823438 0.754167 0.01 0.01
0 0.817969 0.715278 0.01 0.01
0 0.835938 0.766667 0.01 0.01
0 0.843750 0.825000 0.01 0.01
0 0.822656 0.813889 0.01 0.01
0 0.769531 0.851389 0.01 0.01
0 0.754687 0.855556 0.01 0.01
0 0.724219 0.855556 0.01 0.01
0 0.707812 0.859722 0.01 0.01
0 0.717188 0.793056 0.01 0.01
0 0.653906 0.888889 0.01 0.01
0 0.653125 0.852778 0.01 0.01
0 0.644531 0.850000 0.01 0.01
0 0.623438 0.848611 0.01 0.01
0 0.605469 0.891667 0.01 0.01
0 0.580469 0.848611 0.01 0.01
0 0.553125 0.879167 0.01 0.01
0 0.513281 0.850000 0.01 0.01
0 0.479688 0.866667 0.01 0.01
0 0.444531 0.845833 0.01 0.01
0 0.437500 0.844444 0.01 0.01
0 0.409375 0.847222 0.01 0.01
0 0.385938 0.845833 0.01 0.01
0 0.407813 0.765278 0.01 0.01
0 0.407813 0.709722 0.01 0.01
0 0.395312 0.672222 0.01 0.01
0 0.394531 0.609722 0.01 0.01
0 0.379687 0.555556 0.01 0.01
0 0.390625 0.547222 0.01 0.01
0 0.432813 0.498611 0.01 0.01
0 0.467187 0.508333 0.01 0.01
0 0.486719 0.523611 0.01 0.01
0 0.482812 0.548611 0.01 0.01
0 0.460938 0.602778 0.01 0.01
0 0.489062 0.640278 0.01 0.01
0 0.469531 0.661111 0.01 0.01
0 0.439844 0.670833 0.01 0.01
0 0.459375 0.711111 0.01 0.01
0 0.465625 0.770833 0.01 0.01
0 0.469531 0.784722 0.01 0.01
0 0.497656 0.683333 0.01 0.01
0 0.535937 0.781944 0.01 0.01
0 0.578125 0.769444 0.01 0.01
0 0.568750 0.693056 0.01 0.01
0 0.560156 0.654167 0.01 0.01
0 0.570312 0.611111 0.01 0.01
0 0.528125 0.622222 0.01 0.01
0 0.362500 0.609722 0.01 0.01
0 0.339844 0.619444 0.01 0.01
0 0.323438 0.634722 0.01 0.01
0 0.332812 0.581944 0.01 0.01
0 0.308594 0.545833 0.01 0.01
0 0.278906 0.626389 0.01 0.01
0 0.269531 0.600000 0.01 0.01
0 0.255469 0.629167 0.01 0.01
0 0.233594 0.711111 0.01 0.01
0 0.248437 0.754167 0.01 0.01
0 0.237500 0.775000 0.01 0.01
0 0.214844 0.780556 0.01 0.01
0 0.269531 0.802778 0.01 0.01
0 0.266406 0.847222 0.01 0.01
0 0.260938 0.850000 0.01 0.01
0 0.328906 0.841667 0.01 0.01
0 0.246875 0.847222 0.01 0.01
0 0.232812 0.848611 0.01 0.01
0 0.221875 0.861111 0.01 0.01
0 0.200781 0.905556 0.01 0.01
0 0.160156 0.865278 0.01 0.01
0 0.172656 0.818056 0.01 0.01
0 0.196094 0.822222 0.01 0.01
0 0.212500 0.836111 0.01 0.01
0 0.201562 0.769444 0.01 0.01
0 0.178906 0.777778 0.01 0.01
0 0.174219 0.765278 0.01 0.01
0 0.174219 0.754167 0.01 0.01
0 0.179688 0.723611 0.01 0.01
0 0.181250 0.701389 0.01 0.01
0 0.176563 0.686111 0.01 0.01
0 0.174219 0.665278 0.01 0.01
0 0.130469 0.661111 0.01 0.01
0 0.178906 0.619444 0.01 0.01
0 0.201562 0.612500 0.01 0.01
0 0.240625 0.569444 0.01 0.01
0 0.179688 0.572222 0.01 0.01
0 0.176563 0.575000 0.01 0.01
0 0.182031 0.533333 0.01 0.01
0 0.141406 0.515278 0.01 0.01
0 0.215625 0.495833 0.01 0.01
0 0.219531 0.476389 0.01 0.01
0 0.185937 0.445833 0.01 0.01
0 0.171875 0.434722 0.01 0.01
0 0.182812 0.393056 0.01 0.01
0 0.235156 0.409722 0.01 0.01
0 0.239063 0.387500 0.01 0.01
0 0.182031 0.298611 0.01 0.01
0 0.185156 0.275000 0.01 0.01
0 0.202344 0.268056 0.01 0.01
0 0.171094 0.291667 0.01 0.01
0 0.182812 0.238889 0.01 0.01
0 0.222656 0.227778 0.01 0.01
0 0.239063 0.240278 0.01 0.01
0 0.292188 0.231944 0.01 0.01
0 0.361719 0.413889 0.01 0.01
0 0.292969 0.118056 0.01 0.01
0 0.314844 0.079167 0.01 0.01
0 0.328125 0.054167 0.01 0.01
0 0.341406 0.090278 0.01 0.01
0 0.264062 0.069444 0.01 0.01
0 0.250781 0.061111 0.01 0.01
0 0.246875 0.062500 0.01 0.01
0 0.240625 0.068056 0.01 0.01
0 0.235938 0.069444 0.01 0.01
0 0.235156 0.077778 0.01 0.01
0 0.232812 0.062500 0.01 0.01
0 0.235938 0.051389 0.01 0.01
0 0.194531 0.059722 0.01 0.01
0 0.187500 0.043056 0.01 0.01
0 0.168750 0.058333 0.01 0.01
0 0.152344 0.062500 0.01 0.01
0 0.144531 0.087500 0.01 0.01
0 0.192969 0.097222 0.01 0.01
0 0.185156 0.112500 0.01 0.01
0 0.183594 0.129167 0.01 0.01
0 0.185156 0.140278 0.01 0.01
0 0.211719 0.150000 0.01 0.01
0 0.218750 0.145833 0.01 0.01
0 0.180469 0.187500 0.01 0.01
0 0.208594 0.075000 0.01 0.01
