0 0.856751 0.148342 0.01 0.01
0 0.853442 0.113047 0.01 0.01
0 0.832927 0.137753 0.01 0.01
0 0.825648 0.118930 0.01 0.01
0 0.816383 0.123636 0.01 0.01
0 0.820354 0.116577 0.01 0.01
0 0.785942 0.113047 0.01 0.01
0 0.793883 0.091871 0.01 0.01
0 0.784619 0.090694 0.01 0.01
0 0.764766 0.085989 0.01 0.01
0 0.742927 0.071871 0.01 0.01
0 0.735648 0.084812 0.01 0.01
0 0.730354 0.134224 0.01 0.01
0 0.721089 0.081283 0.01 0.01
0 0.712486 0.084812 0.01 0.01
0 0.700574 0.067165 0.01 0.01
0 0.677413 0.091871 0.01 0.01
0 0.701898 0.145989 0.01 0.01
0 0.706530 0.154224 0.01 0.01
0 0.697266 0.203636 0.01 0.01
0 0.738957 0.230694 0.01 0.01
0 0.766751 0.163636 0.01 0.01
0 0.802486 0.204812 0.01 0.01
0 0.842192 0.222459 0.01 0.01
0 0.848810 0.231871 0.01 0.01
0 0.841530 0.250694 0.01 0.01
0 0.841530 0.298930 0.01 0.01
0 0.841530 0.321283 0.01 0.01
0 0.879251 0.364812 0.01 0.01
0 0.869325 0.393047 0.01 0.01
0 0.828957 0.367165 0.01 0.01
0 0.836898 0.557753 0.01 0.01
0 0.830942 0.577753 0.01 0.01
0 0.879913 0.650694 0.01 0.01
0 0.854104 0.695400 0.01 0.01
0 0.845501 0.700106 0.01 0.01
0 0.846163 0.753047 0.01 0.01
0 0.843516 0.811871 0.01 0.01
0 0.836898 0.843636 0.01 0.01
0 0.836236 0.861283 0.01 0.01
0 0.822339 0.881283 0.01 0.01
0 0.821016 0.845989 0.01 0.01
0 0.850795 0.850694 0.01 0.01
0 0.865354 0.807165 0.01 0.01
0 0.850133 0.900106 0.01 0.01
0 0.850133 0.929518 0.01 0.01
0 0.782633 0.888342 0.01 0.01
0 0.791898 0.868342 0.01 0.01
0 0.765427 0.885989 0.01 0.01
0 0.746236 0.883636 0.01 0.01
0 0.702560 0.889518 0.01 0.01
0 0.691971 0.862459 0.01 0.01
0 0.676089 0.887165 0.01 0.01
0 0.669472 0.882459 0.01 0.01
0 0.644324 0.888342 0.01 0.01
0 0.611236 0.930694 0.01 0.01
0 0.605942 0.891871 0.01 0.01
0 0.609251 0.887165 0.01 0.01
0 0.607266 0.836577 0.01 0.01
0 0.743589 0.824812 0.01 0.01
0 0.788589 0.783636 0.01 0.01
0 0.742266 0.745989 0.01 0.01
0 0.718442 0.721283 0.01 0.01
0 0.723074 0.664812 0.01 0.01
0 0.766089 0.658930 0.01 0.01
0 0.782633 0.634224 0.01 0.01
0 0.736971 0.554224 0.01 0.01
0 0.696604 0.581283 0.01 0.01
0 0.670133 0.508341 0.01 0.01
0 0.675427 0.448341 0.01 0.01
0 0.686677 0.429518 0.01 0.01
0 0.681383 0.413047 0.01 0.01
0 0.692633 0.361283 0.01 0.01
0 0.647633 0.431871 0.01 0.01
0 0.641016 0.413047 0.01 0.01
0 0.631089 0.274224 0.01 0.01
0 0.627780 0.195400 0.01 0.01
0 0.656898 0.130694 0.01 0.01
0 0.627780 0.102459 0.01 0.01
0 0.619177 0.097753 0.01 0.01
0 0.568222 0.090694 0.01 0.01
0 0.562927 0.101283 0.01 0.01
0 0.553663 0.091871 0.01 0.01
0 0.531163 0.100106 0.01 0.01
0 0.511972 0.067165 0.01 0.01
0 0.502707 0.087165 0.01 0.01
0 0.496089 0.078930 0.01 0.01
0 0.495427 0.093047 0.01 0.01
0 0.487486 0.091871 0.01 0.01
0 0.470942 0.113047 0.01 0.01
0 0.505354 0.136577 0.01 0.01
0 0.476898 0.176577 0.01 0.01
0 0.515280 0.207165 0.01 0.01
0 0.553001 0.193047 0.01 0.01
0 0.566236 0.163636 0.01 0.01
0 0.588736 0.258930 0.01 0.01
0 0.554986 0.321283 0.01 0.01
0 0.545060 0.383636 0.01 0.01
0 0.536457 0.364812 0.01 0.01
0 0.509324 0.310694 0.01 0.01
0 0.504692 0.380106 0.01 0.01
0 0.482854 0.334224 0.01 0.01
0 0.454398 0.324812 0.01 0.01
0 0.434545 0.349518 0.01 0.01
0 0.392192 0.204812 0.01 0.01
0 0.420648 0.089518 0.01 0.01
0 0.412045 0.081283 0.01 0.01
0 0.379619 0.101283 0.01 0.01
0 0.356457 0.131871 0.01 0.01
0 0.348516 0.147165 0.01 0.01
0 0.341898 0.160106 0.01 0.01
0 0.349177 0.094224 0.01 0.01
0 0.345869 0.107165 0.01 0.01
0 0.341236 0.087165 0.01 0.01
0 0.329986 0.096577 0.01 0.01
0 0.314766 0.083636 0.01 0.01
0 0.301530 0.096577 0.01 0.01
0 0.300869 0.114224 0.01 0.01
0 0.288957 0.089518 0.01 0.01
0 0.277045 0.089518 0.01 0.01
0 0.274398 0.098930 0.01 0.01
0 0.272413 0.055400 0.01 0.01
0 0.253222 0.089518 0.01 0.01
0 0.245280 0.097753 0.01 0.01
0 0.226089 0.110694 0.01 0.01
0 0.225427 0.057753 0.01 0.01
0 0.210207 0.065989 0.01 0.01
0 0.191016 0.063636 0.01 0.01
0 0.190354 0.100106 0.01 0.01
0 0.204251 0.133047 0.01 0.01
0 0.207560 0.147165 0.01 0.01
0 0.200280 0.147165 0.01 0.01
0 0.200280 0.154224 0.01 0.01
0 0.224104 0.145989 0.01 0.01
0 0.229398 0.178930 0.01 0.01
0 0.261824 0.162459 0.01 0.01
0 0.262486 0.156577 0.01 0.01
0 0.236677 0.273047 0.01 0.01
0 0.224766 0.301283 0.01 0.01
0 0.199619 0.308342 0.01 0.01
0 0.200280 0.284812 0.01 0.01
0 0.194986 0.290694 0.01 0.01
0 0.165869 0.270694 0.01 0.01
0 0.197633 0.343636 0.01 0.01
0 0.193663 0.348341 0.01 0.01
0 0.217486 0.373047 0.01 0.01
0 0.238001 0.415400 0.01 0.01
0 0.257192 0.398930 0.01 0.01
0 0.310133 0.293047 0.01 0.01
0 0.310133 0.470694 0.01 0.01
0 0.328001 0.500106 0.01 0.01
0 0.335280 0.510694 0.01 0.01
0 0.384913 0.463636 0.01 0.01
0 0.248589 0.474224 0.01 0.01
0 0.204913 0.438930 0.01 0.01
0 0.198295 0.449518 0.01 0.01
0 0.201604 0.410694 0.01 0.01
0 0.222780 0.494224 0.01 0.01
0 0.226089 0.518930 0.01 0.01
0 0.203589 0.505989 0.01 0.01
0 0.198295 0.504812 0.01 0.01
0 0.201604 0.544812 0.01 0.01
0 0.203589 0.555400 0.01 0.01
0 0.200280 0.564812 0.01 0.01
0 0.167192 0.576577 0.01 0.01
0 0.155280 0.574224 0.01 0.01
0 0.198957 0.616577 0.01 0.01
0 0.209545 0.605989 0.01 0.01
0 0.202927 0.653047 0.01 0.01
0 0.200280 0.670694 0.01 0.01
0 0.198295 0.689518 0.01 0.01
0 0.197633 0.709518 0.01 0.01
0 0.238663 0.673047 0.01 0.01
0 0.261163 0.600106 0.01 0.01
0 0.257854 0.747165 0.01 0.01
0 0.260501 0.730694 0.01 0.01
0 0.235354 0.754224 0.01 0.01
0 0.219471 0.743636 0.01 0.01
0 0.198295 0.763636 0.01 0.01
0 0.206898 0.811871 0.01 0.01
0 0.234030 0.815400 0.01 0.01
0 0.225427 0.824812 0.01 0.01
0 0.221457 0.861283 0.01 0.01
0 0.215501 0.849518 0.01 0.01
0 0.206236 0.858930 0.01 0.01
0 0.210207 0.842459 0.01 0.01
0 0.200280 0.825989 0.01 0.01
0 0.175795 0.891871 0.01 0.01
0 0.257192 0.834224 0.01 0.01
0 0.262486 0.876577 0.01 0.01
0 0.271089 0.908341 0.01 0.01
0 0.281016 0.883636 0.01 0.01
0 0.288957 0.884812 0.01 0.01
0 0.284324 0.938930 0.01 0.01
0 0.306824 0.889518 0.01 0.01
0 0.291604 0.862459 0.01 0.01
0 0.318736 0.741283 0.01 0.01
0 0.311457 0.674224 0.01 0.01
0 0.338589 0.651871 0.01 0.01
0 0.329986 0.600106 0.01 0.01
0 0.336604 0.584812 0.01 0.01
0 0.400795 0.593047 0.01 0.01
0 0.410721 0.611871 0.01 0.01
0 0.416016 0.551871 0.01 0.01
0 0.448442 0.478930 0.01 0.01
0 0.455722 0.421283 0.01 0.01
0 0.489472 0.422459 0.01 0.01
0 0.527854 0.465989 0.01 0.01
0 0.566236 0.431871 0.01 0.01
0 0.549030 0.511871 0.01 0.01
0 0.529177 0.516577 0.01 0.01
0 0.515280 0.554224 0.01 0.01
0 0.504030 0.555400 0.01 0.01
0 0.502707 0.588342 0.01 0.01
0 0.482192 0.628341 0.01 0.01
0 0.479545 0.637753 0.01 0.01
0 0.455060 0.637753 0.01 0.01
0 0.476236 0.709518 0.01 0.01
0 0.442486 0.740106 0.01 0.01
0 0.386898 0.735400 0.01 0.01
0 0.379619 0.783636 0.01 0.01
0 0.418663 0.818930 0.01 0.01
0 0.427927 0.893047 0.01 0.01
0 0.446457 0.878930 0.01 0.01
0 0.476898 0.840106 0.01 0.01
0 0.492119 0.820106 0.01 0.01
0 0.506677 0.831871 0.01 0.01
0 0.511972 0.800106 0.01 0.01
0 0.558295 0.830694 0.01 0.01
0 0.554986 0.788342 0.01 0.01
0 0.522560 0.730694 0.01 0.01
0 0.523221 0.687165 0.01 0.01
0 0.527854 0.631871 0.01 0.01
0 0.593369 0.720106 0.01 0.01
0 0.579471 0.681283 0.01 0.01
0 0.590060 0.642459 0.01 0.01
0 0.573516 0.568341 0.01 0.01
0 0.607927 0.530694 0.01 0.01
0 0.618516 0.557753 0.01 0.01
0 0.649619 0.624812 0.01 0.01
