0 0.787500 0.054167 0.01 0.01
0 0.769531 0.201389 0.01 0.01
0 0.711719 0.193056 0.01 0.01
0 0.643750 0.261111 0.01 0.01
0 0.676562 0.340278 0.01 0.01
0 0.621094 0.338889 0.01 0.01
0 0.668750 0.451389 0.01 0.01
0 0.838281 0.390278 0.01 0.01
0 0.861719 0.308333 0.01 0.01
0 0.864062 0.588889 0.01 0.01
0 0.710156 0.625000 0.01 0.01
0 0.546094 0.488889 0.01 0.01
0 0.399219 0.518056 0.01 0.01
0 0.375000 0.472222 0.01 0.01
0 0.476562 0.037500 0.01 0.01
0 0.870313 0.820833 0.01 0.01
0 0.857813 0.861111 0.01 0.01
0 0.800781 0.934722 0.01 0.01
0 0.705469 0.848611 0.01 0.01
0 0.546875 0.812500 0.01 0.01
0 0.623438 0.855556 0.01 0.01
0 0.442187 0.812500 0.01 0.01
0 0.443750 0.748611 0.01 0.01
0 0.477344 0.680556 0.01 0.01
0 0.225000 0.619444 0.01 0.01
0 0.447656 0.940278 0.01 0.01
0 0.294531 0.273611 0.01 0.01
0 0.265625 0.201389 0.01 0.01
