0 0.895133 0.923636 0.01 0.01
0 0.885869 0.920106 0.01 0.01
0 0.873295 0.863636 0.01 0.01
0 0.852780 0.882459 0.01 0.01
0 0.844839 0.922459 0.01 0.01
0 0.829619 0.936577 0.01 0.01
0 0.801824 0.945989 0.01 0.01
0 0.787266 0.967165 0.01 0.01
0 0.754839 0.943636 0.01 0.01
0 0.747560 0.956577 0.01 0.01
0 0.742266 0.943636 0.01 0.01
0 0.733663 0.902459 0.01 0.01
0 0.772045 0.921283 0.01 0.01
0 0.786604 0.921283 0.01 0.01
0 0.772707 0.878930 0.01 0.01
0 0.772045 0.823636 0.01 0.01
0 0.747560 0.813047 0.01 0.01
0 0.859398 0.754224 0.01 0.01
0 0.860060 0.642459 0.01 0.01
0 0.862045 0.589518 0.01 0.01
0 0.817045 0.600106 0.01 0.01
0 0.767413 0.680106 0.01 0.01
0 0.731016 0.589518 0.01 0.01
0 0.736310 0.544812 0.01 0.01
0 0.772045 0.547165 0.01 0.01
0 0.758148 0.336577 0.01 0.01
0 0.729692 0.303636 0.01 0.01
0 0.862707 0.317753 0.01 0.01
0 0.873957 0.316577 0.01 0.01
0 0.860721 0.284812 0.01 0.01
0 0.888516 0.269518 0.01 0.01
0 0.862707 0.238930 0.01 0.01
0 0.862045 0.216577 0.01 0.01
0 0.866677 0.198930 0.01 0.01
0 0.861383 0.194224 0.01 0.01
0 0.855427 0.196577 0.01 0.01
0 0.835574 0.163636 0.01 0.01
0 0.776677 0.115400 0.01 0.01
0 0.766089 0.161283 0.01 0.01
0 0.714472 0.155400 0.01 0.01
0 0.640354 0.144812 0.01 0.01
0 0.610574 0.173047 0.01 0.01
0 0.622486 0.235400 0.01 0.01
0 0.598001 0.280106 0.01 0.01
0 0.589398 0.263636 0.01 0.01
0 0.565574 0.280106 0.01 0.01
0 0.556310 0.257753 0.01 0.01
0 0.524545 0.255400 0.01 0.01
0 0.527854 0.273047 0.01 0.01
0 0.525869 0.141283 0.01 0.01
0 0.468957 0.194224 0.01 0.01
0 0.436530 0.133047 0.01 0.01
0 0.386236 0.135400 0.01 0.01
0 0.279692 0.145989 0.01 0.01
0 0.270427 0.175400 0.01 0.01
0 0.253222 0.154224 0.01 0.01
0 0.220795 0.101283 0.01 0.01
0 0.216163 0.171871 0.01 0.01
0 0.259839 0.241283 0.01 0.01
0 0.226751 0.255400 0.01 0.01
0 0.222119 0.280106 0.01 0.01
0 0.393516 0.341283 0.01 0.01
0 0.468295 0.278930 0.01 0.01
0 0.490133 0.447165 0.01 0.01
0 0.508663 0.443636 0.01 0.01
0 0.611236 0.477753 0.01 0.01
0 0.639692 0.383636 0.01 0.01
0 0.654913 0.485989 0.01 0.01
0 0.231383 0.530694 0.01 0.01
0 0.218810 0.594224 0.01 0.01
0 0.272413 0.583636 0.01 0.01
0 0.331310 0.642459 0.01 0.01
0 0.416677 0.611871 0.01 0.01
0 0.590060 0.548342 0.01 0.01
0 0.513295 0.594224 0.01 0.01
0 0.475574 0.593047 0.01 0.01
0 0.553663 0.631871 0.01 0.01
0 0.546383 0.675400 0.01 0.01
0 0.577486 0.703636 0.01 0.01
0 0.578148 0.654224 0.01 0.01
0 0.635722 0.728342 0.01 0.01
0 0.679398 0.694224 0.01 0.01
0 0.648957 0.834224 0.01 0.01
0 0.637045 0.928342 0.01 0.01
0 0.618516 0.885989 0.01 0.01
0 0.580133 0.821283 0.01 0.01
0 0.543074 0.777753 0.01 0.01
0 0.553001 0.916577 0.01 0.01
0 0.476898 0.805989 0.01 0.01
0 0.459030 0.763636 0.01 0.01
0 0.433222 0.811871 0.01 0.01
0 0.451089 0.851871 0.01 0.01
0 0.445133 0.913047 0.01 0.01
0 0.374324 0.936577 0.01 0.01
0 0.376972 0.915400 0.01 0.01
0 0.361751 0.916577 0.01 0.01
0 0.354472 0.914224 0.01 0.01
0 0.369030 0.827165 0.01 0.01
0 0.405427 0.783636 0.01 0.01
0 0.374324 0.737753 0.01 0.01
0 0.338589 0.805989 0.01 0.01
0 0.292927 0.783636 0.01 0.01
0 0.220133 0.733047 0.01 0.01
0 0.280354 0.715400 0.01 0.01
0 0.212192 0.784812 0.01 0.01
0 0.215501 0.834224 0.01 0.01
0 0.210869 0.836577 0.01 0.01
0 0.218810 0.844812 0.01 0.01
0 0.220795 0.863636 0.01 0.01
0 0.208222 0.858930 0.01 0.01
0 0.198957 0.941283 0.01 0.01
0 0.229398 0.888342 0.01 0.01
0 0.245942 0.903636 0.01 0.01
0 0.282339 0.903636 0.01 0.01
0 0.296236 0.913047 0.01 0.01
0 0.311457 0.917753 0.01 0.01
0 0.262486 0.962459 0.01 0.01
0 0.256530 0.941283 0.01 0.01
