0 0.138281 0.058333 0.01 0.01
0 0.299219 0.177778 0.01 0.01
0 0.410937 0.344444 0.01 0.01
0 0.523438 0.319444 0.01 0.01
0 0.624219 0.552778 0.01 0.01
0 0.367969 0.554167 0.01 0.01
0 0.439844 0.647222 0.01 0.01
0 0.389062 0.733333 0.01 0.01
0 0.235938 0.706944 0.01 0.01
0 0.279687 0.901389 0.01 0.01
0 0.470313 0.756944 0.01 0.01
0 0.514063 0.762500 0.01 0.01
0 0.557813 0.851389 0.01 0.01
0 0.567969 0.926389 0.01 0.01
0 0.851562 0.859722 0.01 0.01
0 0.857813 0.804167 0.01 0.01
0 0.784375 0.829167 0.01 0.01
0 0.863281 0.552778 0.01 0.01
0 0.821094 0.473611 0.01 0.01
0 0.751562 0.418056 0.01 0.01
0 0.732031 0.426389 0.01 0.01
0 0.785937 0.037500 0.01 0.01
0 0.800781 0.068056 0.01 0.01
0 0.785937 0.152778 0.01 0.01
0 0.823438 0.225000 0.01 0.01
0 0.864844 0.172222 0.01 0.01
0 0.857031 0.120833 0.01 0.01
0 0.692187 0.133333 0.01 0.01
0 0.641406 0.069444 0.01 0.01
