0 0.801163 0.921283 0.01 0.01
0 0.775354 0.867165 0.01 0.01
0 0.762780 0.865989 0.01 0.01
0 0.744913 0.868342 0.01 0.01
0 0.719766 0.842459 0.01 0.01
0 0.784619 0.838930 0.01 0.01
0 0.793222 0.858930 0.01 0.01
0 0.807119 0.849518 0.01 0.01
0 0.812413 0.862459 0.01 0.01
0 0.828295 0.884812 0.01 0.01
0 0.842192 0.849518 0.01 0.01
0 0.864692 0.849518 0.01 0.01
0 0.872633 0.780106 0.01 0.01
0 0.832927 0.805989 0.01 0.01
0 0.833589 0.748342 0.01 0.01
0 0.833589 0.728342 0.01 0.01
0 0.777339 0.715400 0.01 0.01
0 0.758148 0.715400 0.01 0.01
0 0.733001 0.711871 0.01 0.01
0 0.705207 0.704812 0.01 0.01
0 0.683369 0.729518 0.01 0.01
0 0.815060 0.664812 0.01 0.01
0 0.834251 0.648341 0.01 0.01
0 0.830280 0.603636 0.01 0.01
0 0.833589 0.580106 0.01 0.01
0 0.825648 0.581283 0.01 0.01
0 0.819030 0.570694 0.01 0.01
0 0.791898 0.507165 0.01 0.01
0 0.856089 0.473047 0.01 0.01
0 0.864030 0.468341 0.01 0.01
0 0.831604 0.402459 0.01 0.01
0 0.801163 0.376577 0.01 0.01
0 0.712486 0.458930 0.01 0.01
0 0.697927 0.551871 0.01 0.01
0 0.660207 0.505989 0.01 0.01
0 0.651604 0.407165 0.01 0.01
0 0.641677 0.411871 0.01 0.01
0 0.642339 0.401283 0.01 0.01
0 0.666163 0.396577 0.01 0.01
0 0.608589 0.465989 0.01 0.01
0 0.625133 0.567165 0.01 0.01
0 0.828957 0.310694 0.01 0.01
0 0.854104 0.262459 0.01 0.01
0 0.828295 0.240106 0.01 0.01
0 0.805133 0.213047 0.01 0.01
0 0.833589 0.193047 0.01 0.01
0 0.836236 0.181283 0.01 0.01
0 0.844177 0.131871 0.01 0.01
0 0.837560 0.134224 0.01 0.01
0 0.841530 0.083636 0.01 0.01
0 0.828957 0.122459 0.01 0.01
0 0.824986 0.124812 0.01 0.01
0 0.821677 0.123636 0.01 0.01
0 0.813074 0.098930 0.01 0.01
0 0.801163 0.088342 0.01 0.01
0 0.772707 0.087165 0.01 0.01
0 0.769398 0.076577 0.01 0.01
0 0.761457 0.083636 0.01 0.01
0 0.782633 0.121283 0.01 0.01
0 0.751530 0.134224 0.01 0.01
0 0.743589 0.210694 0.01 0.01
0 0.688663 0.129518 0.01 0.01
0 0.660869 0.085989 0.01 0.01
0 0.650942 0.065989 0.01 0.01
0 0.669472 0.074224 0.01 0.01
0 0.680722 0.074224 0.01 0.01
0 0.689324 0.083636 0.01 0.01
0 0.696604 0.050694 0.01 0.01
0 0.704545 0.085989 0.01 0.01
0 0.719104 0.078930 0.01 0.01
0 0.724398 0.075400 0.01 0.01
0 0.719766 0.058930 0.01 0.01
0 0.738957 0.068342 0.01 0.01
0 0.639692 0.151871 0.01 0.01
0 0.621824 0.162459 0.01 0.01
0 0.624472 0.210694 0.01 0.01
0 0.588736 0.255400 0.01 0.01
0 0.570207 0.162459 0.01 0.01
0 0.571530 0.097753 0.01 0.01
0 0.587413 0.100106 0.01 0.01
0 0.592707 0.078930 0.01 0.01
0 0.601972 0.084812 0.01 0.01
0 0.621163 0.110694 0.01 0.01
0 0.531824 0.135400 0.01 0.01
0 0.553001 0.071871 0.01 0.01
0 0.527854 0.074224 0.01 0.01
0 0.490795 0.068342 0.01 0.01
0 0.477560 0.091871 0.01 0.01
0 0.462339 0.133047 0.01 0.01
0 0.453736 0.063636 0.01 0.01
0 0.436530 0.078930 0.01 0.01
0 0.429251 0.084812 0.01 0.01
0 0.479545 0.171871 0.01 0.01
0 0.486824 0.162459 0.01 0.01
0 0.500060 0.190694 0.01 0.01
0 0.511310 0.277753 0.01 0.01
0 0.515942 0.329518 0.01 0.01
0 0.513957 0.358930 0.01 0.01
0 0.511310 0.370694 0.01 0.01
0 0.560280 0.328342 0.01 0.01
0 0.586751 0.365989 0.01 0.01
0 0.590721 0.589518 0.01 0.01
0 0.648295 0.624812 0.01 0.01
0 0.570869 0.630694 0.01 0.01
0 0.573516 0.681283 0.01 0.01
0 0.578810 0.700106 0.01 0.01
0 0.584766 0.782459 0.01 0.01
0 0.606604 0.790694 0.01 0.01
0 0.586089 0.823636 0.01 0.01
0 0.570869 0.828341 0.01 0.01
0 0.586751 0.860106 0.01 0.01
0 0.592045 0.869518 0.01 0.01
0 0.524545 0.863636 0.01 0.01
0 0.521898 0.835400 0.01 0.01
0 0.534472 0.823636 0.01 0.01
0 0.495427 0.860106 0.01 0.01
0 0.475574 0.861283 0.01 0.01
0 0.459692 0.858930 0.01 0.01
0 0.425280 0.845989 0.01 0.01
0 0.391530 0.900106 0.01 0.01
0 0.398148 0.857753 0.01 0.01
0 0.397486 0.836577 0.01 0.01
0 0.355133 0.861283 0.01 0.01
0 0.521898 0.760106 0.01 0.01
0 0.467633 0.724812 0.01 0.01
0 0.439839 0.701283 0.01 0.01
0 0.508663 0.682459 0.01 0.01
0 0.533148 0.598930 0.01 0.01
0 0.526530 0.571871 0.01 0.01
0 0.495427 0.569518 0.01 0.01
0 0.479545 0.556577 0.01 0.01
0 0.466310 0.609518 0.01 0.01
0 0.434545 0.615400 0.01 0.01
0 0.445795 0.521283 0.01 0.01
0 0.433222 0.447165 0.01 0.01
0 0.425942 0.407165 0.01 0.01
0 0.452413 0.422459 0.01 0.01
0 0.454398 0.457753 0.01 0.01
0 0.474913 0.410694 0.01 0.01
0 0.489472 0.389518 0.01 0.01
0 0.430574 0.303636 0.01 0.01
0 0.400133 0.220106 0.01 0.01
0 0.373001 0.130694 0.01 0.01
0 0.377633 0.107165 0.01 0.01
0 0.373001 0.081283 0.01 0.01
0 0.394839 0.071871 0.01 0.01
0 0.341898 0.075400 0.01 0.01
0 0.336604 0.089518 0.01 0.01
0 0.296236 0.061283 0.01 0.01
0 0.271089 0.074224 0.01 0.01
0 0.264472 0.073047 0.01 0.01
0 0.253883 0.102459 0.01 0.01
0 0.251236 0.074224 0.01 0.01
0 0.246604 0.077753 0.01 0.01
0 0.231383 0.077753 0.01 0.01
0 0.233369 0.067165 0.01 0.01
0 0.216824 0.074224 0.01 0.01
0 0.216824 0.083636 0.01 0.01
0 0.214177 0.087165 0.01 0.01
0 0.221457 0.085989 0.01 0.01
0 0.221457 0.103636 0.01 0.01
0 0.221457 0.109518 0.01 0.01
0 0.194324 0.067165 0.01 0.01
0 0.206236 0.029518 0.01 0.01
0 0.203589 0.116577 0.01 0.01
0 0.208883 0.121283 0.01 0.01
0 0.206236 0.124812 0.01 0.01
0 0.202266 0.128342 0.01 0.01
0 0.201604 0.136577 0.01 0.01
0 0.201604 0.149518 0.01 0.01
0 0.193001 0.156577 0.01 0.01
0 0.193663 0.116577 0.01 0.01
0 0.187045 0.134224 0.01 0.01
0 0.213516 0.145989 0.01 0.01
0 0.222119 0.161283 0.01 0.01
0 0.175133 0.182459 0.01 0.01
0 0.167854 0.165989 0.01 0.01
0 0.208883 0.208342 0.01 0.01
0 0.199619 0.228342 0.01 0.01
0 0.192339 0.245989 0.01 0.01
0 0.194324 0.263636 0.01 0.01
0 0.194986 0.285989 0.01 0.01
0 0.191016 0.303636 0.01 0.01
0 0.193663 0.314224 0.01 0.01
0 0.185060 0.309518 0.01 0.01
0 0.171824 0.310694 0.01 0.01
0 0.275060 0.293047 0.01 0.01
0 0.280354 0.238930 0.01 0.01
0 0.292927 0.229518 0.01 0.01
0 0.326016 0.378930 0.01 0.01
0 0.384913 0.296577 0.01 0.01
0 0.260501 0.387165 0.01 0.01
0 0.243957 0.436577 0.01 0.01
0 0.196310 0.403636 0.01 0.01
0 0.194324 0.413047 0.01 0.01
0 0.183074 0.436577 0.01 0.01
0 0.174472 0.390694 0.01 0.01
0 0.196310 0.485989 0.01 0.01
0 0.192339 0.517753 0.01 0.01
0 0.251236 0.575400 0.01 0.01
0 0.322707 0.554224 0.01 0.01
0 0.281677 0.494224 0.01 0.01
0 0.280354 0.607165 0.01 0.01
0 0.271751 0.637753 0.01 0.01
0 0.234692 0.642459 0.01 0.01
0 0.289619 0.661283 0.01 0.01
0 0.353148 0.631871 0.01 0.01
0 0.375648 0.587165 0.01 0.01
0 0.331971 0.721283 0.01 0.01
0 0.286972 0.710694 0.01 0.01
0 0.277045 0.721283 0.01 0.01
0 0.259177 0.750694 0.01 0.01
0 0.245942 0.778930 0.01 0.01
0 0.248589 0.725989 0.01 0.01
0 0.241310 0.722459 0.01 0.01
0 0.268442 0.854224 0.01 0.01
0 0.288957 0.860106 0.01 0.01
0 0.248589 0.891871 0.01 0.01
0 0.238663 0.857753 0.01 0.01
0 0.230060 0.842459 0.01 0.01
0 0.224104 0.830694 0.01 0.01
0 0.214177 0.835400 0.01 0.01
0 0.212192 0.840106 0.01 0.01
0 0.207560 0.854224 0.01 0.01
0 0.206236 0.903636 0.01 0.01
0 0.184398 0.902459 0.01 0.01
0 0.177780 0.878930 0.01 0.01
0 0.189692 0.843636 0.01 0.01
0 0.198957 0.823636 0.01 0.01
0 0.198295 0.811871 0.01 0.01
0 0.192339 0.798930 0.01 0.01
0 0.191016 0.787165 0.01 0.01
0 0.192339 0.768341 0.01 0.01
0 0.138074 0.810694 0.01 0.01
0 0.143369 0.777753 0.01 0.01
0 0.157266 0.729518 0.01 0.01
0 0.155942 0.710694 0.01 0.01
0 0.143369 0.601283 0.01 0.01
0 0.173148 0.648341 0.01 0.01
0 0.191677 0.654224 0.01 0.01
0 0.185722 0.642459 0.01 0.01
0 0.196310 0.601283 0.01 0.01
0 0.194986 0.689518 0.01 0.01
0 0.187707 0.700106 0.01 0.01
0 0.189692 0.724812 0.01 0.01
0 0.523221 0.448341 0.01 0.01
