0 0.781250 0.027778 0.01 0.01
0 0.853125 0.111111 0.01 0.01
0 0.862500 0.161111 0.01 0.01
0 0.811719 0.170833 0.01 0.01
0 0.800000 0.093056 0.01 0.01
0 0.700000 0.216667 0.01 0.01
0 0.641406 0.086111 0.01 0.01
0 0.439844 0.293056 0.01 0.01
0 0.407031 0.322222 0.01 0.01
0 0.755469 0.369444 0.01 0.01
0 0.714063 0.455556 0.01 0.01
0 0.817187 0.461111 0.01 0.01
0 0.835156 0.284722 0.01 0.01
0 0.857031 0.554167 0.01 0.01
0 0.590625 0.202778 0.01 0.01
0 0.617188 0.593056 0.01 0.01
0 0.879687 0.590278 0.01 0.01
0 0.859375 0.809722 0.01 0.01
0 0.853125 0.861111 0.01 0.01
0 0.801562 0.838889 0.01 0.01
0 0.582031 0.936111 0.01 0.01
0 0.557031 0.929167 0.01 0.01
0 0.506250 0.813889 0.01 0.01
0 0.481250 0.665278 0.01 0.01
0 0.453906 0.625000 0.01 0.01
0 0.375000 0.740278 0.01 0.01
0 0.227344 0.879167 0.01 0.01
0 0.236719 0.741667 0.01 0.01
0 0.347656 0.536111 0.01 0.01
0 0.294531 0.179167 0.01 0.01
0 0.132031 0.077778 0.01 0.01
