0 0.658222 0.541283 0.01 0.01
0 0.722413 0.493047 0.01 0.01
0 0.704545 0.464812 0.01 0.01
0 0.656236 0.340106 0.01 0.01
0 0.648295 0.188341 0.01 0.01
0 0.777339 0.163636 0.01 0.01
0 0.772707 0.183636 0.01 0.01
0 0.782633 0.073047 0.01 0.01
0 0.854766 0.202459 0.01 0.01
0 0.828957 0.345989 0.01 0.01
0 0.851457 0.584812 0.01 0.01
0 0.855427 0.688341 0.01 0.01
0 0.846824 0.869518 0.01 0.01
0 0.843516 0.894224 0.01 0.01
0 0.748883 0.844812 0.01 0.01
0 0.517927 0.920106 0.01 0.01
0 0.456383 0.954224 0.01 0.01
0 0.211530 0.662459 0.01 0.01
0 0.384251 0.883636 0.01 0.01
0 0.391530 0.741283 0.01 0.01
0 0.451089 0.800106 0.01 0.01
0 0.469619 0.678930 0.01 0.01
0 0.538442 0.820106 0.01 0.01
0 0.374324 0.557753 0.01 0.01
0 0.378957 0.410694 0.01 0.01
0 0.298222 0.257753 0.01 0.01
0 0.292927 0.230694 0.01 0.01
0 0.404104 0.078930 0.01 0.01
0 0.430574 0.084812 0.01 0.01
0 0.513957 0.054224 0.01 0.01
