0 0.820312 0.051389 0.01 0.01
0 0.826563 0.136111 0.01 0.01
0 0.820312 0.115278 0.01 0.01
0 0.815625 0.106944 0.01 0.01
0 0.815625 0.097222 0.01 0.01
0 0.810938 0.090278 0.01 0.01
0 0.802344 0.075000 0.01 0.01
0 0.802344 0.069444 0.01 0.01
0 0.775781 0.072222 0.01 0.01
0 0.763281 0.054167 0.01 0.01
0 0.756250 0.051389 0.01 0.01
0 0.753906 0.048611 0.01 0.01
0 0.753906 0.069444 0.01 0.01
0 0.728125 0.043056 0.01 0.01
0 0.718750 0.052778 0.01 0.01
0 0.718750 0.043056 0.01 0.01
0 0.700781 0.048611 0.01 0.01
0 0.682813 0.050000 0.01 0.01
0 0.680469 0.056944 0.01 0.01
0 0.676562 0.038889 0.01 0.01
0 0.671875 0.047222 0.01 0.01
0 0.667188 0.063889 0.01 0.01
0 0.671094 0.095833 0.01 0.01
0 0.690625 0.076389 0.01 0.01
0 0.692969 0.115278 0.01 0.01
0 0.650000 0.048611 0.01 0.01
0 0.643750 0.043056 0.01 0.01
0 0.636719 0.033333 0.01 0.01
0 0.583594 0.056944 0.01 0.01
0 0.578125 0.076389 0.01 0.01
0 0.592969 0.113889 0.01 0.01
0 0.605469 0.115278 0.01 0.01
0 0.620313 0.176389 0.01 0.01
0 0.561719 0.133333 0.01 0.01
0 0.547656 0.109722 0.01 0.01
0 0.524219 0.077778 0.01 0.01
0 0.513281 0.043056 0.01 0.01
0 0.479688 0.036111 0.01 0.01
0 0.438281 0.044444 0.01 0.01
0 0.433594 0.038889 0.01 0.01
0 0.424219 0.030556 0.01 0.01
0 0.413281 0.047222 0.01 0.01
0 0.394531 0.050000 0.01 0.01
0 0.364062 0.047222 0.01 0.01
0 0.349219 0.043056 0.01 0.01
0 0.335938 0.041667 0.01 0.01
0 0.325781 0.062500 0.01 0.01
0 0.367188 0.093056 0.01 0.01
0 0.472656 0.109722 0.01 0.01
0 0.432813 0.145833 0.01 0.01
0 0.492969 0.162500 0.01 0.01
0 0.515625 0.218056 0.01 0.01
0 0.504687 0.247222 0.01 0.01
0 0.487500 0.230556 0.01 0.01
0 0.482812 0.268056 0.01 0.01
0 0.515625 0.305556 0.01 0.01
0 0.560938 0.218056 0.01 0.01
0 0.587500 0.226389 0.01 0.01
0 0.572656 0.327778 0.01 0.01
0 0.468750 0.377778 0.01 0.01
0 0.467969 0.354167 0.01 0.01
0 0.407813 0.359722 0.01 0.01
0 0.392969 0.352778 0.01 0.01
0 0.422656 0.248611 0.01 0.01
0 0.365625 0.256944 0.01 0.01
0 0.655469 0.305556 0.01 0.01
0 0.654688 0.359722 0.01 0.01
0 0.655469 0.386111 0.01 0.01
0 0.632031 0.381944 0.01 0.01
0 0.707812 0.311111 0.01 0.01
0 0.754687 0.345833 0.01 0.01
0 0.824219 0.337500 0.01 0.01
0 0.818750 0.276389 0.01 0.01
0 0.814062 0.231944 0.01 0.01
0 0.807813 0.168056 0.01 0.01
0 0.821094 0.190278 0.01 0.01
0 0.825000 0.158333 0.01 0.01
0 0.821875 0.852778 0.01 0.01
0 0.847656 0.805556 0.01 0.01
0 0.817187 0.806944 0.01 0.01
0 0.804688 0.819444 0.01 0.01
0 0.809375 0.784722 0.01 0.01
0 0.823438 0.784722 0.01 0.01
0 0.824219 0.766667 0.01 0.01
0 0.836719 0.729167 0.01 0.01
0 0.824219 0.712500 0.01 0.01
0 0.824219 0.693056 0.01 0.01
0 0.854688 0.701389 0.01 0.01
0 0.856250 0.627778 0.01 0.01
0 0.821094 0.554167 0.01 0.01
0 0.822656 0.523611 0.01 0.01
0 0.813281 0.497222 0.01 0.01
0 0.800000 0.487500 0.01 0.01
0 0.852344 0.454167 0.01 0.01
0 0.758594 0.566667 0.01 0.01
0 0.682031 0.516667 0.01 0.01
0 0.655469 0.511111 0.01 0.01
0 0.653906 0.472222 0.01 0.01
0 0.646094 0.451389 0.01 0.01
0 0.600000 0.433333 0.01 0.01
0 0.537500 0.505556 0.01 0.01
0 0.487500 0.531944 0.01 0.01
0 0.478906 0.509722 0.01 0.01
0 0.467969 0.555556 0.01 0.01
0 0.465625 0.580556 0.01 0.01
0 0.451562 0.540278 0.01 0.01
0 0.425000 0.579167 0.01 0.01
0 0.505469 0.604167 0.01 0.01
0 0.509375 0.668056 0.01 0.01
0 0.571875 0.672222 0.01 0.01
0 0.561719 0.645833 0.01 0.01
0 0.568750 0.638889 0.01 0.01
0 0.572656 0.590278 0.01 0.01
0 0.621875 0.681944 0.01 0.01
0 0.694531 0.669444 0.01 0.01
0 0.752344 0.705556 0.01 0.01
0 0.769531 0.681944 0.01 0.01
0 0.771094 0.830556 0.01 0.01
0 0.764063 0.837500 0.01 0.01
0 0.721094 0.837500 0.01 0.01
0 0.725781 0.808333 0.01 0.01
0 0.700781 0.833333 0.01 0.01
0 0.683594 0.837500 0.01 0.01
0 0.669531 0.808333 0.01 0.01
0 0.615625 0.825000 0.01 0.01
0 0.582812 0.830556 0.01 0.01
0 0.614844 0.762500 0.01 0.01
0 0.579687 0.745833 0.01 0.01
0 0.558594 0.779167 0.01 0.01
0 0.506250 0.805556 0.01 0.01
0 0.503906 0.861111 0.01 0.01
0 0.516406 0.848611 0.01 0.01
0 0.489062 0.829167 0.01 0.01
0 0.482031 0.829167 0.01 0.01
0 0.458594 0.823611 0.01 0.01
0 0.449219 0.830556 0.01 0.01
0 0.457031 0.745833 0.01 0.01
0 0.462500 0.688889 0.01 0.01
0 0.407031 0.744444 0.01 0.01
0 0.425000 0.788889 0.01 0.01
0 0.407813 0.830556 0.01 0.01
0 0.389844 0.802778 0.01 0.01
0 0.371094 0.665278 0.01 0.01
0 0.325781 0.690278 0.01 0.01
0 0.297656 0.805556 0.01 0.01
0 0.284375 0.830556 0.01 0.01
0 0.279687 0.826389 0.01 0.01
0 0.258594 0.831944 0.01 0.01
0 0.257031 0.827778 0.01 0.01
0 0.231250 0.845833 0.01 0.01
0 0.215625 0.847222 0.01 0.01
0 0.217969 0.808333 0.01 0.01
0 0.200000 0.820833 0.01 0.01
0 0.198437 0.800000 0.01 0.01
0 0.189844 0.805556 0.01 0.01
0 0.194531 0.787500 0.01 0.01
0 0.189063 0.783333 0.01 0.01
0 0.171875 0.769444 0.01 0.01
0 0.171094 0.793056 0.01 0.01
0 0.171094 0.845833 0.01 0.01
0 0.142969 0.850000 0.01 0.01
0 0.131250 0.725000 0.01 0.01
0 0.182812 0.748611 0.01 0.01
0 0.203125 0.741667 0.01 0.01
0 0.219531 0.761111 0.01 0.01
0 0.236719 0.748611 0.01 0.01
0 0.249219 0.731944 0.01 0.01
0 0.250000 0.697222 0.01 0.01
0 0.244531 0.690278 0.01 0.01
0 0.235156 0.698611 0.01 0.01
0 0.187500 0.663889 0.01 0.01
0 0.185156 0.638889 0.01 0.01
0 0.185156 0.625000 0.01 0.01
0 0.180469 0.608333 0.01 0.01
0 0.167969 0.572222 0.01 0.01
0 0.181250 0.580556 0.01 0.01
0 0.185937 0.554167 0.01 0.01
0 0.182812 0.491667 0.01 0.01
0 0.187500 0.462500 0.01 0.01
0 0.232812 0.470833 0.01 0.01
0 0.245312 0.551389 0.01 0.01
0 0.271094 0.586111 0.01 0.01
0 0.282031 0.604167 0.01 0.01
0 0.282031 0.636111 0.01 0.01
0 0.282813 0.655556 0.01 0.01
0 0.187500 0.709722 0.01 0.01
0 0.345313 0.595833 0.01 0.01
0 0.368750 0.554167 0.01 0.01
0 0.312500 0.525000 0.01 0.01
0 0.367969 0.438889 0.01 0.01
0 0.401563 0.469444 0.01 0.01
0 0.432813 0.463889 0.01 0.01
0 0.270312 0.412500 0.01 0.01
0 0.249219 0.415278 0.01 0.01
0 0.337500 0.347222 0.01 0.01
0 0.276563 0.254167 0.01 0.01
0 0.244531 0.363889 0.01 0.01
0 0.187500 0.373611 0.01 0.01
0 0.168750 0.400000 0.01 0.01
0 0.190625 0.327778 0.01 0.01
0 0.175000 0.300000 0.01 0.01
0 0.170312 0.275000 0.01 0.01
0 0.183594 0.277778 0.01 0.01
0 0.184375 0.269444 0.01 0.01
0 0.187500 0.254167 0.01 0.01
0 0.184375 0.234722 0.01 0.01
0 0.203906 0.250000 0.01 0.01
0 0.216406 0.226389 0.01 0.01
0 0.322656 0.172222 0.01 0.01
0 0.270312 0.066667 0.01 0.01
0 0.269531 0.052778 0.01 0.01
0 0.240625 0.059722 0.01 0.01
0 0.248437 0.058333 0.01 0.01
0 0.247656 0.047222 0.01 0.01
0 0.238281 0.051389 0.01 0.01
0 0.239844 0.044444 0.01 0.01
0 0.239063 0.034722 0.01 0.01
0 0.212500 0.061111 0.01 0.01
0 0.205469 0.075000 0.01 0.01
0 0.214844 0.100000 0.01 0.01
0 0.201562 0.116667 0.01 0.01
0 0.212500 0.129167 0.01 0.01
0 0.183594 0.129167 0.01 0.01
0 0.189063 0.109722 0.01 0.01
0 0.194531 0.095833 0.01 0.01
0 0.191406 0.090278 0.01 0.01
0 0.187500 0.083333 0.01 0.01
0 0.196094 0.066667 0.01 0.01
0 0.193750 0.055556 0.01 0.01
0 0.175781 0.068056 0.01 0.01
0 0.179688 0.091667 0.01 0.01
0 0.153906 0.098611 0.01 0.01
0 0.146875 0.075000 0.01 0.01
0 0.157813 0.061111 0.01 0.01
