0 0.227344 0.030556 0.01 0.01
0 0.240625 0.100000 0.01 0.01
0 0.246875 0.113889 0.01 0.01
0 0.228125 0.134722 0.01 0.01
0 0.221094 0.145833 0.01 0.01
0 0.220313 0.176389 0.01 0.01
0 0.283594 0.326389 0.01 0.01
0 0.276563 0.147222 0.01 0.01
0 0.312500 0.083333 0.01 0.01
0 0.374219 0.188889 0.01 0.01
0 0.400000 0.134722 0.01 0.01
0 0.420312 0.116667 0.01 0.01
0 0.471875 0.170833 0.01 0.01
0 0.492969 0.161111 0.01 0.01
0 0.500000 0.227778 0.01 0.01
0 0.521875 0.237500 0.01 0.01
0 0.400000 0.448611 0.01 0.01
0 0.521094 0.209722 0.01 0.01
0 0.530469 0.086111 0.01 0.01
0 0.549219 0.155556 0.01 0.01
0 0.583594 0.091667 0.01 0.01
0 0.582031 0.225000 0.01 0.01
0 0.600000 0.211111 0.01 0.01
0 0.593750 0.250000 0.01 0.01
0 0.635156 0.409722 0.01 0.01
0 0.648438 0.425000 0.01 0.01
0 0.621875 0.370833 0.01 0.01
0 0.676562 0.186111 0.01 0.01
0 0.646875 0.115278 0.01 0.01
0 0.739062 0.093056 0.01 0.01
0 0.803906 0.091667 0.01 0.01
0 0.812500 0.095833 0.01 0.01
0 0.824219 0.104167 0.01 0.01
0 0.848437 0.123611 0.01 0.01
0 0.852344 0.119444 0.01 0.01
0 0.863281 0.143056 0.01 0.01
0 0.865625 0.191667 0.01 0.01
0 0.871094 0.194444 0.01 0.01
0 0.875000 0.236111 0.01 0.01
0 0.853906 0.272222 0.01 0.01
0 0.846875 0.198611 0.01 0.01
0 0.800781 0.247222 0.01 0.01
0 0.826563 0.329167 0.01 0.01
0 0.868750 0.444444 0.01 0.01
0 0.862500 0.600000 0.01 0.01
0 0.817187 0.558333 0.01 0.01
0 0.771094 0.498611 0.01 0.01
0 0.760156 0.588889 0.01 0.01
0 0.731250 0.622222 0.01 0.01
0 0.708594 0.650000 0.01 0.01
0 0.679688 0.648611 0.01 0.01
0 0.746094 0.766667 0.01 0.01
0 0.763281 0.800000 0.01 0.01
0 0.771094 0.780556 0.01 0.01
0 0.858594 0.701389 0.01 0.01
0 0.875000 0.636111 0.01 0.01
0 0.882812 0.919444 0.01 0.01
0 0.892969 0.858333 0.01 0.01
0 0.853125 0.836111 0.01 0.01
0 0.847656 0.863889 0.01 0.01
0 0.832812 0.848611 0.01 0.01
0 0.782812 0.920833 0.01 0.01
0 0.772656 0.900000 0.01 0.01
0 0.757812 0.913889 0.01 0.01
0 0.742188 0.900000 0.01 0.01
0 0.728125 0.900000 0.01 0.01
0 0.737500 0.855556 0.01 0.01
0 0.712500 0.872222 0.01 0.01
0 0.621094 0.881944 0.01 0.01
0 0.566406 0.848611 0.01 0.01
0 0.557031 0.883333 0.01 0.01
0 0.539062 0.888889 0.01 0.01
0 0.521094 0.754167 0.01 0.01
0 0.586719 0.719444 0.01 0.01
0 0.639844 0.776389 0.01 0.01
0 0.625000 0.698611 0.01 0.01
0 0.607813 0.655556 0.01 0.01
0 0.611719 0.640278 0.01 0.01
0 0.575000 0.655556 0.01 0.01
0 0.565625 0.622222 0.01 0.01
0 0.589844 0.562500 0.01 0.01
0 0.589063 0.461111 0.01 0.01
0 0.530469 0.470833 0.01 0.01
0 0.483594 0.547222 0.01 0.01
0 0.478125 0.576389 0.01 0.01
0 0.448438 0.584722 0.01 0.01
0 0.442187 0.640278 0.01 0.01
0 0.361719 0.590278 0.01 0.01
0 0.382812 0.694444 0.01 0.01
0 0.263281 0.612500 0.01 0.01
0 0.336719 0.700000 0.01 0.01
0 0.335156 0.756944 0.01 0.01
0 0.363281 0.798611 0.01 0.01
0 0.488281 0.801389 0.01 0.01
0 0.461719 0.862500 0.01 0.01
0 0.436719 0.881944 0.01 0.01
0 0.398438 0.890278 0.01 0.01
0 0.371875 0.875000 0.01 0.01
0 0.360938 0.875000 0.01 0.01
0 0.326562 0.834722 0.01 0.01
0 0.298438 0.862500 0.01 0.01
0 0.288281 0.875000 0.01 0.01
0 0.264844 0.872222 0.01 0.01
0 0.252344 0.880556 0.01 0.01
0 0.225781 0.844444 0.01 0.01
0 0.186719 0.855556 0.01 0.01
0 0.216406 0.805556 0.01 0.01
0 0.209375 0.768056 0.01 0.01
0 0.210156 0.754167 0.01 0.01
0 0.203125 0.745833 0.01 0.01
0 0.221094 0.722222 0.01 0.01
0 0.205469 0.668056 0.01 0.01
0 0.210156 0.661111 0.01 0.01
0 0.243750 0.712500 0.01 0.01
0 0.294531 0.741667 0.01 0.01
0 0.307031 0.744444 0.01 0.01
0 0.334375 0.770833 0.01 0.01
