0 0.789062 0.068056 0.01 0.01
0 0.789844 0.080556 0.01 0.01
0 0.850781 0.129167 0.01 0.01
0 0.849219 0.209722 0.01 0.01
0 0.792969 0.200000 0.01 0.01
0 0.714844 0.158333 0.01 0.01
0 0.631250 0.075000 0.01 0.01
0 0.624219 0.081944 0.01 0.01
0 0.514844 0.179167 0.01 0.01
0 0.289844 0.181944 0.01 0.01
0 0.400781 0.369444 0.01 0.01
0 0.373437 0.547222 0.01 0.01
0 0.425781 0.536111 0.01 0.01
0 0.631250 0.545833 0.01 0.01
0 0.728125 0.433333 0.01 0.01
0 0.744531 0.434722 0.01 0.01
0 0.835938 0.520833 0.01 0.01
0 0.858594 0.598611 0.01 0.01
0 0.851562 0.808333 0.01 0.01
0 0.845312 0.865278 0.01 0.01
0 0.769531 0.829167 0.01 0.01
0 0.545313 0.841667 0.01 0.01
0 0.514063 0.650000 0.01 0.01
0 0.467969 0.859722 0.01 0.01
0 0.380469 0.750000 0.01 0.01
0 0.214844 0.684722 0.01 0.01
0 0.235156 0.031944 0.01 0.01
