0 0.778001 0.190694 0.01 0.01
0 0.768736 0.183636 0.01 0.01
0 0.783295 0.070694 0.01 0.01
0 0.856089 0.201283 0.01 0.01
0 0.829619 0.369518 0.01 0.01
0 0.852780 0.595400 0.01 0.01
0 0.873957 0.588342 0.01 0.01
0 0.850133 0.689518 0.01 0.01
0 0.847486 0.870694 0.01 0.01
0 0.838222 0.916577 0.01 0.01
0 0.743589 0.847165 0.01 0.01
0 0.670795 0.555400 0.01 0.01
0 0.699251 0.497753 0.01 0.01
0 0.701236 0.458930 0.01 0.01
0 0.648957 0.349518 0.01 0.01
0 0.653589 0.213047 0.01 0.01
0 0.613883 0.145989 0.01 0.01
0 0.462339 0.149518 0.01 0.01
0 0.498736 0.057753 0.01 0.01
0 0.392192 0.078930 0.01 0.01
0 0.283663 0.288341 0.01 0.01
0 0.375648 0.420106 0.01 0.01
0 0.374986 0.541283 0.01 0.01
0 0.390207 0.747165 0.01 0.01
0 0.475574 0.684812 0.01 0.01
0 0.442486 0.821283 0.01 0.01
0 0.404766 0.870694 0.01 0.01
0 0.464324 0.954224 0.01 0.01
0 0.535133 0.904812 0.01 0.01
0 0.538442 0.820106 0.01 0.01
0 0.220795 0.661283 0.01 0.01
