0 0.800000 0.931944 0.01 0.01
0 0.857813 0.859722 0.01 0.01
0 0.864062 0.851389 0.01 0.01
0 0.862500 0.591667 0.01 0.01
0 0.837500 0.393056 0.01 0.01
0 0.702344 0.638889 0.01 0.01
0 0.669531 0.445833 0.01 0.01
0 0.592969 0.491667 0.01 0.01
0 0.478906 0.683333 0.01 0.01
0 0.449219 0.704167 0.01 0.01
0 0.442187 0.812500 0.01 0.01
0 0.545313 0.809722 0.01 0.01
0 0.659375 0.858333 0.01 0.01
0 0.692969 0.840278 0.01 0.01
0 0.436719 0.931944 0.01 0.01
0 0.221875 0.623611 0.01 0.01
0 0.392969 0.508333 0.01 0.01
0 0.373437 0.483333 0.01 0.01
0 0.284375 0.345833 0.01 0.01
0 0.617188 0.333333 0.01 0.01
0 0.670313 0.318056 0.01 0.01
0 0.639063 0.288889 0.01 0.01
0 0.752344 0.209722 0.01 0.01
0 0.861719 0.312500 0.01 0.01
0 0.786719 0.062500 0.01 0.01
0 0.700781 0.180556 0.01 0.01
0 0.623438 0.129167 0.01 0.01
0 0.471875 0.043056 0.01 0.01
0 0.273438 0.133333 0.01 0.01
