0 0.853125 0.091667 0.01 0.01
0 0.820312 0.086111 0.01 0.01
0 0.814062 0.081944 0.01 0.01
0 0.805469 0.076389 0.01 0.01
0 0.742188 0.084722 0.01 0.01
0 0.642187 0.093056 0.01 0.01
0 0.582031 0.084722 0.01 0.01
0 0.530469 0.079167 0.01 0.01
0 0.533594 0.109722 0.01 0.01
0 0.490625 0.148611 0.01 0.01
0 0.512500 0.205556 0.01 0.01
0 0.518750 0.245833 0.01 0.01
0 0.502344 0.223611 0.01 0.01
0 0.480469 0.240278 0.01 0.01
0 0.387500 0.154167 0.01 0.01
0 0.369531 0.204167 0.01 0.01
0 0.401563 0.091667 0.01 0.01
0 0.371875 0.105556 0.01 0.01
0 0.356250 0.109722 0.01 0.01
0 0.302344 0.134722 0.01 0.01
0 0.278125 0.070833 0.01 0.01
0 0.259375 0.087500 0.01 0.01
0 0.228125 0.119444 0.01 0.01
0 0.224219 0.131944 0.01 0.01
0 0.221094 0.159722 0.01 0.01
0 0.239063 0.018056 0.01 0.01
0 0.311719 0.359722 0.01 0.01
0 0.378125 0.454167 0.01 0.01
0 0.587500 0.422222 0.01 0.01
0 0.550000 0.470833 0.01 0.01
0 0.649219 0.405556 0.01 0.01
0 0.614844 0.372222 0.01 0.01
0 0.615625 0.345833 0.01 0.01
0 0.596094 0.237500 0.01 0.01
0 0.601562 0.222222 0.01 0.01
0 0.589844 0.201389 0.01 0.01
0 0.668750 0.218056 0.01 0.01
0 0.817187 0.283333 0.01 0.01
0 0.841406 0.336111 0.01 0.01
0 0.867969 0.402778 0.01 0.01
0 0.867969 0.273611 0.01 0.01
0 0.879687 0.215278 0.01 0.01
0 0.869531 0.177778 0.01 0.01
0 0.869531 0.158333 0.01 0.01
0 0.839844 0.172222 0.01 0.01
0 0.863281 0.129167 0.01 0.01
0 0.846875 0.105556 0.01 0.01
0 0.873438 0.550000 0.01 0.01
0 0.862500 0.584722 0.01 0.01
0 0.818750 0.540278 0.01 0.01
0 0.772656 0.487500 0.01 0.01
0 0.754687 0.594444 0.01 0.01
0 0.757031 0.630556 0.01 0.01
0 0.854688 0.697222 0.01 0.01
0 0.869531 0.931944 0.01 0.01
0 0.892187 0.813889 0.01 0.01
0 0.853125 0.797222 0.01 0.01
0 0.853125 0.825000 0.01 0.01
0 0.848437 0.852778 0.01 0.01
0 0.777344 0.906944 0.01 0.01
0 0.755469 0.891667 0.01 0.01
0 0.741406 0.887500 0.01 0.01
0 0.737500 0.904167 0.01 0.01
0 0.723437 0.876389 0.01 0.01
0 0.717188 0.845833 0.01 0.01
0 0.693750 0.834722 0.01 0.01
0 0.769531 0.819444 0.01 0.01
0 0.775000 0.761111 0.01 0.01
0 0.758594 0.726389 0.01 0.01
0 0.746875 0.766667 0.01 0.01
0 0.682813 0.687500 0.01 0.01
0 0.664844 0.690278 0.01 0.01
0 0.631250 0.765278 0.01 0.01
0 0.621875 0.694444 0.01 0.01
0 0.602344 0.679167 0.01 0.01
0 0.607813 0.645833 0.01 0.01
0 0.614844 0.623611 0.01 0.01
0 0.592969 0.595833 0.01 0.01
0 0.580469 0.641667 0.01 0.01
0 0.567187 0.575000 0.01 0.01
0 0.531250 0.637500 0.01 0.01
0 0.472656 0.562500 0.01 0.01
0 0.477344 0.576389 0.01 0.01
0 0.468750 0.604167 0.01 0.01
0 0.443750 0.638889 0.01 0.01
0 0.403125 0.668056 0.01 0.01
0 0.378125 0.713889 0.01 0.01
0 0.362500 0.795833 0.01 0.01
0 0.360156 0.866667 0.01 0.01
0 0.376563 0.856944 0.01 0.01
0 0.419531 0.879167 0.01 0.01
0 0.475781 0.872222 0.01 0.01
0 0.471875 0.852778 0.01 0.01
0 0.504687 0.797222 0.01 0.01
0 0.531250 0.794444 0.01 0.01
0 0.526563 0.858333 0.01 0.01
0 0.527344 0.870833 0.01 0.01
0 0.561719 0.836111 0.01 0.01
0 0.633594 0.880556 0.01 0.01
0 0.254687 0.868056 0.01 0.01
0 0.260938 0.858333 0.01 0.01
0 0.271094 0.863889 0.01 0.01
0 0.293750 0.854167 0.01 0.01
0 0.326562 0.808333 0.01 0.01
0 0.329688 0.761111 0.01 0.01
0 0.331250 0.744444 0.01 0.01
0 0.328906 0.688889 0.01 0.01
0 0.310156 0.631944 0.01 0.01
0 0.294531 0.734722 0.01 0.01
0 0.260938 0.834722 0.01 0.01
0 0.213281 0.793056 0.01 0.01
0 0.182031 0.836111 0.01 0.01
0 0.206250 0.750000 0.01 0.01
0 0.209375 0.744444 0.01 0.01
0 0.209375 0.709722 0.01 0.01
0 0.209375 0.704167 0.01 0.01
0 0.208594 0.651389 0.01 0.01
0 0.223438 0.622222 0.01 0.01
0 0.257031 0.615278 0.01 0.01
0 0.254687 0.688889 0.01 0.01
