0 0.231250 0.029167 0.01 0.01
0 0.292969 0.180556 0.01 0.01
0 0.371875 0.547222 0.01 0.01
0 0.427344 0.534722 0.01 0.01
0 0.216406 0.686111 0.01 0.01
0 0.382031 0.750000 0.01 0.01
0 0.467969 0.855556 0.01 0.01
0 0.322656 0.916667 0.01 0.01
0 0.546094 0.841667 0.01 0.01
0 0.542188 0.938889 0.01 0.01
0 0.517187 0.647222 0.01 0.01
0 0.845312 0.859722 0.01 0.01
0 0.852344 0.808333 0.01 0.01
0 0.771094 0.827778 0.01 0.01
0 0.630469 0.548611 0.01 0.01
0 0.727344 0.430556 0.01 0.01
0 0.746094 0.427778 0.01 0.01
0 0.833594 0.515278 0.01 0.01
0 0.859375 0.593056 0.01 0.01
0 0.516406 0.184722 0.01 0.01
0 0.625000 0.080556 0.01 0.01
0 0.632031 0.072222 0.01 0.01
0 0.792188 0.079167 0.01 0.01
0 0.789844 0.063889 0.01 0.01
0 0.852344 0.129167 0.01 0.01
0 0.850781 0.205556 0.01 0.01
0 0.715625 0.151389 0.01 0.01
0 0.605469 0.177778 0.01 0.01
0 0.403125 0.368056 0.01 0.01
