0 0.879913 0.347165 0.01 0.01
0 0.864030 0.315400 0.01 0.01
0 0.871310 0.297753 0.01 0.01
0 0.897119 0.269518 0.01 0.01
0 0.866016 0.256577 0.01 0.01
0 0.864692 0.225989 0.01 0.01
0 0.862045 0.210694 0.01 0.01
0 0.856089 0.189518 0.01 0.01
0 0.867339 0.174224 0.01 0.01
0 0.840207 0.164812 0.01 0.01
0 0.799177 0.111871 0.01 0.01
0 0.752854 0.136577 0.01 0.01
0 0.713810 0.149518 0.01 0.01
0 0.650942 0.156577 0.01 0.01
0 0.633074 0.173047 0.01 0.01
0 0.620501 0.234224 0.01 0.01
0 0.605942 0.278930 0.01 0.01
0 0.588074 0.268342 0.01 0.01
0 0.566898 0.285989 0.01 0.01
0 0.561604 0.269518 0.01 0.01
0 0.534472 0.282459 0.01 0.01
0 0.529839 0.260106 0.01 0.01
0 0.518589 0.194224 0.01 0.01
0 0.489472 0.197753 0.01 0.01
0 0.525869 0.143636 0.01 0.01
0 0.398810 0.137753 0.01 0.01
0 0.352486 0.134224 0.01 0.01
0 0.348516 0.138930 0.01 0.01
0 0.271751 0.180106 0.01 0.01
0 0.256530 0.158930 0.01 0.01
0 0.249251 0.176577 0.01 0.01
0 0.229398 0.103636 0.01 0.01
0 0.227413 0.184812 0.01 0.01
0 0.229398 0.251871 0.01 0.01
0 0.224766 0.350694 0.01 0.01
0 0.428589 0.341283 0.01 0.01
0 0.511310 0.447165 0.01 0.01
0 0.521236 0.462459 0.01 0.01
0 0.628442 0.420106 0.01 0.01
0 0.623810 0.349518 0.01 0.01
0 0.729030 0.321283 0.01 0.01
0 0.746236 0.337753 0.01 0.01
0 0.721089 0.518930 0.01 0.01
0 0.657560 0.487165 0.01 0.01
0 0.709177 0.558930 0.01 0.01
0 0.776016 0.543636 0.01 0.01
0 0.823001 0.597753 0.01 0.01
0 0.866016 0.595400 0.01 0.01
0 0.864692 0.637753 0.01 0.01
0 0.759472 0.630694 0.01 0.01
0 0.864030 0.751871 0.01 0.01
0 0.866016 0.861283 0.01 0.01
0 0.870648 0.897753 0.01 0.01
0 0.889177 0.931871 0.01 0.01
0 0.898442 0.903636 0.01 0.01
0 0.848148 0.916577 0.01 0.01
0 0.844839 0.925989 0.01 0.01
0 0.795207 0.950694 0.01 0.01
0 0.789913 0.955400 0.01 0.01
0 0.758148 0.955400 0.01 0.01
0 0.760133 0.936577 0.01 0.01
0 0.744251 0.929518 0.01 0.01
0 0.744913 0.904812 0.01 0.01
0 0.784619 0.900106 0.01 0.01
0 0.763442 0.875400 0.01 0.01
0 0.774030 0.823636 0.01 0.01
0 0.751530 0.811871 0.01 0.01
0 0.743589 0.784812 0.01 0.01
0 0.688001 0.727165 0.01 0.01
0 0.641016 0.727165 0.01 0.01
0 0.654913 0.834224 0.01 0.01
0 0.629104 0.858930 0.01 0.01
0 0.638369 0.930694 0.01 0.01
0 0.556310 0.923636 0.01 0.01
0 0.512633 0.883636 0.01 0.01
0 0.549030 0.781283 0.01 0.01
0 0.573516 0.800106 0.01 0.01
0 0.576163 0.705989 0.01 0.01
0 0.597339 0.675400 0.01 0.01
0 0.594692 0.564812 0.01 0.01
0 0.558295 0.631871 0.01 0.01
0 0.542413 0.669518 0.01 0.01
0 0.525869 0.701283 0.01 0.01
0 0.521898 0.609518 0.01 0.01
0 0.480869 0.585989 0.01 0.01
0 0.421310 0.614224 0.01 0.01
0 0.372339 0.584812 0.01 0.01
0 0.280354 0.554224 0.01 0.01
0 0.247927 0.605989 0.01 0.01
0 0.222780 0.595400 0.01 0.01
0 0.222780 0.695400 0.01 0.01
0 0.216824 0.781283 0.01 0.01
0 0.219471 0.841283 0.01 0.01
0 0.224104 0.853047 0.01 0.01
0 0.225427 0.865989 0.01 0.01
0 0.210869 0.880106 0.01 0.01
0 0.212854 0.954224 0.01 0.01
0 0.232707 0.885989 0.01 0.01
0 0.238663 0.894224 0.01 0.01
0 0.252560 0.962459 0.01 0.01
0 0.287633 0.910694 0.01 0.01
0 0.294913 0.911871 0.01 0.01
0 0.320722 0.911871 0.01 0.01
0 0.359104 0.916577 0.01 0.01
0 0.365060 0.918930 0.01 0.01
0 0.376310 0.914224 0.01 0.01
0 0.386236 0.937753 0.01 0.01
0 0.453736 0.916577 0.01 0.01
0 0.441824 0.863636 0.01 0.01
0 0.423295 0.829518 0.01 0.01
0 0.423295 0.758930 0.01 0.01
0 0.470280 0.789518 0.01 0.01
0 0.375648 0.831871 0.01 0.01
0 0.376972 0.740106 0.01 0.01
0 0.342560 0.810694 0.01 0.01
0 0.301530 0.789518 0.01 0.01
