0 0.213516 0.662459 0.01 0.01
0 0.388222 0.740106 0.01 0.01
0 0.386898 0.881283 0.01 0.01
0 0.457045 0.954224 0.01 0.01
0 0.447119 0.810694 0.01 0.01
0 0.518589 0.910694 0.01 0.01
0 0.537119 0.824812 0.01 0.01
0 0.469619 0.683636 0.01 0.01
0 0.371016 0.545989 0.01 0.01
0 0.374986 0.410694 0.01 0.01
0 0.296236 0.273047 0.01 0.01
0 0.296236 0.234224 0.01 0.01
0 0.400795 0.078930 0.01 0.01
0 0.438516 0.097753 0.01 0.01
0 0.509986 0.053047 0.01 0.01
0 0.648295 0.193047 0.01 0.01
0 0.613883 0.147165 0.01 0.01
0 0.653589 0.341283 0.01 0.01
0 0.703883 0.463636 0.01 0.01
0 0.713810 0.496577 0.01 0.01
0 0.658883 0.551871 0.01 0.01
0 0.828957 0.356577 0.01 0.01
0 0.854766 0.203636 0.01 0.01
0 0.775354 0.176577 0.01 0.01
0 0.771383 0.182459 0.01 0.01
0 0.784619 0.075400 0.01 0.01
0 0.851457 0.591871 0.01 0.01
0 0.854766 0.687165 0.01 0.01
0 0.848148 0.874224 0.01 0.01
0 0.840207 0.896577 0.01 0.01
0 0.745574 0.842459 0.01 0.01
