0 0.778663 0.290694 0.01 0.01
0 0.768736 0.301283 0.01 0.01
0 0.713148 0.276577 0.01 0.01
0 0.793222 0.235400 0.01 0.01
0 0.724398 0.173047 0.01 0.01
0 0.721751 0.111871 0.01 0.01
0 0.713148 0.096577 0.01 0.01
0 0.711163 0.084812 0.01 0.01
0 0.727045 0.093047 0.01 0.01
0 0.748883 0.114224 0.01 0.01
0 0.808442 0.118930 0.01 0.01
0 0.809766 0.134224 0.01 0.01
0 0.829619 0.098930 0.01 0.01
0 0.848810 0.103636 0.01 0.01
0 0.863369 0.114224 0.01 0.01
0 0.859398 0.117753 0.01 0.01
0 0.863369 0.127165 0.01 0.01
0 0.868001 0.124812 0.01 0.01
0 0.860721 0.154224 0.01 0.01
0 0.861383 0.195400 0.01 0.01
0 0.878589 0.231871 0.01 0.01
0 0.886530 0.191871 0.01 0.01
0 0.901751 0.194224 0.01 0.01
0 0.915648 0.150694 0.01 0.01
0 0.883883 0.282459 0.01 0.01
0 0.880574 0.330694 0.01 0.01
0 0.871971 0.325989 0.01 0.01
0 0.876604 0.576577 0.01 0.01
0 0.887854 0.594224 0.01 0.01
0 0.877927 0.630694 0.01 0.01
0 0.877927 0.749518 0.01 0.01
0 0.869325 0.757753 0.01 0.01
0 0.885869 0.821283 0.01 0.01
0 0.911016 0.791871 0.01 0.01
0 0.864692 0.847165 0.01 0.01
0 0.873295 0.867165 0.01 0.01
0 0.868001 0.901283 0.01 0.01
0 0.863369 0.896577 0.01 0.01
0 0.848810 0.877753 0.01 0.01
0 0.822339 0.798930 0.01 0.01
0 0.828295 0.925989 0.01 0.01
0 0.797854 0.933047 0.01 0.01
0 0.784619 0.930694 0.01 0.01
0 0.716457 0.914224 0.01 0.01
0 0.691310 0.930694 0.01 0.01
0 0.739619 0.836577 0.01 0.01
0 0.752854 0.765989 0.01 0.01
0 0.731677 0.620106 0.01 0.01
0 0.751530 0.565989 0.01 0.01
0 0.759472 0.544812 0.01 0.01
0 0.789913 0.504812 0.01 0.01
0 0.692633 0.411871 0.01 0.01
0 0.686677 0.500106 0.01 0.01
0 0.666163 0.477753 0.01 0.01
0 0.669472 0.513047 0.01 0.01
0 0.670795 0.533047 0.01 0.01
0 0.645648 0.489518 0.01 0.01
0 0.699913 0.556577 0.01 0.01
0 0.701236 0.583636 0.01 0.01
0 0.673442 0.620106 0.01 0.01
0 0.673442 0.655400 0.01 0.01
0 0.671457 0.687165 0.01 0.01
0 0.637707 0.696577 0.01 0.01
0 0.629766 0.851871 0.01 0.01
0 0.619177 0.853047 0.01 0.01
0 0.596016 0.905989 0.01 0.01
0 0.586089 0.933047 0.01 0.01
0 0.564251 0.916577 0.01 0.01
0 0.574839 0.811871 0.01 0.01
0 0.565574 0.775400 0.01 0.01
0 0.545060 0.781283 0.01 0.01
0 0.589398 0.670694 0.01 0.01
0 0.558295 0.602459 0.01 0.01
0 0.543074 0.550694 0.01 0.01
0 0.551016 0.541283 0.01 0.01
0 0.605942 0.484812 0.01 0.01
0 0.611898 0.454224 0.01 0.01
0 0.525869 0.471871 0.01 0.01
0 0.558295 0.051871 0.01 0.01
0 0.637045 0.073047 0.01 0.01
0 0.613222 0.125989 0.01 0.01
0 0.632413 0.174224 0.01 0.01
0 0.638369 0.296577 0.01 0.01
0 0.598663 0.300106 0.01 0.01
0 0.591383 0.356577 0.01 0.01
0 0.565574 0.349518 0.01 0.01
0 0.580795 0.210694 0.01 0.01
0 0.542413 0.135400 0.01 0.01
0 0.519913 0.088342 0.01 0.01
0 0.500060 0.089518 0.01 0.01
0 0.485501 0.090694 0.01 0.01
0 0.482192 0.095400 0.01 0.01
0 0.478883 0.127165 0.01 0.01
0 0.403442 0.085989 0.01 0.01
0 0.388883 0.123636 0.01 0.01
0 0.358442 0.056577 0.01 0.01
0 0.331310 0.077753 0.01 0.01
0 0.315427 0.083636 0.01 0.01
0 0.290942 0.080106 0.01 0.01
0 0.281677 0.071871 0.01 0.01
0 0.275060 0.077753 0.01 0.01
0 0.263810 0.081283 0.01 0.01
0 0.207560 0.044812 0.01 0.01
0 0.196310 0.044812 0.01 0.01
0 0.169177 0.121283 0.01 0.01
0 0.164545 0.244812 0.01 0.01
0 0.206236 0.249518 0.01 0.01
0 0.204913 0.229518 0.01 0.01
0 0.206236 0.221283 0.01 0.01
0 0.210869 0.203636 0.01 0.01
0 0.211530 0.177753 0.01 0.01
0 0.214839 0.148342 0.01 0.01
0 0.306824 0.194224 0.01 0.01
0 0.302854 0.150694 0.01 0.01
0 0.324030 0.191871 0.01 0.01
0 0.328663 0.225989 0.01 0.01
0 0.324692 0.250694 0.01 0.01
0 0.371677 0.163636 0.01 0.01
0 0.359104 0.158930 0.01 0.01
0 0.347854 0.149518 0.01 0.01
0 0.249913 0.308342 0.01 0.01
0 0.252560 0.337753 0.01 0.01
0 0.208222 0.316577 0.01 0.01
0 0.205574 0.300106 0.01 0.01
0 0.214177 0.404812 0.01 0.01
0 0.220795 0.458930 0.01 0.01
0 0.205574 0.481283 0.01 0.01
0 0.198957 0.531871 0.01 0.01
0 0.256530 0.668342 0.01 0.01
0 0.200280 0.796577 0.01 0.01
0 0.202927 0.811871 0.01 0.01
0 0.202927 0.821283 0.01 0.01
0 0.213516 0.845989 0.01 0.01
0 0.207560 0.847165 0.01 0.01
0 0.210869 0.858930 0.01 0.01
0 0.193001 0.903636 0.01 0.01
0 0.225427 0.889518 0.01 0.01
0 0.232707 0.887165 0.01 0.01
0 0.257192 0.903636 0.01 0.01
0 0.267119 0.902459 0.01 0.01
0 0.270427 0.855400 0.01 0.01
0 0.282339 0.827165 0.01 0.01
0 0.289619 0.864812 0.01 0.01
0 0.294913 0.895400 0.01 0.01
0 0.320060 0.916577 0.01 0.01
0 0.356457 0.965989 0.01 0.01
0 0.410060 0.965989 0.01 0.01
0 0.380942 0.907165 0.01 0.01
0 0.409398 0.910694 0.01 0.01
0 0.445133 0.911871 0.01 0.01
0 0.474251 0.888342 0.01 0.01
0 0.495427 0.931871 0.01 0.01
0 0.517927 0.943636 0.01 0.01
0 0.339251 0.841283 0.01 0.01
0 0.341236 0.763636 0.01 0.01
0 0.289619 0.668342 0.01 0.01
0 0.345869 0.740106 0.01 0.01
0 0.339913 0.691871 0.01 0.01
0 0.333295 0.623636 0.01 0.01
0 0.322045 0.581283 0.01 0.01
0 0.414030 0.700106 0.01 0.01
0 0.408074 0.809518 0.01 0.01
0 0.475574 0.722459 0.01 0.01
0 0.463663 0.648341 0.01 0.01
0 0.480869 0.551871 0.01 0.01
0 0.386898 0.509518 0.01 0.01
0 0.386898 0.482459 0.01 0.01
0 0.377633 0.408342 0.01 0.01
0 0.421971 0.250694 0.01 0.01
0 0.463663 0.285989 0.01 0.01
0 0.502045 0.269518 0.01 0.01
0 0.510648 0.394224 0.01 0.01
0 0.491457 0.410694 0.01 0.01
0 0.459692 0.421283 0.01 0.01
0 0.423957 0.415400 0.01 0.01
0 0.543074 0.697753 0.01 0.01
