0 0.836236 0.933047 0.01 0.01
0 0.871971 0.914224 0.01 0.01
0 0.822339 0.878930 0.01 0.01
0 0.800501 0.876577 0.01 0.01
0 0.797854 0.894224 0.01 0.01
0 0.790574 0.882459 0.01 0.01
0 0.838883 0.853047 0.01 0.01
0 0.853442 0.847165 0.01 0.01
0 0.848810 0.829518 0.01 0.01
0 0.848810 0.811871 0.01 0.01
0 0.872633 0.808341 0.01 0.01
0 0.853442 0.757753 0.01 0.01
0 0.851457 0.702459 0.01 0.01
0 0.859398 0.658930 0.01 0.01
0 0.887854 0.651871 0.01 0.01
0 0.834913 0.564812 0.01 0.01
0 0.842854 0.547165 0.01 0.01
0 0.884545 0.401283 0.01 0.01
0 0.883222 0.373047 0.01 0.01
0 0.844177 0.322459 0.01 0.01
0 0.850133 0.309518 0.01 0.01
0 0.848148 0.245989 0.01 0.01
0 0.845501 0.224812 0.01 0.01
0 0.852119 0.223636 0.01 0.01
0 0.862045 0.156577 0.01 0.01
0 0.854104 0.107165 0.01 0.01
0 0.837560 0.143636 0.01 0.01
0 0.828957 0.129518 0.01 0.01
0 0.834251 0.117753 0.01 0.01
0 0.821677 0.125989 0.01 0.01
0 0.809766 0.101283 0.01 0.01
0 0.797854 0.094224 0.01 0.01
0 0.789913 0.094224 0.01 0.01
0 0.789913 0.120106 0.01 0.01
0 0.779986 0.093047 0.01 0.01
0 0.769398 0.167165 0.01 0.01
0 0.795207 0.225989 0.01 0.01
0 0.755501 0.224812 0.01 0.01
0 0.733001 0.136577 0.01 0.01
0 0.731677 0.091871 0.01 0.01
0 0.744913 0.084812 0.01 0.01
0 0.748883 0.070694 0.01 0.01
0 0.719766 0.087165 0.01 0.01
0 0.707854 0.062459 0.01 0.01
0 0.705869 0.140106 0.01 0.01
0 0.701898 0.157753 0.01 0.01
0 0.701898 0.194224 0.01 0.01
0 0.660869 0.228342 0.01 0.01
0 0.631751 0.278930 0.01 0.01
0 0.611236 0.256577 0.01 0.01
0 0.658883 0.129518 0.01 0.01
0 0.641677 0.084812 0.01 0.01
0 0.631089 0.104812 0.01 0.01
0 0.628442 0.091871 0.01 0.01
0 0.570207 0.091871 0.01 0.01
0 0.564251 0.094224 0.01 0.01
0 0.557633 0.094224 0.01 0.01
0 0.571530 0.165989 0.01 0.01
0 0.546383 0.167165 0.01 0.01
0 0.517266 0.207165 0.01 0.01
0 0.484177 0.183636 0.01 0.01
0 0.506677 0.135400 0.01 0.01
0 0.529177 0.096577 0.01 0.01
0 0.518589 0.088342 0.01 0.01
0 0.531163 0.068342 0.01 0.01
0 0.504030 0.084812 0.01 0.01
0 0.494104 0.101283 0.01 0.01
0 0.472927 0.101283 0.01 0.01
0 0.668148 0.089518 0.01 0.01
0 0.427927 0.098930 0.01 0.01
0 0.427266 0.085989 0.01 0.01
0 0.380942 0.096577 0.01 0.01
0 0.363074 0.136577 0.01 0.01
0 0.355133 0.153047 0.01 0.01
0 0.345869 0.167165 0.01 0.01
0 0.349177 0.125989 0.01 0.01
0 0.351824 0.098930 0.01 0.01
0 0.333957 0.104812 0.01 0.01
0 0.336604 0.088342 0.01 0.01
0 0.319398 0.091871 0.01 0.01
0 0.307486 0.103636 0.01 0.01
0 0.304177 0.109518 0.01 0.01
0 0.296236 0.093047 0.01 0.01
0 0.277045 0.102459 0.01 0.01
0 0.274398 0.093047 0.01 0.01
0 0.265133 0.055400 0.01 0.01
0 0.254545 0.089518 0.01 0.01
0 0.245280 0.103636 0.01 0.01
0 0.228736 0.117753 0.01 0.01
0 0.216824 0.076577 0.01 0.01
0 0.214177 0.065989 0.01 0.01
0 0.195648 0.071871 0.01 0.01
0 0.199619 0.096577 0.01 0.01
0 0.212192 0.148342 0.01 0.01
0 0.208222 0.145989 0.01 0.01
0 0.202266 0.163636 0.01 0.01
0 0.204251 0.178930 0.01 0.01
0 0.235354 0.184812 0.01 0.01
0 0.228074 0.147165 0.01 0.01
0 0.256530 0.153047 0.01 0.01
0 0.268442 0.171871 0.01 0.01
0 0.375648 0.211871 0.01 0.01
0 0.224766 0.307165 0.01 0.01
0 0.221457 0.262459 0.01 0.01
0 0.204251 0.307165 0.01 0.01
0 0.198957 0.320106 0.01 0.01
0 0.191016 0.313047 0.01 0.01
0 0.183736 0.287165 0.01 0.01
0 0.233369 0.353047 0.01 0.01
0 0.307486 0.301283 0.01 0.01
0 0.257192 0.376577 0.01 0.01
0 0.200942 0.384812 0.01 0.01
0 0.204251 0.403636 0.01 0.01
0 0.207560 0.445989 0.01 0.01
0 0.200280 0.469518 0.01 0.01
0 0.208222 0.510694 0.01 0.01
0 0.220133 0.527165 0.01 0.01
0 0.229398 0.528342 0.01 0.01
0 0.251898 0.478930 0.01 0.01
0 0.247266 0.435400 0.01 0.01
0 0.202266 0.533047 0.01 0.01
0 0.203589 0.574224 0.01 0.01
0 0.204251 0.589518 0.01 0.01
0 0.208222 0.563636 0.01 0.01
0 0.218148 0.575400 0.01 0.01
0 0.222780 0.590694 0.01 0.01
0 0.176457 0.603636 0.01 0.01
0 0.161236 0.607165 0.01 0.01
0 0.206236 0.663636 0.01 0.01
0 0.204913 0.677753 0.01 0.01
0 0.202927 0.690694 0.01 0.01
0 0.202927 0.715400 0.01 0.01
0 0.239324 0.680106 0.01 0.01
0 0.263148 0.608342 0.01 0.01
0 0.285648 0.663636 0.01 0.01
0 0.270427 0.743636 0.01 0.01
0 0.269766 0.753047 0.01 0.01
0 0.262486 0.756577 0.01 0.01
0 0.243957 0.771871 0.01 0.01
0 0.206236 0.774224 0.01 0.01
0 0.201604 0.814224 0.01 0.01
0 0.213516 0.816577 0.01 0.01
0 0.213516 0.845989 0.01 0.01
0 0.215501 0.863636 0.01 0.01
0 0.219471 0.855400 0.01 0.01
0 0.226089 0.867165 0.01 0.01
0 0.184398 0.897753 0.01 0.01
0 0.234692 0.828341 0.01 0.01
0 0.241310 0.809518 0.01 0.01
0 0.257854 0.802459 0.01 0.01
0 0.263148 0.838930 0.01 0.01
0 0.251236 0.909518 0.01 0.01
0 0.282339 0.950694 0.01 0.01
0 0.272413 0.885989 0.01 0.01
0 0.283001 0.896577 0.01 0.01
0 0.292927 0.890694 0.01 0.01
0 0.292266 0.860106 0.01 0.01
0 0.309472 0.889518 0.01 0.01
0 0.333957 0.902459 0.01 0.01
0 0.330648 0.696577 0.01 0.01
0 0.316751 0.673047 0.01 0.01
0 0.344545 0.663636 0.01 0.01
0 0.332633 0.609518 0.01 0.01
0 0.341236 0.587165 0.01 0.01
0 0.323369 0.513047 0.01 0.01
0 0.335942 0.516577 0.01 0.01
0 0.328663 0.485989 0.01 0.01
0 0.409398 0.455400 0.01 0.01
0 0.445795 0.328342 0.01 0.01
0 0.451089 0.323636 0.01 0.01
0 0.483516 0.342459 0.01 0.01
0 0.511972 0.313047 0.01 0.01
0 0.555648 0.358930 0.01 0.01
0 0.551016 0.387165 0.01 0.01
0 0.504692 0.369518 0.01 0.01
0 0.555648 0.324812 0.01 0.01
0 0.572854 0.404812 0.01 0.01
0 0.572854 0.422459 0.01 0.01
0 0.529177 0.431871 0.01 0.01
0 0.491457 0.431871 0.01 0.01
0 0.459030 0.414224 0.01 0.01
0 0.449104 0.475400 0.01 0.01
0 0.402119 0.594224 0.01 0.01
0 0.412707 0.617753 0.01 0.01
0 0.409398 0.537753 0.01 0.01
0 0.392192 0.735400 0.01 0.01
0 0.396824 0.791871 0.01 0.01
0 0.423957 0.818930 0.01 0.01
0 0.444472 0.896577 0.01 0.01
0 0.453736 0.884812 0.01 0.01
0 0.483516 0.861283 0.01 0.01
0 0.499398 0.818930 0.01 0.01
0 0.511310 0.841283 0.01 0.01
0 0.525869 0.810694 0.01 0.01
0 0.539104 0.855400 0.01 0.01
0 0.572192 0.795400 0.01 0.01
0 0.539766 0.736577 0.01 0.01
0 0.492780 0.704812 0.01 0.01
0 0.479545 0.649518 0.01 0.01
0 0.469619 0.635400 0.01 0.01
0 0.492780 0.640106 0.01 0.01
0 0.520574 0.677753 0.01 0.01
0 0.523221 0.640106 0.01 0.01
0 0.508663 0.591871 0.01 0.01
0 0.508001 0.558930 0.01 0.01
0 0.523221 0.547165 0.01 0.01
0 0.519251 0.561283 0.01 0.01
0 0.560280 0.509518 0.01 0.01
0 0.584766 0.560106 0.01 0.01
0 0.594692 0.640106 0.01 0.01
0 0.608589 0.853047 0.01 0.01
0 0.596677 0.883636 0.01 0.01
0 0.605942 0.890694 0.01 0.01
0 0.611236 0.928342 0.01 0.01
0 0.650942 0.889518 0.01 0.01
0 0.674104 0.883636 0.01 0.01
0 0.680722 0.888342 0.01 0.01
0 0.682045 0.837753 0.01 0.01
0 0.715133 0.885989 0.01 0.01
0 0.748883 0.883636 0.01 0.01
0 0.749545 0.823636 0.01 0.01
0 0.795869 0.781283 0.01 0.01
0 0.748883 0.742459 0.01 0.01
0 0.721089 0.721283 0.01 0.01
0 0.723736 0.665989 0.01 0.01
0 0.766089 0.665989 0.01 0.01
0 0.786604 0.621283 0.01 0.01
0 0.786604 0.518930 0.01 0.01
0 0.749545 0.548342 0.01 0.01
0 0.694619 0.431871 0.01 0.01
0 0.687339 0.437753 0.01 0.01
0 0.689324 0.413047 0.01 0.01
0 0.704545 0.358930 0.01 0.01
0 0.652927 0.431871 0.01 0.01
0 0.641677 0.436577 0.01 0.01
0 0.619839 0.509518 0.01 0.01
0 0.628442 0.564812 0.01 0.01
0 0.648295 0.625989 0.01 0.01
0 0.598663 0.724812 0.01 0.01
0 0.584766 0.680106 0.01 0.01
0 0.661530 0.575400 0.01 0.01
0 0.676751 0.517753 0.01 0.01
0 0.447780 0.736577 0.01 0.01
