0 0.139844 0.051389 0.01 0.01
0 0.296094 0.181944 0.01 0.01
0 0.412500 0.347222 0.01 0.01
0 0.535156 0.295833 0.01 0.01
0 0.363281 0.556944 0.01 0.01
0 0.437500 0.627778 0.01 0.01
0 0.625781 0.555556 0.01 0.01
0 0.517969 0.741667 0.01 0.01
0 0.556250 0.855556 0.01 0.01
0 0.467969 0.777778 0.01 0.01
0 0.384375 0.747222 0.01 0.01
0 0.231250 0.709722 0.01 0.01
0 0.292188 0.908333 0.01 0.01
0 0.565625 0.930556 0.01 0.01
0 0.848437 0.862500 0.01 0.01
0 0.856250 0.805556 0.01 0.01
0 0.779688 0.831944 0.01 0.01
0 0.862500 0.556944 0.01 0.01
0 0.821875 0.491667 0.01 0.01
0 0.748438 0.422222 0.01 0.01
0 0.731250 0.431944 0.01 0.01
0 0.678125 0.116667 0.01 0.01
0 0.638281 0.072222 0.01 0.01
0 0.762500 0.141667 0.01 0.01
0 0.785937 0.050000 0.01 0.01
0 0.800000 0.069444 0.01 0.01
0 0.853125 0.122222 0.01 0.01
0 0.862500 0.181944 0.01 0.01
0 0.810156 0.213889 0.01 0.01
