0 0.869986 0.345989 0.01 0.01
0 0.866677 0.369518 0.01 0.01
0 0.831604 0.308342 0.01 0.01
0 0.807780 0.322459 0.01 0.01
0 0.834251 0.285989 0.01 0.01
0 0.841530 0.237753 0.01 0.01
0 0.838883 0.229518 0.01 0.01
0 0.837560 0.203636 0.01 0.01
0 0.846824 0.115400 0.01 0.01
0 0.828295 0.118930 0.01 0.01
0 0.816383 0.115400 0.01 0.01
0 0.811089 0.103636 0.01 0.01
0 0.819692 0.093047 0.01 0.01
0 0.791236 0.094224 0.01 0.01
0 0.781972 0.074224 0.01 0.01
0 0.781972 0.091871 0.01 0.01
0 0.759472 0.149518 0.01 0.01
0 0.807119 0.177753 0.01 0.01
0 0.692633 0.182459 0.01 0.01
0 0.703221 0.147165 0.01 0.01
0 0.696604 0.134224 0.01 0.01
0 0.724398 0.105989 0.01 0.01
0 0.742927 0.078930 0.01 0.01
0 0.715133 0.074224 0.01 0.01
0 0.689986 0.078930 0.01 0.01
0 0.618516 0.085989 0.01 0.01
0 0.609251 0.081283 0.01 0.01
0 0.641677 0.140106 0.01 0.01
0 0.588074 0.170694 0.01 0.01
0 0.560942 0.155400 0.01 0.01
0 0.545060 0.190694 0.01 0.01
0 0.503369 0.182459 0.01 0.01
0 0.498736 0.115400 0.01 0.01
0 0.529839 0.078930 0.01 0.01
0 0.536457 0.074224 0.01 0.01
0 0.556971 0.078930 0.01 0.01
0 0.490133 0.071871 0.01 0.01
0 0.479545 0.084812 0.01 0.01
0 0.457707 0.135400 0.01 0.01
0 0.464324 0.155400 0.01 0.01
0 0.401457 0.184812 0.01 0.01
0 0.416016 0.077753 0.01 0.01
0 0.404104 0.070694 0.01 0.01
0 0.372339 0.087165 0.01 0.01
0 0.353148 0.110694 0.01 0.01
0 0.358442 0.136577 0.01 0.01
0 0.358442 0.151871 0.01 0.01
0 0.336604 0.135400 0.01 0.01
0 0.345207 0.078930 0.01 0.01
0 0.339913 0.085989 0.01 0.01
0 0.330648 0.081283 0.01 0.01
0 0.311457 0.074224 0.01 0.01
0 0.291604 0.083636 0.01 0.01
0 0.300207 0.118930 0.01 0.01
0 0.285648 0.076577 0.01 0.01
0 0.278369 0.083636 0.01 0.01
0 0.265133 0.081283 0.01 0.01
0 0.271751 0.041283 0.01 0.01
0 0.251236 0.073047 0.01 0.01
0 0.230060 0.037753 0.01 0.01
0 0.207560 0.049518 0.01 0.01
0 0.189692 0.043636 0.01 0.01
0 0.179766 0.091871 0.01 0.01
0 0.194324 0.134224 0.01 0.01
0 0.218810 0.094224 0.01 0.01
0 0.215501 0.136577 0.01 0.01
0 0.222780 0.163636 0.01 0.01
0 0.253883 0.153047 0.01 0.01
0 0.270427 0.140106 0.01 0.01
0 0.155280 0.234224 0.01 0.01
0 0.192339 0.263636 0.01 0.01
0 0.194324 0.298930 0.01 0.01
0 0.189692 0.311871 0.01 0.01
0 0.186383 0.338930 0.01 0.01
0 0.202927 0.368341 0.01 0.01
0 0.217486 0.289518 0.01 0.01
0 0.239986 0.273047 0.01 0.01
0 0.304177 0.271871 0.01 0.01
0 0.421971 0.350694 0.01 0.01
0 0.464986 0.317753 0.01 0.01
0 0.474913 0.320106 0.01 0.01
0 0.499398 0.294224 0.01 0.01
0 0.545722 0.307165 0.01 0.01
0 0.564913 0.235400 0.01 0.01
0 0.623148 0.264812 0.01 0.01
0 0.681383 0.354224 0.01 0.01
0 0.676089 0.418930 0.01 0.01
0 0.637045 0.411871 0.01 0.01
0 0.642339 0.375400 0.01 0.01
0 0.658883 0.469518 0.01 0.01
0 0.661530 0.497753 0.01 0.01
0 0.721751 0.556577 0.01 0.01
0 0.819030 0.570694 0.01 0.01
0 0.811751 0.596577 0.01 0.01
0 0.807119 0.480106 0.01 0.01
0 0.836236 0.677753 0.01 0.01
0 0.840207 0.704812 0.01 0.01
0 0.836236 0.731871 0.01 0.01
0 0.836236 0.795400 0.01 0.01
0 0.826310 0.838930 0.01 0.01
0 0.846163 0.878930 0.01 0.01
0 0.832927 0.913047 0.01 0.01
0 0.817045 0.853047 0.01 0.01
0 0.816383 0.861283 0.01 0.01
0 0.804471 0.841283 0.01 0.01
0 0.776677 0.840106 0.01 0.01
0 0.734324 0.865989 0.01 0.01
0 0.733001 0.803636 0.01 0.01
0 0.736971 0.720106 0.01 0.01
0 0.712486 0.705989 0.01 0.01
0 0.712486 0.635400 0.01 0.01
0 0.755501 0.648341 0.01 0.01
0 0.770722 0.633047 0.01 0.01
0 0.772707 0.777753 0.01 0.01
0 0.681383 0.870694 0.01 0.01
0 0.693295 0.858930 0.01 0.01
0 0.672780 0.871871 0.01 0.01
0 0.644986 0.867165 0.01 0.01
0 0.634398 0.876577 0.01 0.01
0 0.601310 0.869518 0.01 0.01
0 0.590721 0.881283 0.01 0.01
0 0.602633 0.913047 0.01 0.01
0 0.607266 0.828341 0.01 0.01
0 0.583442 0.705989 0.01 0.01
0 0.571530 0.665989 0.01 0.01
0 0.584104 0.627165 0.01 0.01
0 0.641016 0.607165 0.01 0.01
0 0.599986 0.537753 0.01 0.01
0 0.588074 0.528342 0.01 0.01
0 0.565574 0.551871 0.01 0.01
0 0.542413 0.494224 0.01 0.01
0 0.516604 0.490694 0.01 0.01
0 0.557633 0.427165 0.01 0.01
0 0.545060 0.396577 0.01 0.01
0 0.534472 0.363636 0.01 0.01
0 0.515280 0.365989 0.01 0.01
0 0.502045 0.360106 0.01 0.01
0 0.482854 0.408342 0.01 0.01
0 0.449766 0.410694 0.01 0.01
0 0.439177 0.468341 0.01 0.01
0 0.367707 0.448341 0.01 0.01
0 0.292927 0.415400 0.01 0.01
0 0.263810 0.396577 0.01 0.01
0 0.218148 0.403636 0.01 0.01
0 0.193001 0.407165 0.01 0.01
0 0.195648 0.420106 0.01 0.01
0 0.191016 0.463636 0.01 0.01
0 0.147339 0.523636 0.01 0.01
0 0.158589 0.534224 0.01 0.01
0 0.197633 0.491871 0.01 0.01
0 0.191677 0.521283 0.01 0.01
0 0.193001 0.538930 0.01 0.01
0 0.192339 0.553047 0.01 0.01
0 0.220795 0.454224 0.01 0.01
0 0.242633 0.462459 0.01 0.01
0 0.234030 0.509518 0.01 0.01
0 0.322707 0.494224 0.01 0.01
0 0.335942 0.525989 0.01 0.01
0 0.327339 0.567165 0.01 0.01
0 0.321383 0.588342 0.01 0.01
0 0.331971 0.633047 0.01 0.01
0 0.303516 0.656577 0.01 0.01
0 0.252560 0.589518 0.01 0.01
0 0.234692 0.657753 0.01 0.01
0 0.216824 0.680106 0.01 0.01
0 0.186383 0.698930 0.01 0.01
0 0.189692 0.677753 0.01 0.01
0 0.192339 0.657753 0.01 0.01
0 0.194986 0.633047 0.01 0.01
0 0.191677 0.618930 0.01 0.01
0 0.194324 0.601283 0.01 0.01
0 0.229398 0.741283 0.01 0.01
0 0.245942 0.715400 0.01 0.01
0 0.241310 0.718930 0.01 0.01
0 0.191677 0.740106 0.01 0.01
0 0.200280 0.790694 0.01 0.01
0 0.195648 0.811871 0.01 0.01
0 0.173148 0.875400 0.01 0.01
0 0.202266 0.831871 0.01 0.01
0 0.213516 0.855400 0.01 0.01
0 0.220795 0.808341 0.01 0.01
0 0.229398 0.796577 0.01 0.01
0 0.251236 0.818930 0.01 0.01
0 0.259177 0.870694 0.01 0.01
0 0.271751 0.874224 0.01 0.01
0 0.281677 0.865989 0.01 0.01
0 0.288295 0.849518 0.01 0.01
0 0.290280 0.928342 0.01 0.01
0 0.314766 0.874224 0.01 0.01
0 0.315427 0.743636 0.01 0.01
0 0.355133 0.761283 0.01 0.01
0 0.393516 0.702459 0.01 0.01
0 0.392192 0.574224 0.01 0.01
0 0.401457 0.602459 0.01 0.01
0 0.418001 0.531871 0.01 0.01
0 0.437192 0.640106 0.01 0.01
0 0.463001 0.617753 0.01 0.01
0 0.472927 0.614224 0.01 0.01
0 0.495427 0.576577 0.01 0.01
0 0.496089 0.537753 0.01 0.01
0 0.507339 0.528342 0.01 0.01
0 0.530501 0.623636 0.01 0.01
0 0.524545 0.670694 0.01 0.01
0 0.516604 0.720106 0.01 0.01
0 0.536457 0.773047 0.01 0.01
0 0.504030 0.784812 0.01 0.01
0 0.498736 0.816577 0.01 0.01
0 0.485501 0.803636 0.01 0.01
0 0.472927 0.807165 0.01 0.01
0 0.437854 0.873047 0.01 0.01
0 0.411383 0.803636 0.01 0.01
0 0.842192 0.827165 0.01 0.01
