0 0.835574 0.838930 0.01 0.01
0 0.813736 0.814224 0.01 0.01
0 0.809766 0.811871 0.01 0.01
0 0.785280 0.798930 0.01 0.01
0 0.821016 0.795400 0.01 0.01
0 0.835574 0.787165 0.01 0.01
0 0.813736 0.765989 0.01 0.01
0 0.824986 0.727165 0.01 0.01
0 0.764766 0.856577 0.01 0.01
0 0.746898 0.858930 0.01 0.01
0 0.716457 0.863636 0.01 0.01
0 0.693957 0.862459 0.01 0.01
0 0.651604 0.861283 0.01 0.01
0 0.641677 0.855400 0.01 0.01
0 0.627780 0.896577 0.01 0.01
0 0.609913 0.894224 0.01 0.01
0 0.616530 0.854224 0.01 0.01
0 0.577486 0.856577 0.01 0.01
0 0.547707 0.875400 0.01 0.01
0 0.502707 0.861283 0.01 0.01
0 0.485501 0.876577 0.01 0.01
0 0.713148 0.797753 0.01 0.01
0 0.748883 0.731871 0.01 0.01
0 0.685354 0.705989 0.01 0.01
0 0.689986 0.695400 0.01 0.01
0 0.697266 0.637753 0.01 0.01
0 0.736971 0.665989 0.01 0.01
0 0.778001 0.658930 0.01 0.01
0 0.770722 0.558930 0.01 0.01
0 0.813074 0.580106 0.01 0.01
0 0.801824 0.555400 0.01 0.01
0 0.803148 0.533047 0.01 0.01
0 0.809104 0.524812 0.01 0.01
0 0.842854 0.545989 0.01 0.01
0 0.846824 0.544812 0.01 0.01
0 0.846824 0.601283 0.01 0.01
0 0.821677 0.470694 0.01 0.01
0 0.813736 0.414224 0.01 0.01
0 0.811089 0.307165 0.01 0.01
0 0.813074 0.280106 0.01 0.01
0 0.817045 0.265989 0.01 0.01
0 0.807119 0.208342 0.01 0.01
0 0.811089 0.183636 0.01 0.01
0 0.819692 0.175400 0.01 0.01
0 0.811089 0.170694 0.01 0.01
0 0.809104 0.145989 0.01 0.01
0 0.813074 0.136577 0.01 0.01
0 0.803148 0.120106 0.01 0.01
0 0.797854 0.105989 0.01 0.01
0 0.801163 0.093047 0.01 0.01
0 0.793883 0.077753 0.01 0.01
0 0.771383 0.104812 0.01 0.01
0 0.765427 0.077753 0.01 0.01
0 0.759472 0.077753 0.01 0.01
0 0.750869 0.071871 0.01 0.01
0 0.747560 0.036577 0.01 0.01
0 0.746236 0.085989 0.01 0.01
0 0.729030 0.073047 0.01 0.01
0 0.725721 0.082459 0.01 0.01
0 0.707192 0.090694 0.01 0.01
0 0.710501 0.070694 0.01 0.01
0 0.699251 0.069518 0.01 0.01
0 0.691310 0.083636 0.01 0.01
0 0.656898 0.076577 0.01 0.01
0 0.658222 0.065989 0.01 0.01
0 0.678074 0.083636 0.01 0.01
0 0.680060 0.160106 0.01 0.01
0 0.707192 0.242459 0.01 0.01
0 0.753516 0.240106 0.01 0.01
0 0.734324 0.357753 0.01 0.01
0 0.672780 0.373047 0.01 0.01
0 0.650280 0.390694 0.01 0.01
0 0.623148 0.410694 0.01 0.01
0 0.671457 0.478930 0.01 0.01
0 0.727707 0.510694 0.01 0.01
0 0.646310 0.502459 0.01 0.01
0 0.617192 0.516577 0.01 0.01
0 0.603957 0.498930 0.01 0.01
0 0.566898 0.622459 0.01 0.01
0 0.556310 0.665989 0.01 0.01
0 0.566236 0.700106 0.01 0.01
0 0.573516 0.773047 0.01 0.01
0 0.526530 0.789518 0.01 0.01
0 0.474913 0.789518 0.01 0.01
0 0.449104 0.794224 0.01 0.01
0 0.443148 0.851871 0.01 0.01
0 0.430574 0.854224 0.01 0.01
0 0.402119 0.858930 0.01 0.01
0 0.408074 0.828341 0.01 0.01
0 0.416677 0.791871 0.01 0.01
0 0.392854 0.756577 0.01 0.01
0 0.455060 0.721283 0.01 0.01
0 0.488810 0.703636 0.01 0.01
0 0.484839 0.651871 0.01 0.01
0 0.519913 0.624812 0.01 0.01
0 0.432560 0.674224 0.01 0.01
0 0.447780 0.643636 0.01 0.01
0 0.457707 0.604812 0.01 0.01
0 0.480207 0.553047 0.01 0.01
0 0.482854 0.524812 0.01 0.01
0 0.452413 0.527165 0.01 0.01
0 0.548369 0.491871 0.01 0.01
0 0.550354 0.448341 0.01 0.01
0 0.564913 0.357753 0.01 0.01
0 0.570869 0.321283 0.01 0.01
0 0.553001 0.333047 0.01 0.01
0 0.537119 0.335400 0.01 0.01
0 0.512633 0.335400 0.01 0.01
0 0.587413 0.250694 0.01 0.01
0 0.607927 0.185989 0.01 0.01
0 0.625133 0.091871 0.01 0.01
0 0.627780 0.071871 0.01 0.01
0 0.607266 0.113047 0.01 0.01
0 0.602633 0.085989 0.01 0.01
0 0.589398 0.087165 0.01 0.01
0 0.579471 0.084812 0.01 0.01
0 0.571530 0.075400 0.01 0.01
0 0.561604 0.071871 0.01 0.01
0 0.575501 0.104812 0.01 0.01
0 0.549030 0.201283 0.01 0.01
0 0.523221 0.228342 0.01 0.01
0 0.511310 0.195400 0.01 0.01
0 0.512633 0.177753 0.01 0.01
0 0.489472 0.190694 0.01 0.01
0 0.470942 0.150694 0.01 0.01
0 0.465648 0.150694 0.01 0.01
0 0.438516 0.165989 0.01 0.01
0 0.476898 0.121283 0.01 0.01
0 0.507339 0.074224 0.01 0.01
0 0.490795 0.071871 0.01 0.01
0 0.459692 0.053047 0.01 0.01
0 0.427927 0.077753 0.01 0.01
0 0.420648 0.065989 0.01 0.01
0 0.400795 0.075400 0.01 0.01
0 0.392854 0.076577 0.01 0.01
0 0.376972 0.075400 0.01 0.01
0 0.373001 0.089518 0.01 0.01
0 0.341236 0.101283 0.01 0.01
0 0.326016 0.067165 0.01 0.01
0 0.319398 0.084812 0.01 0.01
0 0.287633 0.129518 0.01 0.01
0 0.261824 0.071871 0.01 0.01
0 0.253222 0.067165 0.01 0.01
0 0.247927 0.071871 0.01 0.01
0 0.237339 0.073047 0.01 0.01
0 0.234692 0.073047 0.01 0.01
0 0.234030 0.076577 0.01 0.01
0 0.230722 0.084812 0.01 0.01
0 0.226089 0.061283 0.01 0.01
0 0.216163 0.076577 0.01 0.01
0 0.206898 0.088342 0.01 0.01
0 0.186383 0.070694 0.01 0.01
0 0.181751 0.058930 0.01 0.01
0 0.158589 0.075400 0.01 0.01
0 0.142707 0.081283 0.01 0.01
0 0.148001 0.098930 0.01 0.01
0 0.185060 0.108342 0.01 0.01
0 0.183736 0.113047 0.01 0.01
0 0.181751 0.128342 0.01 0.01
0 0.193001 0.109518 0.01 0.01
0 0.183736 0.155400 0.01 0.01
0 0.207560 0.160106 0.01 0.01
0 0.214177 0.154224 0.01 0.01
0 0.218148 0.213047 0.01 0.01
0 0.180427 0.194224 0.01 0.01
0 0.178442 0.243636 0.01 0.01
0 0.181089 0.280106 0.01 0.01
0 0.177780 0.302459 0.01 0.01
0 0.167192 0.320106 0.01 0.01
0 0.198957 0.278930 0.01 0.01
0 0.227413 0.262459 0.01 0.01
0 0.274398 0.253047 0.01 0.01
0 0.357780 0.238930 0.01 0.01
0 0.428589 0.328342 0.01 0.01
0 0.449104 0.318930 0.01 0.01
0 0.461016 0.411871 0.01 0.01
0 0.428589 0.385989 0.01 0.01
0 0.367045 0.420106 0.01 0.01
0 0.421310 0.510694 0.01 0.01
0 0.394839 0.533047 0.01 0.01
0 0.375648 0.563636 0.01 0.01
0 0.393516 0.611871 0.01 0.01
0 0.380280 0.656577 0.01 0.01
0 0.341898 0.641283 0.01 0.01
0 0.343221 0.622459 0.01 0.01
0 0.317413 0.641283 0.01 0.01
0 0.317413 0.574224 0.01 0.01
0 0.307486 0.555400 0.01 0.01
0 0.237339 0.393047 0.01 0.01
0 0.255869 0.340106 0.01 0.01
0 0.232045 0.421283 0.01 0.01
0 0.269766 0.464812 0.01 0.01
0 0.184398 0.395400 0.01 0.01
0 0.180427 0.401283 0.01 0.01
0 0.167192 0.433047 0.01 0.01
0 0.191016 0.447165 0.01 0.01
0 0.134104 0.395400 0.01 0.01
0 0.148663 0.529518 0.01 0.01
0 0.127486 0.669518 0.01 0.01
0 0.173148 0.585989 0.01 0.01
0 0.176457 0.574224 0.01 0.01
0 0.175133 0.534224 0.01 0.01
0 0.201604 0.494224 0.01 0.01
0 0.212192 0.484812 0.01 0.01
0 0.236677 0.575400 0.01 0.01
0 0.206898 0.635400 0.01 0.01
0 0.255207 0.641283 0.01 0.01
0 0.275721 0.637753 0.01 0.01
0 0.265133 0.607165 0.01 0.01
0 0.227413 0.720106 0.01 0.01
0 0.234692 0.711871 0.01 0.01
0 0.173148 0.669518 0.01 0.01
0 0.174472 0.680106 0.01 0.01
0 0.177780 0.694224 0.01 0.01
0 0.172486 0.690694 0.01 0.01
0 0.169177 0.701283 0.01 0.01
0 0.176457 0.718930 0.01 0.01
0 0.173148 0.733047 0.01 0.01
0 0.172486 0.764812 0.01 0.01
0 0.175133 0.781283 0.01 0.01
0 0.169177 0.778930 0.01 0.01
0 0.198957 0.782459 0.01 0.01
0 0.212192 0.788342 0.01 0.01
0 0.233369 0.777753 0.01 0.01
0 0.242633 0.762459 0.01 0.01
0 0.263148 0.768341 0.01 0.01
0 0.270427 0.831871 0.01 0.01
0 0.326677 0.854224 0.01 0.01
0 0.352486 0.858930 0.01 0.01
0 0.275721 0.854224 0.01 0.01
0 0.266457 0.857753 0.01 0.01
0 0.243957 0.850694 0.01 0.01
0 0.227413 0.853047 0.01 0.01
0 0.218810 0.875400 0.01 0.01
0 0.190354 0.913047 0.01 0.01
0 0.157266 0.875400 0.01 0.01
0 0.173810 0.838930 0.01 0.01
0 0.191677 0.828341 0.01 0.01
0 0.208222 0.840106 0.01 0.01
