0 0.448438 0.820833 0.01 0.01
0 0.435937 0.779167 0.01 0.01
0 0.406250 0.738889 0.01 0.01
0 0.478125 0.677778 0.01 0.01
0 0.546875 0.808333 0.01 0.01
0 0.592969 0.859722 0.01 0.01
0 0.714063 0.852778 0.01 0.01
0 0.803906 0.937500 0.01 0.01
0 0.861719 0.866667 0.01 0.01
0 0.869531 0.751389 0.01 0.01
0 0.865625 0.584722 0.01 0.01
0 0.709375 0.591667 0.01 0.01
0 0.668750 0.451389 0.01 0.01
0 0.511719 0.404167 0.01 0.01
0 0.391406 0.526389 0.01 0.01
0 0.229687 0.626389 0.01 0.01
0 0.371875 0.454167 0.01 0.01
0 0.841406 0.388889 0.01 0.01
0 0.864844 0.268056 0.01 0.01
0 0.775000 0.195833 0.01 0.01
0 0.788281 0.061111 0.01 0.01
0 0.682813 0.375000 0.01 0.01
0 0.646094 0.261111 0.01 0.01
0 0.620313 0.365278 0.01 0.01
0 0.277344 0.270833 0.01 0.01
0 0.300000 0.193056 0.01 0.01
0 0.477344 0.041667 0.01 0.01
