0 0.221875 0.100000 0.01 0.01
0 0.231250 0.200000 0.01 0.01
0 0.228125 0.162500 0.01 0.01
0 0.249219 0.141667 0.01 0.01
0 0.275000 0.158333 0.01 0.01
0 0.299219 0.111111 0.01 0.01
0 0.329688 0.115278 0.01 0.01
0 0.351562 0.125000 0.01 0.01
0 0.227344 0.263889 0.01 0.01
0 0.262500 0.256944 0.01 0.01
0 0.225781 0.425000 0.01 0.01
0 0.230469 0.540278 0.01 0.01
0 0.292969 0.504167 0.01 0.01
0 0.418750 0.590278 0.01 0.01
0 0.428906 0.530556 0.01 0.01
0 0.511719 0.423611 0.01 0.01
0 0.543750 0.431944 0.01 0.01
0 0.577344 0.277778 0.01 0.01
0 0.582812 0.240278 0.01 0.01
0 0.562500 0.263889 0.01 0.01
0 0.556250 0.251389 0.01 0.01
0 0.528125 0.269444 0.01 0.01
0 0.533594 0.225000 0.01 0.01
0 0.494531 0.172222 0.01 0.01
0 0.442187 0.270833 0.01 0.01
0 0.516406 0.125000 0.01 0.01
0 0.612500 0.208333 0.01 0.01
0 0.584375 0.072222 0.01 0.01
0 0.650000 0.156944 0.01 0.01
0 0.653125 0.137500 0.01 0.01
0 0.702344 0.105556 0.01 0.01
0 0.723437 0.122222 0.01 0.01
0 0.793750 0.079167 0.01 0.01
0 0.819531 0.127778 0.01 0.01
0 0.836719 0.136111 0.01 0.01
0 0.852344 0.136111 0.01 0.01
0 0.861719 0.194444 0.01 0.01
0 0.861719 0.209722 0.01 0.01
0 0.864844 0.234722 0.01 0.01
0 0.870313 0.256944 0.01 0.01
0 0.863281 0.266667 0.01 0.01
0 0.877344 0.297222 0.01 0.01
0 0.878906 0.379167 0.01 0.01
0 0.725000 0.333333 0.01 0.01
0 0.698438 0.298611 0.01 0.01
0 0.669531 0.301389 0.01 0.01
0 0.615625 0.259722 0.01 0.01
0 0.666406 0.373611 0.01 0.01
0 0.656250 0.458333 0.01 0.01
0 0.660156 0.487500 0.01 0.01
0 0.700000 0.454167 0.01 0.01
0 0.733594 0.555556 0.01 0.01
0 0.766406 0.516667 0.01 0.01
0 0.820312 0.562500 0.01 0.01
0 0.861719 0.611111 0.01 0.01
0 0.864062 0.612500 0.01 0.01
0 0.896094 0.838889 0.01 0.01
0 0.892187 0.895833 0.01 0.01
0 0.855469 0.869444 0.01 0.01
0 0.852344 0.894444 0.01 0.01
0 0.846094 0.883333 0.01 0.01
0 0.863281 0.791667 0.01 0.01
0 0.861719 0.718056 0.01 0.01
0 0.792969 0.837500 0.01 0.01
0 0.790625 0.873611 0.01 0.01
0 0.789062 0.901389 0.01 0.01
0 0.797656 0.926389 0.01 0.01
0 0.785937 0.927778 0.01 0.01
0 0.766406 0.918056 0.01 0.01
0 0.738281 0.888889 0.01 0.01
0 0.729688 0.833333 0.01 0.01
0 0.737500 0.804167 0.01 0.01
0 0.775000 0.791667 0.01 0.01
0 0.742188 0.752778 0.01 0.01
0 0.683594 0.720833 0.01 0.01
0 0.639063 0.701389 0.01 0.01
0 0.627344 0.754167 0.01 0.01
0 0.653906 0.809722 0.01 0.01
0 0.629687 0.902778 0.01 0.01
0 0.553125 0.894444 0.01 0.01
0 0.560156 0.726389 0.01 0.01
0 0.572656 0.675000 0.01 0.01
0 0.621094 0.626389 0.01 0.01
0 0.618750 0.555556 0.01 0.01
0 0.558594 0.601389 0.01 0.01
0 0.525000 0.640278 0.01 0.01
0 0.538281 0.684722 0.01 0.01
0 0.476562 0.772222 0.01 0.01
0 0.443750 0.683333 0.01 0.01
0 0.370313 0.723611 0.01 0.01
0 0.303906 0.762500 0.01 0.01
0 0.344531 0.780556 0.01 0.01
0 0.378906 0.806944 0.01 0.01
0 0.396094 0.836111 0.01 0.01
0 0.450781 0.894444 0.01 0.01
0 0.421094 0.863889 0.01 0.01
0 0.399219 0.902778 0.01 0.01
0 0.378125 0.884722 0.01 0.01
0 0.365625 0.894444 0.01 0.01
0 0.356250 0.894444 0.01 0.01
0 0.321094 0.887500 0.01 0.01
0 0.307031 0.895833 0.01 0.01
0 0.272656 0.894444 0.01 0.01
0 0.255469 0.934722 0.01 0.01
0 0.217187 0.922222 0.01 0.01
0 0.233594 0.865278 0.01 0.01
0 0.228906 0.847222 0.01 0.01
0 0.214062 0.858333 0.01 0.01
0 0.223438 0.833333 0.01 0.01
0 0.222656 0.823611 0.01 0.01
0 0.215625 0.781944 0.01 0.01
0 0.224219 0.740278 0.01 0.01
0 0.241406 0.686111 0.01 0.01
0 0.220313 0.638889 0.01 0.01
0 0.217969 0.797222 0.01 0.01
