0 0.264062 0.216667 0.01 0.01
0 0.293750 0.256944 0.01 0.01
0 0.476562 0.038889 0.01 0.01
0 0.644531 0.256944 0.01 0.01
0 0.620313 0.345833 0.01 0.01
0 0.536719 0.477778 0.01 0.01
0 0.396094 0.516667 0.01 0.01
0 0.371875 0.470833 0.01 0.01
0 0.478906 0.675000 0.01 0.01
0 0.442187 0.805556 0.01 0.01
0 0.440625 0.754167 0.01 0.01
0 0.398438 0.730556 0.01 0.01
0 0.226562 0.619444 0.01 0.01
0 0.446094 0.940278 0.01 0.01
0 0.547656 0.811111 0.01 0.01
0 0.620313 0.852778 0.01 0.01
0 0.707031 0.847222 0.01 0.01
0 0.802344 0.931944 0.01 0.01
0 0.858594 0.861111 0.01 0.01
0 0.870313 0.813889 0.01 0.01
0 0.864062 0.587500 0.01 0.01
0 0.710938 0.619444 0.01 0.01
0 0.670313 0.447222 0.01 0.01
0 0.678125 0.340278 0.01 0.01
0 0.771094 0.198611 0.01 0.01
0 0.863281 0.305556 0.01 0.01
0 0.839844 0.391667 0.01 0.01
0 0.715625 0.195833 0.01 0.01
0 0.787500 0.056944 0.01 0.01
