0 0.742188 0.090278 0.01 0.01
0 0.767969 0.068056 0.01 0.01
0 0.792188 0.072222 0.01 0.01
0 0.815625 0.075000 0.01 0.01
0 0.819531 0.055556 0.01 0.01
0 0.831250 0.080556 0.01 0.01
0 0.871094 0.147222 0.01 0.01
0 0.842188 0.109722 0.01 0.01
0 0.817187 0.156944 0.01 0.01
0 0.868750 0.172222 0.01 0.01
0 0.881250 0.194444 0.01 0.01
0 0.868750 0.218056 0.01 0.01
0 0.798437 0.295833 0.01 0.01
0 0.845312 0.337500 0.01 0.01
0 0.863281 0.388889 0.01 0.01
0 0.773438 0.456944 0.01 0.01
0 0.825781 0.497222 0.01 0.01
0 0.864062 0.477778 0.01 0.01
0 0.862500 0.576389 0.01 0.01
0 0.619531 0.113889 0.01 0.01
0 0.585938 0.077778 0.01 0.01
0 0.530469 0.069444 0.01 0.01
0 0.499219 0.068056 0.01 0.01
0 0.413281 0.061111 0.01 0.01
0 0.402344 0.102778 0.01 0.01
0 0.403906 0.062500 0.01 0.01
0 0.303125 0.061111 0.01 0.01
0 0.289844 0.062500 0.01 0.01
0 0.271094 0.016667 0.01 0.01
0 0.222656 0.109722 0.01 0.01
0 0.216406 0.118056 0.01 0.01
0 0.217187 0.137500 0.01 0.01
0 0.366406 0.205556 0.01 0.01
0 0.485156 0.200000 0.01 0.01
0 0.492188 0.240278 0.01 0.01
0 0.512500 0.269444 0.01 0.01
0 0.521094 0.293056 0.01 0.01
0 0.567187 0.220833 0.01 0.01
0 0.587500 0.240278 0.01 0.01
0 0.599219 0.229167 0.01 0.01
0 0.632031 0.316667 0.01 0.01
0 0.611719 0.340278 0.01 0.01
0 0.601562 0.333333 0.01 0.01
0 0.576563 0.373611 0.01 0.01
0 0.639063 0.391667 0.01 0.01
0 0.492969 0.331944 0.01 0.01
0 0.360156 0.463889 0.01 0.01
0 0.294531 0.391667 0.01 0.01
0 0.213281 0.452778 0.01 0.01
0 0.444531 0.555556 0.01 0.01
0 0.540625 0.527778 0.01 0.01
0 0.576563 0.472222 0.01 0.01
0 0.603906 0.570833 0.01 0.01
0 0.625781 0.601389 0.01 0.01
0 0.720312 0.594444 0.01 0.01
0 0.734375 0.661111 0.01 0.01
0 0.632812 0.663889 0.01 0.01
0 0.623438 0.647222 0.01 0.01
0 0.583594 0.633333 0.01 0.01
0 0.607813 0.702778 0.01 0.01
0 0.618750 0.712500 0.01 0.01
0 0.625781 0.761111 0.01 0.01
0 0.653125 0.741667 0.01 0.01
0 0.647656 0.840278 0.01 0.01
0 0.629687 0.873611 0.01 0.01
0 0.542188 0.819444 0.01 0.01
0 0.520312 0.826389 0.01 0.01
0 0.512500 0.840278 0.01 0.01
0 0.517187 0.865278 0.01 0.01
0 0.507031 0.863889 0.01 0.01
0 0.482812 0.866667 0.01 0.01
0 0.442969 0.870833 0.01 0.01
0 0.494531 0.681944 0.01 0.01
0 0.403125 0.661111 0.01 0.01
0 0.389062 0.680556 0.01 0.01
0 0.380469 0.783333 0.01 0.01
0 0.392188 0.820833 0.01 0.01
0 0.360938 0.859722 0.01 0.01
0 0.354688 0.795833 0.01 0.01
0 0.335938 0.859722 0.01 0.01
0 0.345313 0.677778 0.01 0.01
0 0.317969 0.758333 0.01 0.01
0 0.292969 0.847222 0.01 0.01
0 0.271875 0.852778 0.01 0.01
0 0.267188 0.859722 0.01 0.01
0 0.257812 0.858333 0.01 0.01
0 0.241406 0.819444 0.01 0.01
0 0.207031 0.791667 0.01 0.01
0 0.209375 0.783333 0.01 0.01
0 0.207813 0.775000 0.01 0.01
0 0.207031 0.751389 0.01 0.01
0 0.202344 0.729167 0.01 0.01
0 0.201562 0.711111 0.01 0.01
0 0.209375 0.651389 0.01 0.01
0 0.232812 0.661111 0.01 0.01
0 0.246875 0.713889 0.01 0.01
0 0.289062 0.729167 0.01 0.01
0 0.664844 0.876389 0.01 0.01
0 0.708594 0.858333 0.01 0.01
0 0.736719 0.869444 0.01 0.01
0 0.749219 0.886111 0.01 0.01
0 0.800000 0.897222 0.01 0.01
0 0.815625 0.937500 0.01 0.01
0 0.815625 0.877778 0.01 0.01
0 0.856250 0.788889 0.01 0.01
0 0.878125 0.738889 0.01 0.01
0 0.885938 0.718056 0.01 0.01
0 0.846875 0.675000 0.01 0.01
0 0.751562 0.750000 0.01 0.01
0 0.742188 0.777778 0.01 0.01
0 0.714844 0.786111 0.01 0.01
0 0.713281 0.715278 0.01 0.01
