0 0.131250 0.077778 0.01 0.01
0 0.292969 0.177778 0.01 0.01
0 0.439063 0.287500 0.01 0.01
0 0.407031 0.319444 0.01 0.01
0 0.642187 0.086111 0.01 0.01
0 0.785156 0.020833 0.01 0.01
0 0.779688 0.029167 0.01 0.01
0 0.800000 0.094444 0.01 0.01
0 0.814062 0.170833 0.01 0.01
0 0.835938 0.284722 0.01 0.01
0 0.757031 0.368056 0.01 0.01
0 0.700000 0.218056 0.01 0.01
0 0.591406 0.201389 0.01 0.01
0 0.345313 0.540278 0.01 0.01
0 0.460156 0.622222 0.01 0.01
0 0.618750 0.591667 0.01 0.01
0 0.715625 0.454167 0.01 0.01
0 0.815625 0.458333 0.01 0.01
0 0.238281 0.741667 0.01 0.01
0 0.376563 0.740278 0.01 0.01
0 0.507031 0.811111 0.01 0.01
0 0.482812 0.658333 0.01 0.01
0 0.226562 0.879167 0.01 0.01
0 0.557813 0.926389 0.01 0.01
0 0.583594 0.936111 0.01 0.01
0 0.801562 0.841667 0.01 0.01
0 0.855469 0.862500 0.01 0.01
0 0.859375 0.811111 0.01 0.01
0 0.858594 0.551389 0.01 0.01
0 0.864844 0.158333 0.01 0.01
0 0.853125 0.106944 0.01 0.01
