0 0.212854 0.663636 0.01 0.01
0 0.298883 0.263636 0.01 0.01
0 0.292927 0.230694 0.01 0.01
0 0.404104 0.075400 0.01 0.01
0 0.430574 0.083636 0.01 0.01
0 0.511972 0.055400 0.01 0.01
0 0.651604 0.194224 0.01 0.01
0 0.615207 0.149518 0.01 0.01
0 0.776016 0.171871 0.01 0.01
0 0.768074 0.187165 0.01 0.01
0 0.782633 0.081283 0.01 0.01
0 0.856089 0.203636 0.01 0.01
0 0.826972 0.356577 0.01 0.01
0 0.702560 0.461283 0.01 0.01
0 0.717119 0.500106 0.01 0.01
0 0.658883 0.551871 0.01 0.01
0 0.851457 0.588342 0.01 0.01
0 0.855427 0.687165 0.01 0.01
0 0.846824 0.873047 0.01 0.01
0 0.841530 0.893047 0.01 0.01
0 0.747560 0.850694 0.01 0.01
0 0.518589 0.915400 0.01 0.01
0 0.537780 0.816577 0.01 0.01
0 0.451089 0.803636 0.01 0.01
0 0.471604 0.684812 0.01 0.01
0 0.374324 0.553047 0.01 0.01
0 0.378957 0.410694 0.01 0.01
0 0.389545 0.745989 0.01 0.01
0 0.386236 0.881283 0.01 0.01
0 0.457707 0.951871 0.01 0.01
0 0.656898 0.340106 0.01 0.01
