0 0.806457 0.931871 0.01 0.01
0 0.810427 0.878930 0.01 0.01
0 0.817707 0.856577 0.01 0.01
0 0.821677 0.854224 0.01 0.01
0 0.825648 0.850694 0.01 0.01
0 0.856751 0.822459 0.01 0.01
0 0.838222 0.798930 0.01 0.01
0 0.834913 0.790694 0.01 0.01
0 0.853442 0.780106 0.01 0.01
0 0.834251 0.745989 0.01 0.01
0 0.809104 0.816577 0.01 0.01
0 0.777339 0.827165 0.01 0.01
0 0.756824 0.808341 0.01 0.01
0 0.737633 0.825989 0.01 0.01
0 0.733663 0.884812 0.01 0.01
0 0.718442 0.890694 0.01 0.01
0 0.836898 0.697753 0.01 0.01
0 0.833589 0.663636 0.01 0.01
0 0.868663 0.650694 0.01 0.01
0 0.804471 0.623636 0.01 0.01
0 0.817045 0.583636 0.01 0.01
0 0.795869 0.548342 0.01 0.01
0 0.792560 0.554224 0.01 0.01
0 0.764766 0.701283 0.01 0.01
0 0.736310 0.747165 0.01 0.01
0 0.733001 0.710694 0.01 0.01
0 0.746236 0.654224 0.01 0.01
0 0.709839 0.668342 0.01 0.01
0 0.706530 0.729518 0.01 0.01
0 0.675427 0.891871 0.01 0.01
0 0.665501 0.891871 0.01 0.01
0 0.640354 0.891871 0.01 0.01
0 0.626457 0.890694 0.01 0.01
0 0.616530 0.893047 0.01 0.01
0 0.608589 0.937753 0.01 0.01
0 0.583442 0.898930 0.01 0.01
0 0.635060 0.840106 0.01 0.01
0 0.644986 0.789518 0.01 0.01
0 0.689986 0.596577 0.01 0.01
0 0.640354 0.625989 0.01 0.01
0 0.651604 0.558930 0.01 0.01
0 0.659545 0.516577 0.01 0.01
0 0.676089 0.437753 0.01 0.01
0 0.671457 0.417753 0.01 0.01
0 0.637045 0.436577 0.01 0.01
0 0.825648 0.468341 0.01 0.01
0 0.819030 0.415400 0.01 0.01
0 0.760795 0.382459 0.01 0.01
0 0.866016 0.389518 0.01 0.01
0 0.868663 0.328342 0.01 0.01
0 0.830942 0.323636 0.01 0.01
0 0.836236 0.261283 0.01 0.01
0 0.834251 0.253047 0.01 0.01
0 0.833589 0.228342 0.01 0.01
0 0.829619 0.240106 0.01 0.01
0 0.847486 0.125989 0.01 0.01
0 0.826310 0.144812 0.01 0.01
0 0.830942 0.110694 0.01 0.01
0 0.813074 0.128342 0.01 0.01
0 0.810427 0.110694 0.01 0.01
0 0.803810 0.108342 0.01 0.01
0 0.785280 0.098930 0.01 0.01
0 0.787266 0.101283 0.01 0.01
0 0.779986 0.091871 0.01 0.01
0 0.770722 0.090694 0.01 0.01
0 0.774030 0.211871 0.01 0.01
0 0.755501 0.165989 0.01 0.01
0 0.744913 0.225989 0.01 0.01
0 0.686677 0.222459 0.01 0.01
0 0.664177 0.255400 0.01 0.01
0 0.653589 0.344812 0.01 0.01
0 0.674766 0.370694 0.01 0.01
0 0.617192 0.276577 0.01 0.01
0 0.619839 0.202459 0.01 0.01
0 0.618516 0.097753 0.01 0.01
0 0.610574 0.097753 0.01 0.01
0 0.601972 0.093047 0.01 0.01
0 0.693957 0.145989 0.01 0.01
0 0.688663 0.108342 0.01 0.01
0 0.683369 0.093047 0.01 0.01
0 0.701898 0.069518 0.01 0.01
0 0.713810 0.096577 0.01 0.01
0 0.719766 0.082459 0.01 0.01
0 0.724398 0.077753 0.01 0.01
0 0.737633 0.096577 0.01 0.01
0 0.565574 0.163636 0.01 0.01
0 0.535795 0.094224 0.01 0.01
0 0.521236 0.091871 0.01 0.01
0 0.491457 0.091871 0.01 0.01
0 0.483516 0.077753 0.01 0.01
0 0.495427 0.057753 0.01 0.01
0 0.474913 0.098930 0.01 0.01
0 0.492119 0.136577 0.01 0.01
0 0.525207 0.169518 0.01 0.01
0 0.504692 0.197753 0.01 0.01
0 0.550354 0.191871 0.01 0.01
0 0.560942 0.277753 0.01 0.01
0 0.542413 0.317753 0.01 0.01
0 0.598663 0.643636 0.01 0.01
0 0.578810 0.735400 0.01 0.01
0 0.566236 0.681283 0.01 0.01
0 0.548369 0.623636 0.01 0.01
0 0.536457 0.647165 0.01 0.01
0 0.545060 0.570694 0.01 0.01
0 0.561604 0.569518 0.01 0.01
0 0.571530 0.585989 0.01 0.01
0 0.579471 0.557753 0.01 0.01
0 0.568883 0.529518 0.01 0.01
0 0.537119 0.449518 0.01 0.01
0 0.529177 0.414224 0.01 0.01
0 0.528516 0.384812 0.01 0.01
0 0.511310 0.428342 0.01 0.01
0 0.487486 0.417753 0.01 0.01
0 0.500722 0.397753 0.01 0.01
0 0.486824 0.374224 0.01 0.01
0 0.466310 0.308342 0.01 0.01
0 0.494766 0.310694 0.01 0.01
0 0.490133 0.478930 0.01 0.01
0 0.506677 0.549518 0.01 0.01
0 0.511972 0.563636 0.01 0.01
0 0.490795 0.561283 0.01 0.01
0 0.489472 0.587165 0.01 0.01
0 0.471604 0.634224 0.01 0.01
0 0.455722 0.640106 0.01 0.01
0 0.504692 0.736577 0.01 0.01
0 0.506677 0.782459 0.01 0.01
0 0.494104 0.757753 0.01 0.01
0 0.481530 0.765989 0.01 0.01
0 0.480207 0.824812 0.01 0.01
0 0.499398 0.850694 0.01 0.01
0 0.413369 0.775400 0.01 0.01
0 0.421310 0.718930 0.01 0.01
0 0.421310 0.698930 0.01 0.01
0 0.431898 0.697753 0.01 0.01
0 0.400795 0.795400 0.01 0.01
0 0.368369 0.908341 0.01 0.01
0 0.353148 0.890694 0.01 0.01
0 0.349839 0.871871 0.01 0.01
0 0.312780 0.940106 0.01 0.01
0 0.303516 0.903636 0.01 0.01
0 0.281016 0.908341 0.01 0.01
0 0.292927 0.887165 0.01 0.01
0 0.278369 0.875400 0.01 0.01
0 0.273736 0.855400 0.01 0.01
0 0.255207 0.891871 0.01 0.01
0 0.241972 0.884812 0.01 0.01
0 0.244619 0.843636 0.01 0.01
0 0.220133 0.820106 0.01 0.01
0 0.214177 0.838930 0.01 0.01
0 0.203589 0.830694 0.01 0.01
0 0.192339 0.834224 0.01 0.01
0 0.189030 0.838930 0.01 0.01
0 0.191016 0.858930 0.01 0.01
0 0.208883 0.868342 0.01 0.01
0 0.183074 0.909518 0.01 0.01
0 0.173810 0.773047 0.01 0.01
0 0.189030 0.756577 0.01 0.01
0 0.183736 0.743636 0.01 0.01
0 0.185722 0.733047 0.01 0.01
0 0.220133 0.769518 0.01 0.01
0 0.229398 0.778930 0.01 0.01
0 0.242633 0.753047 0.01 0.01
0 0.234030 0.737753 0.01 0.01
0 0.183736 0.681283 0.01 0.01
0 0.191016 0.641283 0.01 0.01
0 0.185722 0.640106 0.01 0.01
0 0.183074 0.627165 0.01 0.01
0 0.183074 0.610694 0.01 0.01
0 0.230722 0.657753 0.01 0.01
0 0.245942 0.605989 0.01 0.01
0 0.183074 0.577753 0.01 0.01
0 0.143369 0.515400 0.01 0.01
0 0.184398 0.547165 0.01 0.01
0 0.183736 0.534224 0.01 0.01
0 0.190354 0.514224 0.01 0.01
0 0.154619 0.478930 0.01 0.01
0 0.187707 0.473047 0.01 0.01
0 0.193663 0.433047 0.01 0.01
0 0.189692 0.433047 0.01 0.01
0 0.189692 0.425989 0.01 0.01
0 0.185722 0.417753 0.01 0.01
0 0.191016 0.404812 0.01 0.01
0 0.167192 0.429518 0.01 0.01
0 0.179766 0.395400 0.01 0.01
0 0.215501 0.414224 0.01 0.01
0 0.234692 0.476577 0.01 0.01
0 0.234030 0.438930 0.01 0.01
0 0.265133 0.551871 0.01 0.01
0 0.298222 0.680106 0.01 0.01
0 0.335942 0.718930 0.01 0.01
0 0.324692 0.647165 0.01 0.01
0 0.314766 0.605989 0.01 0.01
0 0.324692 0.591871 0.01 0.01
0 0.369692 0.610694 0.01 0.01
0 0.396824 0.610694 0.01 0.01
0 0.388222 0.588342 0.01 0.01
0 0.434545 0.541283 0.01 0.01
0 0.432560 0.483636 0.01 0.01
0 0.440501 0.415400 0.01 0.01
0 0.404104 0.414224 0.01 0.01
0 0.333295 0.484812 0.01 0.01
0 0.303516 0.509518 0.01 0.01
0 0.296236 0.437753 0.01 0.01
0 0.214177 0.295400 0.01 0.01
0 0.277707 0.325989 0.01 0.01
0 0.291604 0.289518 0.01 0.01
0 0.255869 0.297753 0.01 0.01
0 0.187707 0.309518 0.01 0.01
0 0.185722 0.282459 0.01 0.01
0 0.185722 0.238930 0.01 0.01
0 0.183736 0.168342 0.01 0.01
0 0.181089 0.160106 0.01 0.01
0 0.191016 0.160106 0.01 0.01
0 0.165869 0.103636 0.01 0.01
0 0.198295 0.062459 0.01 0.01
0 0.201604 0.051871 0.01 0.01
0 0.207560 0.102459 0.01 0.01
0 0.204251 0.128342 0.01 0.01
0 0.194324 0.117753 0.01 0.01
0 0.209545 0.147165 0.01 0.01
0 0.221457 0.138930 0.01 0.01
0 0.230060 0.101283 0.01 0.01
0 0.247266 0.091871 0.01 0.01
0 0.260501 0.065989 0.01 0.01
0 0.282339 0.051871 0.01 0.01
0 0.284324 0.090694 0.01 0.01
0 0.275721 0.087165 0.01 0.01
0 0.271751 0.089518 0.01 0.01
0 0.279692 0.107165 0.01 0.01
0 0.264472 0.117753 0.01 0.01
0 0.253222 0.168342 0.01 0.01
0 0.294913 0.227165 0.01 0.01
0 0.359104 0.227165 0.01 0.01
0 0.361751 0.184812 0.01 0.01
0 0.358442 0.162459 0.01 0.01
0 0.354472 0.137753 0.01 0.01
0 0.345869 0.129518 0.01 0.01
0 0.335942 0.151871 0.01 0.01
0 0.300869 0.140106 0.01 0.01
0 0.304177 0.122459 0.01 0.01
0 0.322707 0.093047 0.01 0.01
0 0.313442 0.096577 0.01 0.01
0 0.365722 0.108342 0.01 0.01
0 0.383589 0.094224 0.01 0.01
0 0.410721 0.101283 0.01 0.01
0 0.434545 0.181283 0.01 0.01
0 0.437192 0.210694 0.01 0.01
0 0.450427 0.154224 0.01 0.01
0 0.429913 0.093047 0.01 0.01
