0 0.255469 0.033333 0.01 0.01
0 0.276563 0.081944 0.01 0.01
0 0.217969 0.118056 0.01 0.01
0 0.209375 0.138889 0.01 0.01
0 0.206250 0.154167 0.01 0.01
0 0.198437 0.290278 0.01 0.01
0 0.235156 0.448611 0.01 0.01
0 0.235156 0.463889 0.01 0.01
0 0.327344 0.543056 0.01 0.01
0 0.435156 0.556944 0.01 0.01
0 0.534375 0.525000 0.01 0.01
0 0.494531 0.395833 0.01 0.01
0 0.540625 0.363889 0.01 0.01
0 0.530469 0.347222 0.01 0.01
0 0.481250 0.311111 0.01 0.01
0 0.356250 0.227778 0.01 0.01
0 0.347656 0.077778 0.01 0.01
0 0.313281 0.115278 0.01 0.01
0 0.449219 0.202778 0.01 0.01
0 0.423438 0.086111 0.01 0.01
0 0.434375 0.100000 0.01 0.01
0 0.447656 0.122222 0.01 0.01
0 0.460938 0.083333 0.01 0.01
0 0.523438 0.091667 0.01 0.01
0 0.596875 0.083333 0.01 0.01
0 0.669531 0.088889 0.01 0.01
0 0.768750 0.086111 0.01 0.01
0 0.779688 0.069444 0.01 0.01
0 0.807813 0.091667 0.01 0.01
0 0.846094 0.109722 0.01 0.01
0 0.846094 0.122222 0.01 0.01
0 0.860156 0.184722 0.01 0.01
0 0.880469 0.179167 0.01 0.01
0 0.796094 0.181944 0.01 0.01
0 0.782031 0.198611 0.01 0.01
0 0.710156 0.147222 0.01 0.01
0 0.618750 0.180556 0.01 0.01
0 0.587500 0.258333 0.01 0.01
0 0.562500 0.291667 0.01 0.01
0 0.573438 0.250000 0.01 0.01
0 0.560156 0.230556 0.01 0.01
0 0.566406 0.363889 0.01 0.01
0 0.621094 0.347222 0.01 0.01
0 0.619531 0.418056 0.01 0.01
0 0.771875 0.318056 0.01 0.01
0 0.855469 0.413889 0.01 0.01
0 0.822656 0.443056 0.01 0.01
0 0.846875 0.505556 0.01 0.01
0 0.767187 0.516667 0.01 0.01
0 0.763281 0.536111 0.01 0.01
0 0.710156 0.533333 0.01 0.01
0 0.856250 0.601389 0.01 0.01
0 0.600000 0.504167 0.01 0.01
0 0.591406 0.544444 0.01 0.01
0 0.882031 0.690278 0.01 0.01
0 0.868750 0.697222 0.01 0.01
0 0.826563 0.701389 0.01 0.01
0 0.851562 0.820833 0.01 0.01
0 0.797656 0.918056 0.01 0.01
0 0.781250 0.909722 0.01 0.01
0 0.785156 0.901389 0.01 0.01
0 0.776563 0.831944 0.01 0.01
0 0.751562 0.787500 0.01 0.01
0 0.715625 0.904167 0.01 0.01
0 0.696094 0.877778 0.01 0.01
0 0.689062 0.795833 0.01 0.01
0 0.692187 0.744444 0.01 0.01
0 0.691406 0.690278 0.01 0.01
0 0.712500 0.659722 0.01 0.01
0 0.659375 0.688889 0.01 0.01
0 0.648438 0.781944 0.01 0.01
0 0.616406 0.786111 0.01 0.01
0 0.610156 0.872222 0.01 0.01
0 0.646094 0.906944 0.01 0.01
0 0.576563 0.894444 0.01 0.01
0 0.543750 0.848611 0.01 0.01
0 0.531250 0.836111 0.01 0.01
0 0.523438 0.861111 0.01 0.01
0 0.509375 0.881944 0.01 0.01
0 0.492969 0.894444 0.01 0.01
0 0.477344 0.891667 0.01 0.01
0 0.455469 0.902778 0.01 0.01
0 0.460156 0.811111 0.01 0.01
0 0.504687 0.791667 0.01 0.01
0 0.600781 0.744444 0.01 0.01
0 0.604688 0.722222 0.01 0.01
0 0.634375 0.669444 0.01 0.01
0 0.613281 0.625000 0.01 0.01
0 0.580469 0.654167 0.01 0.01
0 0.425781 0.731944 0.01 0.01
0 0.402344 0.681944 0.01 0.01
0 0.424219 0.629167 0.01 0.01
0 0.448438 0.587500 0.01 0.01
0 0.465625 0.661111 0.01 0.01
0 0.396094 0.802778 0.01 0.01
0 0.439844 0.887500 0.01 0.01
0 0.357812 0.881944 0.01 0.01
0 0.342969 0.884722 0.01 0.01
0 0.342969 0.825000 0.01 0.01
0 0.307031 0.883333 0.01 0.01
0 0.280469 0.888889 0.01 0.01
0 0.279687 0.873611 0.01 0.01
0 0.267969 0.883333 0.01 0.01
0 0.223438 0.866667 0.01 0.01
0 0.202344 0.816667 0.01 0.01
0 0.196875 0.805556 0.01 0.01
0 0.193750 0.784722 0.01 0.01
0 0.187500 0.750000 0.01 0.01
0 0.215625 0.709722 0.01 0.01
0 0.218750 0.793056 0.01 0.01
0 0.275000 0.747222 0.01 0.01
0 0.301562 0.779167 0.01 0.01
0 0.316406 0.705556 0.01 0.01
0 0.200781 0.673611 0.01 0.01
0 0.206250 0.666667 0.01 0.01
0 0.204688 0.648611 0.01 0.01
