0 0.785280 0.061283 0.01 0.01
0 0.756824 0.211871 0.01 0.01
0 0.701236 0.182459 0.01 0.01
0 0.668148 0.321283 0.01 0.01
0 0.637045 0.280106 0.01 0.01
0 0.616530 0.335400 0.01 0.01
0 0.584104 0.496577 0.01 0.01
0 0.668810 0.444812 0.01 0.01
0 0.701236 0.633047 0.01 0.01
0 0.799839 0.928342 0.01 0.01
0 0.858074 0.858930 0.01 0.01
0 0.866016 0.843636 0.01 0.01
0 0.861383 0.591871 0.01 0.01
0 0.838222 0.391871 0.01 0.01
0 0.862045 0.304812 0.01 0.01
0 0.478222 0.681283 0.01 0.01
0 0.546383 0.815400 0.01 0.01
0 0.698589 0.844812 0.01 0.01
0 0.650280 0.855400 0.01 0.01
0 0.439839 0.933047 0.01 0.01
0 0.441824 0.810694 0.01 0.01
0 0.449104 0.709518 0.01 0.01
0 0.397486 0.729518 0.01 0.01
0 0.396163 0.504812 0.01 0.01
0 0.375648 0.478930 0.01 0.01
0 0.285648 0.327165 0.01 0.01
0 0.293589 0.229518 0.01 0.01
0 0.272413 0.136577 0.01 0.01
0 0.468957 0.038930 0.01 0.01
