0 0.825781 0.337500 0.01 0.01
0 0.821094 0.275000 0.01 0.01
0 0.753125 0.308333 0.01 0.01
0 0.729688 0.338889 0.01 0.01
0 0.829687 0.220833 0.01 0.01
0 0.825000 0.175000 0.01 0.01
0 0.808594 0.169444 0.01 0.01
0 0.825000 0.156944 0.01 0.01
0 0.826563 0.134722 0.01 0.01
0 0.821094 0.111111 0.01 0.01
0 0.817969 0.102778 0.01 0.01
0 0.817969 0.100000 0.01 0.01
0 0.814844 0.083333 0.01 0.01
0 0.804688 0.073611 0.01 0.01
0 0.802344 0.066667 0.01 0.01
0 0.807031 0.048611 0.01 0.01
0 0.825781 0.051389 0.01 0.01
0 0.778125 0.059722 0.01 0.01
0 0.764063 0.051389 0.01 0.01
0 0.758594 0.047222 0.01 0.01
0 0.746875 0.040278 0.01 0.01
0 0.729688 0.043056 0.01 0.01
0 0.720312 0.052778 0.01 0.01
0 0.719531 0.044444 0.01 0.01
0 0.700781 0.047222 0.01 0.01
0 0.690625 0.043056 0.01 0.01
0 0.678906 0.041667 0.01 0.01
0 0.670313 0.047222 0.01 0.01
0 0.652344 0.043056 0.01 0.01
0 0.646094 0.043056 0.01 0.01
0 0.586719 0.054167 0.01 0.01
0 0.583594 0.068056 0.01 0.01
0 0.559375 0.086111 0.01 0.01
0 0.521875 0.083333 0.01 0.01
0 0.535937 0.040278 0.01 0.01
0 0.519531 0.040278 0.01 0.01
0 0.503906 0.040278 0.01 0.01
0 0.482812 0.031944 0.01 0.01
0 0.439063 0.044444 0.01 0.01
0 0.432031 0.037500 0.01 0.01
0 0.428125 0.030556 0.01 0.01
0 0.416406 0.043056 0.01 0.01
0 0.392188 0.040278 0.01 0.01
0 0.366406 0.043056 0.01 0.01
0 0.350000 0.043056 0.01 0.01
0 0.340625 0.037500 0.01 0.01
0 0.328906 0.059722 0.01 0.01
0 0.321875 0.150000 0.01 0.01
0 0.365625 0.094444 0.01 0.01
0 0.443750 0.112500 0.01 0.01
0 0.467187 0.094444 0.01 0.01
0 0.493750 0.158333 0.01 0.01
0 0.521875 0.188889 0.01 0.01
0 0.564062 0.130556 0.01 0.01
0 0.606250 0.115278 0.01 0.01
0 0.596875 0.097222 0.01 0.01
0 0.677344 0.094444 0.01 0.01
0 0.664844 0.066667 0.01 0.01
0 0.693750 0.113889 0.01 0.01
0 0.611719 0.198611 0.01 0.01
0 0.589844 0.225000 0.01 0.01
0 0.578906 0.208333 0.01 0.01
0 0.514844 0.304167 0.01 0.01
0 0.492188 0.275000 0.01 0.01
0 0.505469 0.241667 0.01 0.01
0 0.482812 0.209722 0.01 0.01
0 0.421094 0.240278 0.01 0.01
0 0.346875 0.276389 0.01 0.01
0 0.349219 0.340278 0.01 0.01
0 0.396094 0.351389 0.01 0.01
0 0.410156 0.329167 0.01 0.01
0 0.364062 0.426389 0.01 0.01
0 0.415625 0.425000 0.01 0.01
0 0.438281 0.427778 0.01 0.01
0 0.469531 0.373611 0.01 0.01
0 0.471875 0.350000 0.01 0.01
0 0.572656 0.325000 0.01 0.01
0 0.601562 0.430556 0.01 0.01
0 0.633594 0.377778 0.01 0.01
0 0.658594 0.387500 0.01 0.01
0 0.657031 0.363889 0.01 0.01
0 0.653125 0.305556 0.01 0.01
0 0.648438 0.450000 0.01 0.01
0 0.853125 0.447222 0.01 0.01
0 0.845312 0.443056 0.01 0.01
0 0.799219 0.481944 0.01 0.01
0 0.811719 0.490278 0.01 0.01
0 0.823438 0.518056 0.01 0.01
0 0.821875 0.529167 0.01 0.01
0 0.821875 0.550000 0.01 0.01
0 0.773438 0.562500 0.01 0.01
0 0.859375 0.651389 0.01 0.01
0 0.826563 0.668056 0.01 0.01
0 0.771094 0.683333 0.01 0.01
0 0.755469 0.702778 0.01 0.01
0 0.857813 0.711111 0.01 0.01
0 0.826563 0.701389 0.01 0.01
0 0.840625 0.750000 0.01 0.01
0 0.828125 0.758333 0.01 0.01
0 0.809375 0.781944 0.01 0.01
0 0.811719 0.790278 0.01 0.01
0 0.815625 0.802778 0.01 0.01
0 0.820312 0.813889 0.01 0.01
0 0.847656 0.809722 0.01 0.01
0 0.817187 0.861111 0.01 0.01
0 0.773438 0.825000 0.01 0.01
0 0.764063 0.830556 0.01 0.01
0 0.732813 0.819444 0.01 0.01
0 0.719531 0.833333 0.01 0.01
0 0.693750 0.829167 0.01 0.01
0 0.685938 0.831944 0.01 0.01
0 0.644531 0.780556 0.01 0.01
0 0.612500 0.827778 0.01 0.01
0 0.581250 0.826389 0.01 0.01
0 0.567187 0.775000 0.01 0.01
0 0.581250 0.744444 0.01 0.01
0 0.601562 0.763889 0.01 0.01
0 0.624219 0.679167 0.01 0.01
0 0.573438 0.668056 0.01 0.01
0 0.564844 0.640278 0.01 0.01
0 0.575000 0.588889 0.01 0.01
0 0.645312 0.534722 0.01 0.01
0 0.681250 0.534722 0.01 0.01
0 0.697656 0.668056 0.01 0.01
0 0.653906 0.470833 0.01 0.01
0 0.538281 0.502778 0.01 0.01
0 0.489062 0.529167 0.01 0.01
0 0.482031 0.513889 0.01 0.01
0 0.471875 0.512500 0.01 0.01
0 0.451562 0.536111 0.01 0.01
0 0.426562 0.573611 0.01 0.01
0 0.467187 0.575000 0.01 0.01
0 0.507031 0.609722 0.01 0.01
0 0.517969 0.665278 0.01 0.01
0 0.464063 0.688889 0.01 0.01
0 0.431250 0.700000 0.01 0.01
0 0.450781 0.759722 0.01 0.01
0 0.455469 0.826389 0.01 0.01
0 0.464063 0.825000 0.01 0.01
0 0.481250 0.856944 0.01 0.01
0 0.491406 0.825000 0.01 0.01
0 0.519531 0.843056 0.01 0.01
0 0.505469 0.800000 0.01 0.01
0 0.489062 0.795833 0.01 0.01
0 0.424219 0.806944 0.01 0.01
0 0.391406 0.802778 0.01 0.01
0 0.287500 0.825000 0.01 0.01
0 0.275000 0.802778 0.01 0.01
0 0.260938 0.827778 0.01 0.01
0 0.257031 0.820833 0.01 0.01
0 0.227344 0.837500 0.01 0.01
0 0.222656 0.843056 0.01 0.01
0 0.219531 0.804167 0.01 0.01
0 0.203906 0.816667 0.01 0.01
0 0.207031 0.800000 0.01 0.01
0 0.200781 0.795833 0.01 0.01
0 0.195312 0.804167 0.01 0.01
0 0.192969 0.781944 0.01 0.01
0 0.204688 0.748611 0.01 0.01
0 0.182812 0.740278 0.01 0.01
0 0.171094 0.763889 0.01 0.01
0 0.135156 0.733333 0.01 0.01
0 0.141406 0.831944 0.01 0.01
0 0.171875 0.843056 0.01 0.01
0 0.178125 0.809722 0.01 0.01
0 0.220313 0.756944 0.01 0.01
0 0.240625 0.745833 0.01 0.01
0 0.253125 0.726389 0.01 0.01
0 0.257812 0.718056 0.01 0.01
0 0.235938 0.691667 0.01 0.01
0 0.246094 0.688889 0.01 0.01
0 0.190625 0.706944 0.01 0.01
0 0.189063 0.659722 0.01 0.01
0 0.185156 0.634722 0.01 0.01
0 0.185937 0.616667 0.01 0.01
0 0.182031 0.601389 0.01 0.01
0 0.182031 0.591667 0.01 0.01
0 0.160156 0.586111 0.01 0.01
0 0.171875 0.568056 0.01 0.01
0 0.187500 0.554167 0.01 0.01
0 0.215625 0.494444 0.01 0.01
0 0.246875 0.547222 0.01 0.01
0 0.273438 0.581944 0.01 0.01
0 0.278906 0.593056 0.01 0.01
0 0.284375 0.631944 0.01 0.01
0 0.288281 0.652778 0.01 0.01
0 0.325781 0.687500 0.01 0.01
0 0.355469 0.666667 0.01 0.01
0 0.346875 0.595833 0.01 0.01
0 0.370313 0.554167 0.01 0.01
0 0.314063 0.518056 0.01 0.01
0 0.184375 0.473611 0.01 0.01
0 0.189063 0.454167 0.01 0.01
0 0.172656 0.390278 0.01 0.01
0 0.189063 0.372222 0.01 0.01
0 0.185937 0.329167 0.01 0.01
0 0.246875 0.358333 0.01 0.01
0 0.257031 0.416667 0.01 0.01
0 0.267969 0.418056 0.01 0.01
0 0.278906 0.244444 0.01 0.01
0 0.178125 0.288889 0.01 0.01
0 0.168750 0.273611 0.01 0.01
0 0.186719 0.276389 0.01 0.01
0 0.190625 0.252778 0.01 0.01
0 0.206250 0.245833 0.01 0.01
0 0.187500 0.229167 0.01 0.01
0 0.206250 0.212500 0.01 0.01
0 0.216406 0.122222 0.01 0.01
0 0.205469 0.113889 0.01 0.01
0 0.194531 0.101389 0.01 0.01
0 0.178125 0.126389 0.01 0.01
0 0.156250 0.113889 0.01 0.01
0 0.148438 0.073611 0.01 0.01
0 0.171094 0.036111 0.01 0.01
0 0.176563 0.072222 0.01 0.01
0 0.183594 0.072222 0.01 0.01
0 0.196094 0.051389 0.01 0.01
0 0.207031 0.069444 0.01 0.01
0 0.197656 0.091667 0.01 0.01
0 0.208594 0.088889 0.01 0.01
0 0.214062 0.058333 0.01 0.01
0 0.226562 0.052778 0.01 0.01
0 0.239063 0.047222 0.01 0.01
0 0.237500 0.040278 0.01 0.01
0 0.234375 0.031944 0.01 0.01
0 0.250781 0.043056 0.01 0.01
0 0.250781 0.056944 0.01 0.01
0 0.268750 0.072222 0.01 0.01
0 0.271094 0.047222 0.01 0.01
0 0.226562 0.101389 0.01 0.01
0 0.193750 0.075000 0.01 0.01
