0 0.782031 0.029167 0.01 0.01
0 0.804688 0.077778 0.01 0.01
0 0.793750 0.158333 0.01 0.01
0 0.857031 0.112500 0.01 0.01
0 0.864844 0.165278 0.01 0.01
0 0.834375 0.255556 0.01 0.01
0 0.700781 0.152778 0.01 0.01
0 0.644531 0.072222 0.01 0.01
0 0.475781 0.325000 0.01 0.01
0 0.414062 0.327778 0.01 0.01
0 0.725000 0.433333 0.01 0.01
0 0.753906 0.402778 0.01 0.01
0 0.820312 0.469444 0.01 0.01
0 0.861719 0.547222 0.01 0.01
0 0.621875 0.561111 0.01 0.01
0 0.792969 0.831944 0.01 0.01
0 0.854688 0.859722 0.01 0.01
0 0.859375 0.804167 0.01 0.01
0 0.580469 0.927778 0.01 0.01
0 0.564062 0.894444 0.01 0.01
0 0.513281 0.802778 0.01 0.01
0 0.480469 0.715278 0.01 0.01
0 0.444531 0.658333 0.01 0.01
0 0.385156 0.720833 0.01 0.01
0 0.358594 0.551389 0.01 0.01
0 0.235156 0.726389 0.01 0.01
0 0.299219 0.173611 0.01 0.01
0 0.135937 0.068056 0.01 0.01
