0 0.861383 0.470694 0.01 0.01
0 0.856089 0.462459 0.01 0.01
0 0.831604 0.381283 0.01 0.01
0 0.795207 0.368341 0.01 0.01
0 0.826972 0.295400 0.01 0.01
0 0.852119 0.248342 0.01 0.01
0 0.744913 0.245989 0.01 0.01
0 0.807119 0.195400 0.01 0.01
0 0.831604 0.181283 0.01 0.01
0 0.827633 0.176577 0.01 0.01
0 0.831604 0.165989 0.01 0.01
0 0.834251 0.147165 0.01 0.01
0 0.836898 0.125989 0.01 0.01
0 0.837560 0.077753 0.01 0.01
0 0.825648 0.135400 0.01 0.01
0 0.820354 0.110694 0.01 0.01
0 0.822339 0.098930 0.01 0.01
0 0.815722 0.103636 0.01 0.01
0 0.788589 0.074224 0.01 0.01
0 0.771383 0.076577 0.01 0.01
0 0.764766 0.068342 0.01 0.01
0 0.742266 0.054224 0.01 0.01
0 0.736310 0.057753 0.01 0.01
0 0.725060 0.065989 0.01 0.01
0 0.715133 0.062459 0.01 0.01
0 0.703883 0.071871 0.01 0.01
0 0.688001 0.068342 0.01 0.01
0 0.672780 0.065989 0.01 0.01
0 0.660869 0.063636 0.01 0.01
0 0.650942 0.054224 0.01 0.01
0 0.670133 0.045989 0.01 0.01
0 0.602633 0.073047 0.01 0.01
0 0.591383 0.070694 0.01 0.01
0 0.590060 0.074224 0.01 0.01
0 0.588074 0.082459 0.01 0.01
0 0.572854 0.083636 0.01 0.01
0 0.617192 0.153047 0.01 0.01
0 0.654251 0.116577 0.01 0.01
0 0.700574 0.137753 0.01 0.01
0 0.727707 0.115400 0.01 0.01
0 0.755501 0.105989 0.01 0.01
0 0.792560 0.496577 0.01 0.01
0 0.821016 0.556577 0.01 0.01
0 0.824324 0.567165 0.01 0.01
0 0.828295 0.560106 0.01 0.01
0 0.811089 0.573047 0.01 0.01
0 0.829619 0.590694 0.01 0.01
0 0.829619 0.633047 0.01 0.01
0 0.830280 0.714224 0.01 0.01
0 0.836236 0.720106 0.01 0.01
0 0.834913 0.730694 0.01 0.01
0 0.866016 0.745989 0.01 0.01
0 0.865354 0.789518 0.01 0.01
0 0.848148 0.840106 0.01 0.01
0 0.838222 0.840106 0.01 0.01
0 0.832927 0.789518 0.01 0.01
0 0.811089 0.814224 0.01 0.01
0 0.803810 0.841283 0.01 0.01
0 0.813074 0.851871 0.01 0.01
0 0.810427 0.897753 0.01 0.01
0 0.774692 0.851871 0.01 0.01
0 0.760795 0.849518 0.01 0.01
0 0.740942 0.853047 0.01 0.01
0 0.711163 0.865989 0.01 0.01
0 0.706530 0.851871 0.01 0.01
0 0.738295 0.713047 0.01 0.01
0 0.778663 0.711871 0.01 0.01
0 0.703883 0.690694 0.01 0.01
0 0.680060 0.647165 0.01 0.01
0 0.639692 0.643636 0.01 0.01
0 0.641677 0.561283 0.01 0.01
0 0.650942 0.525989 0.01 0.01
0 0.659545 0.489518 0.01 0.01
0 0.689986 0.431871 0.01 0.01
0 0.609913 0.847165 0.01 0.01
0 0.586089 0.853047 0.01 0.01
0 0.588074 0.814224 0.01 0.01
0 0.583442 0.767165 0.01 0.01
0 0.557633 0.803636 0.01 0.01
0 0.605942 0.777753 0.01 0.01
0 0.635060 0.791871 0.01 0.01
0 0.575501 0.688341 0.01 0.01
0 0.571530 0.664812 0.01 0.01
0 0.580133 0.616577 0.01 0.01
0 0.591383 0.590694 0.01 0.01
0 0.546383 0.530694 0.01 0.01
0 0.605942 0.453047 0.01 0.01
0 0.639030 0.401283 0.01 0.01
0 0.650280 0.393047 0.01 0.01
0 0.664177 0.380106 0.01 0.01
0 0.640354 0.358930 0.01 0.01
0 0.594692 0.256577 0.01 0.01
0 0.587413 0.231871 0.01 0.01
0 0.562927 0.296577 0.01 0.01
0 0.557633 0.318930 0.01 0.01
0 0.582780 0.353047 0.01 0.01
0 0.568222 0.153047 0.01 0.01
0 0.538442 0.160106 0.01 0.01
0 0.499398 0.182459 0.01 0.01
0 0.474913 0.178930 0.01 0.01
0 0.500722 0.135400 0.01 0.01
0 0.459030 0.123636 0.01 0.01
0 0.465648 0.096577 0.01 0.01
0 0.490133 0.061283 0.01 0.01
0 0.524545 0.062459 0.01 0.01
0 0.543736 0.061283 0.01 0.01
0 0.511310 0.345989 0.01 0.01
0 0.510648 0.333047 0.01 0.01
0 0.511310 0.264812 0.01 0.01
0 0.427266 0.287165 0.01 0.01
0 0.407413 0.224812 0.01 0.01
0 0.380942 0.316577 0.01 0.01
0 0.451089 0.051871 0.01 0.01
0 0.437192 0.073047 0.01 0.01
0 0.429251 0.070694 0.01 0.01
0 0.401457 0.094224 0.01 0.01
0 0.396163 0.058930 0.01 0.01
0 0.371677 0.063636 0.01 0.01
0 0.353810 0.065989 0.01 0.01
0 0.333295 0.081283 0.01 0.01
0 0.324692 0.053047 0.01 0.01
0 0.354472 0.131871 0.01 0.01
0 0.361089 0.144812 0.01 0.01
0 0.306824 0.265989 0.01 0.01
0 0.292927 0.233047 0.01 0.01
0 0.247266 0.257753 0.01 0.01
0 0.236016 0.223636 0.01 0.01
0 0.263148 0.090694 0.01 0.01
0 0.267119 0.053047 0.01 0.01
0 0.261824 0.062459 0.01 0.01
0 0.247927 0.062459 0.01 0.01
0 0.236677 0.049518 0.01 0.01
0 0.191016 0.050694 0.01 0.01
0 0.172486 0.040106 0.01 0.01
0 0.212192 0.068342 0.01 0.01
0 0.221457 0.081283 0.01 0.01
0 0.220795 0.071871 0.01 0.01
0 0.211530 0.075400 0.01 0.01
0 0.216824 0.091871 0.01 0.01
0 0.211530 0.087165 0.01 0.01
0 0.206236 0.084812 0.01 0.01
0 0.208883 0.100106 0.01 0.01
0 0.206236 0.100106 0.01 0.01
0 0.200280 0.113047 0.01 0.01
0 0.193663 0.105989 0.01 0.01
0 0.200280 0.135400 0.01 0.01
0 0.210869 0.138930 0.01 0.01
0 0.220795 0.143636 0.01 0.01
0 0.174472 0.161283 0.01 0.01
0 0.171163 0.138930 0.01 0.01
0 0.180427 0.121283 0.01 0.01
0 0.199619 0.218930 0.01 0.01
0 0.193663 0.250694 0.01 0.01
0 0.193663 0.271871 0.01 0.01
0 0.194324 0.287165 0.01 0.01
0 0.182413 0.301283 0.01 0.01
0 0.175795 0.303636 0.01 0.01
0 0.193663 0.387165 0.01 0.01
0 0.193001 0.404812 0.01 0.01
0 0.187707 0.401283 0.01 0.01
0 0.175795 0.391871 0.01 0.01
0 0.248589 0.375400 0.01 0.01
0 0.265795 0.440106 0.01 0.01
0 0.343221 0.416577 0.01 0.01
0 0.269766 0.462459 0.01 0.01
0 0.424619 0.388342 0.01 0.01
0 0.483516 0.375400 0.01 0.01
0 0.472927 0.397753 0.01 0.01
0 0.475574 0.440106 0.01 0.01
0 0.531163 0.436577 0.01 0.01
0 0.447119 0.443636 0.01 0.01
0 0.454398 0.405989 0.01 0.01
0 0.193001 0.474224 0.01 0.01
0 0.194986 0.525989 0.01 0.01
0 0.193663 0.585989 0.01 0.01
0 0.189030 0.622459 0.01 0.01
0 0.184398 0.625989 0.01 0.01
0 0.175133 0.608342 0.01 0.01
0 0.144692 0.560106 0.01 0.01
0 0.158589 0.634224 0.01 0.01
0 0.168516 0.673047 0.01 0.01
0 0.191677 0.647165 0.01 0.01
0 0.192339 0.675400 0.01 0.01
0 0.189030 0.716577 0.01 0.01
0 0.139398 0.776577 0.01 0.01
0 0.134766 0.814224 0.01 0.01
0 0.185722 0.776577 0.01 0.01
0 0.190354 0.781283 0.01 0.01
0 0.196310 0.793047 0.01 0.01
0 0.197633 0.804812 0.01 0.01
0 0.195648 0.810694 0.01 0.01
0 0.181751 0.808341 0.01 0.01
0 0.177119 0.858930 0.01 0.01
0 0.191016 0.862459 0.01 0.01
0 0.193001 0.883636 0.01 0.01
0 0.203589 0.835400 0.01 0.01
0 0.208883 0.830694 0.01 0.01
0 0.204251 0.816577 0.01 0.01
0 0.222780 0.827165 0.01 0.01
0 0.220795 0.807165 0.01 0.01
0 0.228736 0.875400 0.01 0.01
0 0.234030 0.845989 0.01 0.01
0 0.259839 0.844812 0.01 0.01
0 0.264472 0.841283 0.01 0.01
0 0.243295 0.765989 0.01 0.01
0 0.212854 0.761283 0.01 0.01
0 0.238663 0.717753 0.01 0.01
0 0.247927 0.713047 0.01 0.01
0 0.257854 0.745989 0.01 0.01
0 0.296236 0.717753 0.01 0.01
0 0.296898 0.702459 0.01 0.01
0 0.328001 0.710694 0.01 0.01
0 0.335280 0.849518 0.01 0.01
0 0.394177 0.822459 0.01 0.01
0 0.412045 0.825989 0.01 0.01
0 0.424619 0.827165 0.01 0.01
0 0.451089 0.856577 0.01 0.01
0 0.473589 0.844812 0.01 0.01
0 0.492119 0.849518 0.01 0.01
0 0.516604 0.838930 0.01 0.01
0 0.524545 0.837753 0.01 0.01
0 0.521898 0.736577 0.01 0.01
0 0.472927 0.733047 0.01 0.01
0 0.468957 0.710694 0.01 0.01
0 0.511310 0.654224 0.01 0.01
0 0.492119 0.571871 0.01 0.01
0 0.492780 0.557753 0.01 0.01
0 0.480207 0.553047 0.01 0.01
0 0.464324 0.601283 0.01 0.01
0 0.451751 0.585989 0.01 0.01
0 0.434545 0.600106 0.01 0.01
0 0.373001 0.575400 0.01 0.01
0 0.350501 0.620106 0.01 0.01
0 0.318736 0.541283 0.01 0.01
0 0.252560 0.568341 0.01 0.01
0 0.252560 0.618930 0.01 0.01
0 0.278369 0.600106 0.01 0.01
0 0.288957 0.611871 0.01 0.01
0 0.288957 0.661283 0.01 0.01
