0 0.844531 0.088889 0.01 0.01
0 0.844531 0.112500 0.01 0.01
0 0.826563 0.130556 0.01 0.01
0 0.823438 0.119444 0.01 0.01
0 0.810938 0.095833 0.01 0.01
0 0.807031 0.094444 0.01 0.01
0 0.798437 0.115278 0.01 0.01
0 0.785156 0.080556 0.01 0.01
0 0.778125 0.081944 0.01 0.01
0 0.770312 0.081944 0.01 0.01
0 0.768750 0.095833 0.01 0.01
0 0.753125 0.080556 0.01 0.01
0 0.741406 0.077778 0.01 0.01
0 0.721094 0.083333 0.01 0.01
0 0.714063 0.058333 0.01 0.01
0 0.703906 0.061111 0.01 0.01
0 0.703125 0.088889 0.01 0.01
0 0.698438 0.079167 0.01 0.01
0 0.689844 0.088889 0.01 0.01
0 0.674219 0.075000 0.01 0.01
0 0.657031 0.083333 0.01 0.01
0 0.653906 0.068056 0.01 0.01
0 0.604688 0.091667 0.01 0.01
0 0.593750 0.080556 0.01 0.01
0 0.584375 0.095833 0.01 0.01
0 0.572656 0.101389 0.01 0.01
0 0.559375 0.075000 0.01 0.01
0 0.528906 0.075000 0.01 0.01
0 0.488281 0.086111 0.01 0.01
0 0.492969 0.072222 0.01 0.01
0 0.467187 0.066667 0.01 0.01
0 0.437500 0.087500 0.01 0.01
0 0.431250 0.083333 0.01 0.01
0 0.392969 0.069444 0.01 0.01
0 0.372656 0.081944 0.01 0.01
0 0.375000 0.120833 0.01 0.01
0 0.389844 0.133333 0.01 0.01
0 0.339063 0.098611 0.01 0.01
0 0.340625 0.077778 0.01 0.01
0 0.402344 0.220833 0.01 0.01
0 0.462500 0.137500 0.01 0.01
0 0.482812 0.159722 0.01 0.01
0 0.484375 0.176389 0.01 0.01
0 0.501562 0.201389 0.01 0.01
0 0.532812 0.137500 0.01 0.01
0 0.569531 0.173611 0.01 0.01
0 0.621875 0.170833 0.01 0.01
0 0.632031 0.175000 0.01 0.01
0 0.650781 0.133333 0.01 0.01
0 0.679688 0.150000 0.01 0.01
0 0.735937 0.179167 0.01 0.01
0 0.753125 0.138889 0.01 0.01
0 0.833594 0.137500 0.01 0.01
0 0.845312 0.159722 0.01 0.01
0 0.836719 0.162500 0.01 0.01
0 0.841406 0.181944 0.01 0.01
0 0.808594 0.213889 0.01 0.01
0 0.857031 0.261111 0.01 0.01
0 0.835156 0.277778 0.01 0.01
0 0.832031 0.313889 0.01 0.01
0 0.648438 0.233333 0.01 0.01
0 0.593750 0.251389 0.01 0.01
0 0.560156 0.312500 0.01 0.01
0 0.513281 0.287500 0.01 0.01
0 0.490625 0.336111 0.01 0.01
0 0.429688 0.309722 0.01 0.01
0 0.428125 0.412500 0.01 0.01
0 0.411719 0.476389 0.01 0.01
0 0.446875 0.423611 0.01 0.01
0 0.456250 0.395833 0.01 0.01
0 0.478125 0.413889 0.01 0.01
0 0.491406 0.393056 0.01 0.01
0 0.512500 0.372222 0.01 0.01
0 0.519531 0.369444 0.01 0.01
0 0.584375 0.363889 0.01 0.01
0 0.612500 0.472222 0.01 0.01
0 0.643750 0.418056 0.01 0.01
0 0.648438 0.419444 0.01 0.01
0 0.653125 0.416667 0.01 0.01
0 0.668750 0.397222 0.01 0.01
0 0.807031 0.379167 0.01 0.01
0 0.837500 0.419444 0.01 0.01
0 0.867188 0.461111 0.01 0.01
0 0.859375 0.476389 0.01 0.01
0 0.796094 0.512500 0.01 0.01
0 0.717188 0.470833 0.01 0.01
0 0.716406 0.552778 0.01 0.01
0 0.664062 0.511111 0.01 0.01
0 0.655469 0.612500 0.01 0.01
0 0.621875 0.570833 0.01 0.01
0 0.540625 0.555556 0.01 0.01
0 0.496094 0.575000 0.01 0.01
0 0.484375 0.568056 0.01 0.01
0 0.431250 0.493056 0.01 0.01
0 0.435937 0.619444 0.01 0.01
0 0.467969 0.619444 0.01 0.01
0 0.378906 0.595833 0.01 0.01
0 0.353906 0.638889 0.01 0.01
0 0.427344 0.697222 0.01 0.01
0 0.512500 0.686111 0.01 0.01
0 0.514063 0.631944 0.01 0.01
0 0.560938 0.629167 0.01 0.01
0 0.575781 0.684722 0.01 0.01
0 0.579687 0.712500 0.01 0.01
0 0.586719 0.787500 0.01 0.01
0 0.596875 0.791667 0.01 0.01
0 0.618750 0.762500 0.01 0.01
0 0.683594 0.781944 0.01 0.01
0 0.764063 0.719444 0.01 0.01
0 0.822656 0.700000 0.01 0.01
0 0.835156 0.651389 0.01 0.01
0 0.833594 0.609722 0.01 0.01
0 0.821094 0.600000 0.01 0.01
0 0.828125 0.584722 0.01 0.01
0 0.835938 0.738889 0.01 0.01
0 0.833594 0.812500 0.01 0.01
0 0.872656 0.813889 0.01 0.01
0 0.867188 0.865278 0.01 0.01
0 0.839844 0.852778 0.01 0.01
0 0.825781 0.902778 0.01 0.01
0 0.802344 0.923611 0.01 0.01
0 0.813281 0.870833 0.01 0.01
0 0.809375 0.859722 0.01 0.01
0 0.289062 0.068056 0.01 0.01
0 0.276563 0.079167 0.01 0.01
0 0.265625 0.083333 0.01 0.01
0 0.252344 0.079167 0.01 0.01
0 0.247656 0.080556 0.01 0.01
0 0.247656 0.095833 0.01 0.01
0 0.235938 0.083333 0.01 0.01
0 0.225781 0.095833 0.01 0.01
0 0.221875 0.115278 0.01 0.01
0 0.219531 0.102778 0.01 0.01
0 0.220313 0.091667 0.01 0.01
0 0.202344 0.086111 0.01 0.01
0 0.202344 0.059722 0.01 0.01
0 0.212500 0.036111 0.01 0.01
0 0.209375 0.137500 0.01 0.01
0 0.210938 0.126389 0.01 0.01
0 0.204688 0.127778 0.01 0.01
0 0.202344 0.140278 0.01 0.01
0 0.200781 0.148611 0.01 0.01
0 0.200781 0.154167 0.01 0.01
0 0.191406 0.134722 0.01 0.01
0 0.189844 0.143056 0.01 0.01
0 0.214062 0.152778 0.01 0.01
0 0.225000 0.165278 0.01 0.01
0 0.200000 0.205556 0.01 0.01
0 0.173438 0.191667 0.01 0.01
0 0.168750 0.181944 0.01 0.01
0 0.194531 0.169444 0.01 0.01
0 0.198437 0.236111 0.01 0.01
0 0.196875 0.244444 0.01 0.01
0 0.196875 0.268056 0.01 0.01
0 0.196875 0.290278 0.01 0.01
0 0.173438 0.318056 0.01 0.01
0 0.187500 0.313889 0.01 0.01
0 0.193750 0.345833 0.01 0.01
0 0.194531 0.402778 0.01 0.01
0 0.197656 0.416667 0.01 0.01
0 0.178125 0.383333 0.01 0.01
0 0.182812 0.444444 0.01 0.01
0 0.195312 0.494444 0.01 0.01
0 0.237500 0.423611 0.01 0.01
0 0.269531 0.352778 0.01 0.01
0 0.317187 0.358333 0.01 0.01
0 0.283594 0.322222 0.01 0.01
0 0.273438 0.229167 0.01 0.01
0 0.387500 0.290278 0.01 0.01
0 0.284375 0.513889 0.01 0.01
0 0.325000 0.554167 0.01 0.01
0 0.279687 0.619444 0.01 0.01
0 0.254687 0.584722 0.01 0.01
0 0.194531 0.523611 0.01 0.01
0 0.195312 0.606944 0.01 0.01
0 0.144531 0.631944 0.01 0.01
0 0.169531 0.691667 0.01 0.01
0 0.189063 0.661111 0.01 0.01
0 0.190625 0.677778 0.01 0.01
0 0.196094 0.698611 0.01 0.01
0 0.192188 0.706944 0.01 0.01
0 0.150781 0.738889 0.01 0.01
0 0.139844 0.812500 0.01 0.01
0 0.147656 0.788889 0.01 0.01
0 0.155469 0.788889 0.01 0.01
0 0.182031 0.762500 0.01 0.01
0 0.191406 0.773611 0.01 0.01
0 0.191406 0.788889 0.01 0.01
0 0.194531 0.820833 0.01 0.01
0 0.200000 0.830556 0.01 0.01
0 0.190625 0.848611 0.01 0.01
0 0.182031 0.883333 0.01 0.01
0 0.175781 0.901389 0.01 0.01
0 0.211719 0.905556 0.01 0.01
0 0.204688 0.872222 0.01 0.01
0 0.216406 0.845833 0.01 0.01
0 0.225781 0.847222 0.01 0.01
0 0.238281 0.870833 0.01 0.01
0 0.244531 0.868056 0.01 0.01
0 0.276563 0.891667 0.01 0.01
0 0.273438 0.863889 0.01 0.01
0 0.280469 0.868056 0.01 0.01
0 0.290625 0.869444 0.01 0.01
0 0.247656 0.786111 0.01 0.01
0 0.241406 0.731944 0.01 0.01
0 0.250000 0.734722 0.01 0.01
0 0.257812 0.751389 0.01 0.01
0 0.265625 0.731944 0.01 0.01
0 0.272656 0.713889 0.01 0.01
0 0.228125 0.679167 0.01 0.01
0 0.236719 0.590278 0.01 0.01
0 0.268750 0.647222 0.01 0.01
0 0.290625 0.650000 0.01 0.01
0 0.333594 0.730556 0.01 0.01
0 0.367188 0.866667 0.01 0.01
0 0.368750 0.905556 0.01 0.01
0 0.370313 0.936111 0.01 0.01
0 0.383594 0.865278 0.01 0.01
0 0.398438 0.843056 0.01 0.01
0 0.426562 0.855556 0.01 0.01
0 0.464063 0.870833 0.01 0.01
0 0.478906 0.866667 0.01 0.01
0 0.495313 0.868056 0.01 0.01
0 0.530469 0.869444 0.01 0.01
0 0.577344 0.879167 0.01 0.01
0 0.589063 0.869444 0.01 0.01
0 0.597656 0.837500 0.01 0.01
0 0.567187 0.845833 0.01 0.01
0 0.528906 0.830556 0.01 0.01
0 0.517187 0.820833 0.01 0.01
0 0.537500 0.777778 0.01 0.01
0 0.780469 0.876389 0.01 0.01
0 0.764844 0.868056 0.01 0.01
0 0.753125 0.880556 0.01 0.01
0 0.723437 0.829167 0.01 0.01
0 0.782031 0.855556 0.01 0.01
