0 0.131250 0.073611 0.01 0.01
0 0.292188 0.179167 0.01 0.01
0 0.241406 0.884722 0.01 0.01
0 0.232812 0.738889 0.01 0.01
0 0.348437 0.538889 0.01 0.01
0 0.376563 0.736111 0.01 0.01
0 0.438281 0.665278 0.01 0.01
0 0.477344 0.687500 0.01 0.01
0 0.507812 0.813889 0.01 0.01
0 0.557813 0.908333 0.01 0.01
0 0.581250 0.933333 0.01 0.01
0 0.616406 0.580556 0.01 0.01
0 0.796875 0.837500 0.01 0.01
0 0.850000 0.861111 0.01 0.01
0 0.854688 0.808333 0.01 0.01
0 0.878906 0.586111 0.01 0.01
0 0.856250 0.551389 0.01 0.01
0 0.814062 0.468056 0.01 0.01
0 0.718750 0.443056 0.01 0.01
0 0.750781 0.384722 0.01 0.01
0 0.832812 0.262500 0.01 0.01
0 0.859375 0.163889 0.01 0.01
0 0.852344 0.109722 0.01 0.01
0 0.800000 0.081944 0.01 0.01
0 0.778906 0.030556 0.01 0.01
0 0.800781 0.168056 0.01 0.01
0 0.702344 0.183333 0.01 0.01
0 0.642969 0.083333 0.01 0.01
0 0.593750 0.202778 0.01 0.01
0 0.451562 0.313889 0.01 0.01
0 0.408594 0.331944 0.01 0.01
