0 0.276563 0.159722 0.01 0.01
0 0.230469 0.265278 0.01 0.01
0 0.230469 0.208333 0.01 0.01
0 0.230469 0.165278 0.01 0.01
0 0.250781 0.143056 0.01 0.01
0 0.224219 0.098611 0.01 0.01
0 0.302344 0.113889 0.01 0.01
0 0.334375 0.116667 0.01 0.01
0 0.349219 0.122222 0.01 0.01
0 0.226562 0.427778 0.01 0.01
0 0.233594 0.540278 0.01 0.01
0 0.296875 0.505556 0.01 0.01
0 0.421094 0.588889 0.01 0.01
0 0.428125 0.530556 0.01 0.01
0 0.540625 0.434722 0.01 0.01
0 0.514844 0.423611 0.01 0.01
0 0.446094 0.276389 0.01 0.01
0 0.494531 0.175000 0.01 0.01
0 0.520312 0.126389 0.01 0.01
0 0.582031 0.073611 0.01 0.01
0 0.615625 0.208333 0.01 0.01
0 0.614844 0.263889 0.01 0.01
0 0.578125 0.280556 0.01 0.01
0 0.584375 0.244444 0.01 0.01
0 0.562500 0.266667 0.01 0.01
0 0.558594 0.252778 0.01 0.01
0 0.532812 0.269444 0.01 0.01
0 0.533594 0.229167 0.01 0.01
0 0.653125 0.156944 0.01 0.01
0 0.654688 0.137500 0.01 0.01
0 0.707031 0.108333 0.01 0.01
0 0.723437 0.125000 0.01 0.01
0 0.795313 0.079167 0.01 0.01
0 0.820312 0.130556 0.01 0.01
0 0.836719 0.136111 0.01 0.01
0 0.855469 0.136111 0.01 0.01
0 0.861719 0.195833 0.01 0.01
0 0.861719 0.212500 0.01 0.01
0 0.866406 0.236111 0.01 0.01
0 0.863281 0.266667 0.01 0.01
0 0.874219 0.258333 0.01 0.01
0 0.878125 0.295833 0.01 0.01
0 0.878906 0.381944 0.01 0.01
0 0.726562 0.330556 0.01 0.01
0 0.700781 0.294444 0.01 0.01
0 0.664844 0.383333 0.01 0.01
0 0.656250 0.456944 0.01 0.01
0 0.661719 0.491667 0.01 0.01
0 0.700781 0.455556 0.01 0.01
0 0.663281 0.426389 0.01 0.01
0 0.654688 0.809722 0.01 0.01
0 0.632812 0.895833 0.01 0.01
0 0.632812 0.947222 0.01 0.01
0 0.628125 0.762500 0.01 0.01
0 0.642187 0.698611 0.01 0.01
0 0.621875 0.631944 0.01 0.01
0 0.617188 0.561111 0.01 0.01
0 0.736719 0.565278 0.01 0.01
0 0.768750 0.515278 0.01 0.01
0 0.820312 0.563889 0.01 0.01
0 0.860156 0.611111 0.01 0.01
0 0.864844 0.609722 0.01 0.01
0 0.861719 0.722222 0.01 0.01
0 0.861719 0.800000 0.01 0.01
0 0.894531 0.847222 0.01 0.01
0 0.894531 0.900000 0.01 0.01
0 0.853906 0.894444 0.01 0.01
0 0.856250 0.870833 0.01 0.01
0 0.847656 0.886111 0.01 0.01
0 0.798437 0.925000 0.01 0.01
0 0.784375 0.925000 0.01 0.01
0 0.766406 0.919444 0.01 0.01
0 0.740625 0.894444 0.01 0.01
0 0.730469 0.838889 0.01 0.01
0 0.738281 0.809722 0.01 0.01
0 0.742969 0.750000 0.01 0.01
0 0.775781 0.795833 0.01 0.01
0 0.791406 0.841667 0.01 0.01
0 0.789844 0.872222 0.01 0.01
0 0.790625 0.904167 0.01 0.01
0 0.685938 0.723611 0.01 0.01
0 0.565625 0.730556 0.01 0.01
0 0.573438 0.680556 0.01 0.01
0 0.559375 0.605556 0.01 0.01
0 0.539062 0.684722 0.01 0.01
0 0.531250 0.673611 0.01 0.01
0 0.522656 0.643056 0.01 0.01
0 0.528125 0.563889 0.01 0.01
0 0.553125 0.897222 0.01 0.01
0 0.473437 0.768056 0.01 0.01
0 0.446875 0.684722 0.01 0.01
0 0.449219 0.894444 0.01 0.01
0 0.421875 0.863889 0.01 0.01
0 0.400781 0.902778 0.01 0.01
0 0.378906 0.886111 0.01 0.01
0 0.367969 0.895833 0.01 0.01
0 0.355469 0.895833 0.01 0.01
0 0.396094 0.838889 0.01 0.01
0 0.379687 0.805556 0.01 0.01
0 0.376563 0.715278 0.01 0.01
0 0.346094 0.784722 0.01 0.01
0 0.301562 0.762500 0.01 0.01
0 0.322656 0.887500 0.01 0.01
0 0.306250 0.894444 0.01 0.01
0 0.274219 0.894444 0.01 0.01
0 0.257812 0.934722 0.01 0.01
0 0.217187 0.926389 0.01 0.01
0 0.216406 0.858333 0.01 0.01
0 0.235938 0.865278 0.01 0.01
0 0.232812 0.847222 0.01 0.01
0 0.225781 0.836111 0.01 0.01
0 0.223438 0.826389 0.01 0.01
0 0.217969 0.805556 0.01 0.01
0 0.216406 0.784722 0.01 0.01
0 0.225000 0.745833 0.01 0.01
0 0.242969 0.693056 0.01 0.01
0 0.220313 0.643056 0.01 0.01
