0 0.782031 0.023611 0.01 0.01
0 0.800000 0.094444 0.01 0.01
0 0.853906 0.105556 0.01 0.01
0 0.864062 0.159722 0.01 0.01
0 0.814062 0.169444 0.01 0.01
0 0.699219 0.219444 0.01 0.01
0 0.641406 0.083333 0.01 0.01
0 0.439063 0.290278 0.01 0.01
0 0.406250 0.325000 0.01 0.01
0 0.591406 0.201389 0.01 0.01
0 0.757031 0.365278 0.01 0.01
0 0.835156 0.284722 0.01 0.01
0 0.817187 0.458333 0.01 0.01
0 0.859375 0.552778 0.01 0.01
0 0.715625 0.454167 0.01 0.01
0 0.618750 0.593056 0.01 0.01
0 0.482031 0.662500 0.01 0.01
0 0.459375 0.623611 0.01 0.01
0 0.347656 0.536111 0.01 0.01
0 0.377344 0.741667 0.01 0.01
0 0.507031 0.813889 0.01 0.01
0 0.855469 0.859722 0.01 0.01
0 0.858594 0.808333 0.01 0.01
0 0.801562 0.838889 0.01 0.01
0 0.582812 0.938889 0.01 0.01
0 0.558594 0.925000 0.01 0.01
0 0.226562 0.880556 0.01 0.01
0 0.236719 0.743056 0.01 0.01
0 0.294531 0.179167 0.01 0.01
0 0.131250 0.076389 0.01 0.01
