0 0.326677 0.691871 0.01 0.01
0 0.336604 0.673047 0.01 0.01
0 0.392192 0.804812 0.01 0.01
0 0.421971 0.813047 0.01 0.01
0 0.433883 0.825989 0.01 0.01
0 0.433222 0.778930 0.01 0.01
0 0.457045 0.862459 0.01 0.01
0 0.461016 0.830694 0.01 0.01
0 0.472927 0.828341 0.01 0.01
0 0.491457 0.829518 0.01 0.01
0 0.508001 0.802459 0.01 0.01
0 0.487486 0.769518 0.01 0.01
0 0.523883 0.843636 0.01 0.01
0 0.583442 0.829518 0.01 0.01
0 0.568883 0.778930 0.01 0.01
0 0.587413 0.776577 0.01 0.01
0 0.581457 0.749518 0.01 0.01
0 0.627780 0.760106 0.01 0.01
0 0.612560 0.828341 0.01 0.01
0 0.678736 0.820106 0.01 0.01
0 0.689324 0.838930 0.01 0.01
0 0.714472 0.838930 0.01 0.01
0 0.736310 0.825989 0.01 0.01
0 0.761457 0.830694 0.01 0.01
0 0.771383 0.834224 0.01 0.01
0 0.814398 0.875400 0.01 0.01
0 0.819692 0.822459 0.01 0.01
0 0.805795 0.814224 0.01 0.01
0 0.808442 0.785989 0.01 0.01
0 0.823663 0.791871 0.01 0.01
0 0.846824 0.809518 0.01 0.01
0 0.840207 0.774224 0.01 0.01
0 0.830942 0.748342 0.01 0.01
0 0.860721 0.733047 0.01 0.01
0 0.862707 0.680106 0.01 0.01
0 0.834251 0.714224 0.01 0.01
0 0.825648 0.705989 0.01 0.01
0 0.771383 0.688341 0.01 0.01
0 0.754839 0.705989 0.01 0.01
0 0.698589 0.671871 0.01 0.01
0 0.827633 0.637753 0.01 0.01
0 0.783957 0.567165 0.01 0.01
0 0.823001 0.558930 0.01 0.01
0 0.824324 0.537753 0.01 0.01
0 0.824324 0.524812 0.01 0.01
0 0.795207 0.480106 0.01 0.01
0 0.823663 0.475400 0.01 0.01
0 0.856089 0.456577 0.01 0.01
0 0.851457 0.451871 0.01 0.01
0 0.304177 0.820106 0.01 0.01
0 0.288295 0.831871 0.01 0.01
0 0.262486 0.828341 0.01 0.01
0 0.257854 0.823636 0.01 0.01
0 0.241972 0.821283 0.01 0.01
0 0.228736 0.835400 0.01 0.01
0 0.222119 0.844812 0.01 0.01
0 0.172486 0.843636 0.01 0.01
0 0.138074 0.820106 0.01 0.01
0 0.136751 0.744812 0.01 0.01
0 0.170501 0.771871 0.01 0.01
0 0.185060 0.753047 0.01 0.01
0 0.185060 0.703636 0.01 0.01
0 0.196972 0.778930 0.01 0.01
0 0.195648 0.784812 0.01 0.01
0 0.198957 0.794224 0.01 0.01
0 0.202266 0.795400 0.01 0.01
0 0.196972 0.807165 0.01 0.01
0 0.183736 0.823636 0.01 0.01
0 0.205574 0.814224 0.01 0.01
0 0.220133 0.809518 0.01 0.01
0 0.208222 0.768341 0.01 0.01
0 0.224104 0.756577 0.01 0.01
0 0.240648 0.749518 0.01 0.01
0 0.236677 0.698930 0.01 0.01
0 0.244619 0.696577 0.01 0.01
0 0.255207 0.729518 0.01 0.01
0 0.271089 0.725989 0.01 0.01
0 0.191677 0.660106 0.01 0.01
0 0.183074 0.640106 0.01 0.01
0 0.187707 0.618930 0.01 0.01
0 0.185060 0.608342 0.01 0.01
0 0.155942 0.597753 0.01 0.01
0 0.145354 0.504812 0.01 0.01
0 0.177780 0.569518 0.01 0.01
0 0.192339 0.568341 0.01 0.01
0 0.174472 0.135400 0.01 0.01
0 0.159913 0.122459 0.01 0.01
0 0.148001 0.067165 0.01 0.01
0 0.177119 0.084812 0.01 0.01
0 0.188369 0.071871 0.01 0.01
0 0.187707 0.018930 0.01 0.01
0 0.200280 0.051871 0.01 0.01
0 0.204913 0.056577 0.01 0.01
0 0.196972 0.078930 0.01 0.01
0 0.195648 0.089518 0.01 0.01
0 0.196972 0.095400 0.01 0.01
0 0.195648 0.107165 0.01 0.01
0 0.207560 0.116577 0.01 0.01
0 0.218148 0.128342 0.01 0.01
0 0.206236 0.083636 0.01 0.01
0 0.212854 0.078930 0.01 0.01
0 0.209545 0.070694 0.01 0.01
0 0.212854 0.065989 0.01 0.01
0 0.221457 0.057753 0.01 0.01
0 0.223442 0.049518 0.01 0.01
0 0.236016 0.036577 0.01 0.01
0 0.247927 0.038930 0.01 0.01
0 0.246604 0.045989 0.01 0.01
0 0.254545 0.055400 0.01 0.01
0 0.245942 0.071871 0.01 0.01
0 0.265133 0.077753 0.01 0.01
0 0.269104 0.047165 0.01 0.01
0 0.330648 0.058930 0.01 0.01
0 0.338589 0.036577 0.01 0.01
0 0.330648 0.145989 0.01 0.01
0 0.353810 0.049518 0.01 0.01
0 0.367045 0.047165 0.01 0.01
0 0.366383 0.108342 0.01 0.01
0 0.393516 0.042459 0.01 0.01
0 0.418663 0.054224 0.01 0.01
0 0.420648 0.049518 0.01 0.01
0 0.435207 0.033047 0.01 0.01
0 0.440501 0.050694 0.01 0.01
0 0.457045 0.102459 0.01 0.01
0 0.467633 0.093047 0.01 0.01
0 0.485501 0.037753 0.01 0.01
0 0.512633 0.043636 0.01 0.01
0 0.522560 0.043636 0.01 0.01
0 0.514619 0.102459 0.01 0.01
0 0.551016 0.047165 0.01 0.01
0 0.565574 0.077753 0.01 0.01
0 0.587413 0.058930 0.01 0.01
0 0.587413 0.049518 0.01 0.01
0 0.599986 0.075400 0.01 0.01
0 0.642339 0.035400 0.01 0.01
0 0.648295 0.045989 0.01 0.01
0 0.656236 0.040106 0.01 0.01
0 0.664177 0.073047 0.01 0.01
0 0.669472 0.047165 0.01 0.01
0 0.676751 0.044812 0.01 0.01
0 0.680722 0.045989 0.01 0.01
0 0.693295 0.049518 0.01 0.01
0 0.698589 0.051871 0.01 0.01
0 0.708516 0.043636 0.01 0.01
0 0.714472 0.051871 0.01 0.01
0 0.722413 0.056577 0.01 0.01
0 0.721089 0.047165 0.01 0.01
0 0.746898 0.043636 0.01 0.01
0 0.760133 0.051871 0.01 0.01
0 0.767413 0.054224 0.01 0.01
0 0.778663 0.056577 0.01 0.01
0 0.801824 0.063636 0.01 0.01
0 0.809766 0.069518 0.01 0.01
0 0.824986 0.074224 0.01 0.01
0 0.832927 0.054224 0.01 0.01
0 0.815722 0.085989 0.01 0.01
0 0.819030 0.100106 0.01 0.01
0 0.819692 0.108342 0.01 0.01
0 0.827633 0.144812 0.01 0.01
0 0.827633 0.158930 0.01 0.01
0 0.852119 0.227165 0.01 0.01
0 0.808442 0.170694 0.01 0.01
0 0.823001 0.276577 0.01 0.01
0 0.826310 0.343636 0.01 0.01
0 0.752854 0.353047 0.01 0.01
0 0.749545 0.270694 0.01 0.01
0 0.646310 0.313047 0.01 0.01
0 0.660207 0.365989 0.01 0.01
0 0.654913 0.395400 0.01 0.01
0 0.637707 0.381283 0.01 0.01
0 0.658222 0.440106 0.01 0.01
0 0.655574 0.476577 0.01 0.01
0 0.676751 0.561283 0.01 0.01
0 0.637045 0.544812 0.01 0.01
0 0.628442 0.661283 0.01 0.01
0 0.576824 0.673047 0.01 0.01
0 0.566898 0.649518 0.01 0.01
0 0.574839 0.594224 0.01 0.01
0 0.601972 0.549518 0.01 0.01
0 0.541751 0.508341 0.01 0.01
0 0.605280 0.433047 0.01 0.01
0 0.488810 0.534224 0.01 0.01
0 0.480207 0.523636 0.01 0.01
0 0.463663 0.547165 0.01 0.01
0 0.429913 0.580106 0.01 0.01
0 0.468295 0.582459 0.01 0.01
0 0.441163 0.660106 0.01 0.01
0 0.463663 0.689518 0.01 0.01
0 0.519251 0.677753 0.01 0.01
0 0.506016 0.622459 0.01 0.01
0 0.278369 0.669518 0.01 0.01
0 0.284986 0.637753 0.01 0.01
0 0.290942 0.650694 0.01 0.01
0 0.272413 0.598930 0.01 0.01
0 0.274398 0.581283 0.01 0.01
0 0.247266 0.547165 0.01 0.01
0 0.347192 0.597753 0.01 0.01
0 0.371677 0.554224 0.01 0.01
0 0.316089 0.524812 0.01 0.01
0 0.191677 0.509518 0.01 0.01
0 0.190354 0.457753 0.01 0.01
0 0.186383 0.420106 0.01 0.01
0 0.173148 0.390694 0.01 0.01
0 0.189030 0.374224 0.01 0.01
0 0.184398 0.349518 0.01 0.01
0 0.198957 0.345989 0.01 0.01
0 0.167854 0.280106 0.01 0.01
0 0.176457 0.287165 0.01 0.01
0 0.187707 0.277753 0.01 0.01
0 0.191677 0.263636 0.01 0.01
0 0.190354 0.248342 0.01 0.01
0 0.181751 0.237753 0.01 0.01
0 0.189030 0.228342 0.01 0.01
0 0.191677 0.200106 0.01 0.01
0 0.216163 0.244812 0.01 0.01
0 0.269104 0.230694 0.01 0.01
0 0.246604 0.357753 0.01 0.01
0 0.259177 0.422459 0.01 0.01
0 0.265795 0.420106 0.01 0.01
0 0.329986 0.281283 0.01 0.01
0 0.363736 0.334224 0.01 0.01
0 0.356457 0.427165 0.01 0.01
0 0.397486 0.353047 0.01 0.01
0 0.416677 0.315400 0.01 0.01
0 0.420648 0.243636 0.01 0.01
0 0.423957 0.394224 0.01 0.01
0 0.447119 0.411871 0.01 0.01
0 0.478222 0.463636 0.01 0.01
0 0.537780 0.417753 0.01 0.01
0 0.470280 0.378930 0.01 0.01
0 0.474251 0.356577 0.01 0.01
0 0.512633 0.313047 0.01 0.01
0 0.500060 0.289518 0.01 0.01
0 0.508001 0.244812 0.01 0.01
0 0.478222 0.198930 0.01 0.01
0 0.494766 0.162459 0.01 0.01
0 0.527192 0.177753 0.01 0.01
0 0.565574 0.134224 0.01 0.01
0 0.615869 0.129518 0.01 0.01
0 0.691310 0.094224 0.01 0.01
0 0.695280 0.117753 0.01 0.01
0 0.608589 0.211871 0.01 0.01
0 0.591383 0.228342 0.01 0.01
0 0.583442 0.217753 0.01 0.01
0 0.578810 0.331871 0.01 0.01
0 0.572854 0.320106 0.01 0.01
