0 0.329986 0.045989 0.01 0.01
0 0.329986 0.021283 0.01 0.01
0 0.486163 0.122459 0.01 0.01
0 0.288957 0.190694 0.01 0.01
0 0.396163 0.333047 0.01 0.01
0 0.389545 0.383636 0.01 0.01
0 0.369030 0.544812 0.01 0.01
0 0.428589 0.562459 0.01 0.01
0 0.204913 0.674224 0.01 0.01
0 0.384251 0.734224 0.01 0.01
0 0.343883 0.938930 0.01 0.01
0 0.484177 0.953047 0.01 0.01
0 0.479545 0.905989 0.01 0.01
0 0.468295 0.695400 0.01 0.01
0 0.541751 0.824812 0.01 0.01
0 0.633074 0.548342 0.01 0.01
0 0.724398 0.490694 0.01 0.01
0 0.719104 0.449518 0.01 0.01
0 0.570207 0.074224 0.01 0.01
0 0.605280 0.162459 0.01 0.01
0 0.627780 0.094224 0.01 0.01
0 0.786604 0.069518 0.01 0.01
0 0.778663 0.136577 0.01 0.01
0 0.854104 0.171871 0.01 0.01
0 0.792560 0.200106 0.01 0.01
0 0.822339 0.287165 0.01 0.01
0 0.689324 0.234224 0.01 0.01
0 0.846163 0.564812 0.01 0.01
0 0.870648 0.577753 0.01 0.01
0 0.850133 0.685989 0.01 0.01
0 0.847486 0.816577 0.01 0.01
0 0.838222 0.876577 0.01 0.01
0 0.769398 0.838930 0.01 0.01
