0 0.813074 0.075400 0.01 0.01
0 0.795207 0.095400 0.01 0.01
0 0.795869 0.114224 0.01 0.01
0 0.780648 0.108342 0.01 0.01
0 0.809766 0.114224 0.01 0.01
0 0.779986 0.158930 0.01 0.01
0 0.752192 0.089518 0.01 0.01
0 0.733663 0.098930 0.01 0.01
0 0.727045 0.115400 0.01 0.01
0 0.722413 0.073047 0.01 0.01
0 0.703883 0.105989 0.01 0.01
0 0.829619 0.109518 0.01 0.01
0 0.846163 0.101283 0.01 0.01
0 0.862707 0.111871 0.01 0.01
0 0.875280 0.114224 0.01 0.01
0 0.911016 0.104812 0.01 0.01
0 0.899104 0.151871 0.01 0.01
0 0.883222 0.134224 0.01 0.01
0 0.886530 0.176577 0.01 0.01
0 0.895795 0.167165 0.01 0.01
0 0.908369 0.176577 0.01 0.01
0 0.918295 0.150694 0.01 0.01
0 0.932854 0.304812 0.01 0.01
0 0.895133 0.329518 0.01 0.01
0 0.844177 0.315400 0.01 0.01
0 0.776677 0.245989 0.01 0.01
0 0.784619 0.257753 0.01 0.01
0 0.778663 0.275400 0.01 0.01
0 0.787927 0.338930 0.01 0.01
0 0.848810 0.391871 0.01 0.01
0 0.901751 0.435400 0.01 0.01
0 0.911677 0.460106 0.01 0.01
0 0.897119 0.573047 0.01 0.01
0 0.897780 0.615400 0.01 0.01
0 0.901089 0.633047 0.01 0.01
0 0.915648 0.653047 0.01 0.01
0 0.936163 0.777753 0.01 0.01
0 0.850133 0.724812 0.01 0.01
0 0.775354 0.774224 0.01 0.01
0 0.807119 0.864812 0.01 0.01
0 0.787266 0.940106 0.01 0.01
0 0.806457 0.974224 0.01 0.01
0 0.830942 0.937753 0.01 0.01
0 0.832927 0.944812 0.01 0.01
0 0.850795 0.922459 0.01 0.01
0 0.862045 0.910694 0.01 0.01
0 0.870648 0.901283 0.01 0.01
0 0.879913 0.909518 0.01 0.01
0 0.892486 0.891871 0.01 0.01
0 0.918957 0.934224 0.01 0.01
0 0.899104 0.811871 0.01 0.01
0 0.885207 0.835400 0.01 0.01
0 0.721089 0.840106 0.01 0.01
0 0.721751 0.871871 0.01 0.01
0 0.733001 0.927165 0.01 0.01
0 0.730354 0.931871 0.01 0.01
0 0.724398 0.945989 0.01 0.01
0 0.702560 0.925989 0.01 0.01
0 0.680722 0.876577 0.01 0.01
0 0.745574 0.651871 0.01 0.01
0 0.768736 0.598930 0.01 0.01
0 0.791898 0.605989 0.01 0.01
0 0.718442 0.580106 0.01 0.01
0 0.684030 0.543636 0.01 0.01
0 0.682707 0.485989 0.01 0.01
0 0.699913 0.481283 0.01 0.01
0 0.703883 0.424812 0.01 0.01
0 0.666824 0.456577 0.01 0.01
0 0.652266 0.457753 0.01 0.01
0 0.644986 0.477753 0.01 0.01
0 0.631751 0.551871 0.01 0.01
0 0.603295 0.523636 0.01 0.01
0 0.645648 0.703636 0.01 0.01
0 0.611236 0.745989 0.01 0.01
0 0.601310 0.657753 0.01 0.01
0 0.556310 0.689518 0.01 0.01
0 0.527854 0.765989 0.01 0.01
0 0.578810 0.807165 0.01 0.01
0 0.531163 0.907165 0.01 0.01
0 0.496089 0.905989 0.01 0.01
0 0.496751 0.883636 0.01 0.01
0 0.497413 0.945989 0.01 0.01
0 0.576163 0.353047 0.01 0.01
0 0.579471 0.370694 0.01 0.01
0 0.679398 0.221283 0.01 0.01
0 0.599324 0.144812 0.01 0.01
0 0.597339 0.110694 0.01 0.01
0 0.627780 0.110694 0.01 0.01
0 0.568883 0.104812 0.01 0.01
0 0.488148 0.074224 0.01 0.01
0 0.484177 0.093047 0.01 0.01
0 0.474913 0.108342 0.01 0.01
0 0.534472 0.224812 0.01 0.01
0 0.519913 0.284812 0.01 0.01
0 0.432560 0.269518 0.01 0.01
0 0.477560 0.361283 0.01 0.01
0 0.461677 0.388342 0.01 0.01
0 0.419986 0.371871 0.01 0.01
0 0.373001 0.354224 0.01 0.01
0 0.364398 0.345989 0.01 0.01
0 0.394839 0.309518 0.01 0.01
0 0.364398 0.204812 0.01 0.01
0 0.351163 0.151871 0.01 0.01
0 0.338589 0.150694 0.01 0.01
0 0.355133 0.105989 0.01 0.01
0 0.352486 0.121283 0.01 0.01
0 0.316751 0.103636 0.01 0.01
0 0.296898 0.101283 0.01 0.01
0 0.286310 0.105989 0.01 0.01
0 0.281677 0.090694 0.01 0.01
0 0.222780 0.083636 0.01 0.01
0 0.233369 0.137753 0.01 0.01
0 0.246604 0.140106 0.01 0.01
0 0.229398 0.176577 0.01 0.01
0 0.212192 0.168342 0.01 0.01
0 0.193663 0.151871 0.01 0.01
0 0.191016 0.218930 0.01 0.01
0 0.214839 0.203636 0.01 0.01
0 0.232707 0.208342 0.01 0.01
0 0.228736 0.243636 0.01 0.01
0 0.232045 0.261283 0.01 0.01
0 0.286310 0.343636 0.01 0.01
0 0.230722 0.334224 0.01 0.01
0 0.226089 0.416577 0.01 0.01
0 0.223442 0.435400 0.01 0.01
0 0.257192 0.442459 0.01 0.01
0 0.270427 0.391871 0.01 0.01
0 0.468295 0.437753 0.01 0.01
0 0.365722 0.484812 0.01 0.01
0 0.230722 0.481283 0.01 0.01
0 0.226089 0.558930 0.01 0.01
0 0.257854 0.570694 0.01 0.01
0 0.486163 0.522459 0.01 0.01
0 0.529177 0.589518 0.01 0.01
0 0.468957 0.643636 0.01 0.01
0 0.464986 0.664812 0.01 0.01
0 0.426604 0.654224 0.01 0.01
0 0.319398 0.667165 0.01 0.01
0 0.358442 0.660106 0.01 0.01
0 0.445133 0.511871 0.01 0.01
0 0.275060 0.650694 0.01 0.01
0 0.268442 0.664812 0.01 0.01
0 0.224766 0.667165 0.01 0.01
0 0.222119 0.717753 0.01 0.01
0 0.227413 0.751871 0.01 0.01
0 0.226751 0.815400 0.01 0.01
0 0.223442 0.828341 0.01 0.01
0 0.232707 0.823636 0.01 0.01
0 0.229398 0.857753 0.01 0.01
0 0.228736 0.876577 0.01 0.01
0 0.210207 0.880106 0.01 0.01
0 0.177119 0.875400 0.01 0.01
0 0.177780 0.933047 0.01 0.01
0 0.197633 0.968341 0.01 0.01
0 0.245942 0.977753 0.01 0.01
0 0.242633 0.902459 0.01 0.01
0 0.255207 0.916577 0.01 0.01
0 0.265795 0.907165 0.01 0.01
0 0.277707 0.931871 0.01 0.01
0 0.294913 0.914224 0.01 0.01
0 0.296236 0.878930 0.01 0.01
0 0.298883 0.977753 0.01 0.01
0 0.335942 0.931871 0.01 0.01
0 0.352486 0.922459 0.01 0.01
0 0.349177 0.931871 0.01 0.01
0 0.383589 0.923636 0.01 0.01
0 0.389545 0.923636 0.01 0.01
0 0.412045 0.934224 0.01 0.01
0 0.387560 0.893047 0.01 0.01
0 0.378295 0.853047 0.01 0.01
0 0.361089 0.863636 0.01 0.01
0 0.419324 0.783636 0.01 0.01
0 0.355133 0.775400 0.01 0.01
0 0.363074 0.741283 0.01 0.01
0 0.357780 0.738930 0.01 0.01
