0 0.819030 0.220106 0.01 0.01
0 0.820354 0.209518 0.01 0.01
0 0.813736 0.207165 0.01 0.01
0 0.818369 0.167165 0.01 0.01
0 0.820354 0.149518 0.01 0.01
0 0.826310 0.151871 0.01 0.01
0 0.819692 0.128342 0.01 0.01
0 0.799177 0.124812 0.01 0.01
0 0.799177 0.085989 0.01 0.01
0 0.803810 0.054224 0.01 0.01
0 0.789913 0.078930 0.01 0.01
0 0.778001 0.085989 0.01 0.01
0 0.766751 0.078930 0.01 0.01
0 0.765427 0.055400 0.01 0.01
0 0.758810 0.061283 0.01 0.01
0 0.755501 0.056577 0.01 0.01
0 0.749545 0.065989 0.01 0.01
0 0.750207 0.028342 0.01 0.01
0 0.734324 0.068342 0.01 0.01
0 0.721089 0.068342 0.01 0.01
0 0.733001 0.129518 0.01 0.01
0 0.682045 0.110694 0.01 0.01
0 0.676089 0.117753 0.01 0.01
0 0.656236 0.069518 0.01 0.01
0 0.639030 0.060106 0.01 0.01
0 0.634398 0.085989 0.01 0.01
0 0.626457 0.062459 0.01 0.01
0 0.599986 0.071871 0.01 0.01
0 0.593369 0.069518 0.01 0.01
0 0.582780 0.067165 0.01 0.01
0 0.574839 0.063636 0.01 0.01
0 0.564251 0.069518 0.01 0.01
0 0.652927 0.229518 0.01 0.01
0 0.791236 0.273047 0.01 0.01
0 0.815722 0.289518 0.01 0.01
0 0.819030 0.348341 0.01 0.01
0 0.852780 0.516577 0.01 0.01
0 0.854104 0.447165 0.01 0.01
0 0.857413 0.587165 0.01 0.01
0 0.826310 0.573047 0.01 0.01
0 0.808442 0.548342 0.01 0.01
0 0.809104 0.518930 0.01 0.01
0 0.813074 0.513047 0.01 0.01
0 0.769398 0.447165 0.01 0.01
0 0.766751 0.398930 0.01 0.01
0 0.749545 0.407165 0.01 0.01
0 0.753516 0.541283 0.01 0.01
0 0.711824 0.467165 0.01 0.01
0 0.738295 0.622459 0.01 0.01
0 0.697266 0.633047 0.01 0.01
0 0.694619 0.683636 0.01 0.01
0 0.701898 0.694224 0.01 0.01
0 0.754839 0.721283 0.01 0.01
0 0.799839 0.711871 0.01 0.01
0 0.830942 0.733047 0.01 0.01
0 0.820354 0.749518 0.01 0.01
0 0.824986 0.762459 0.01 0.01
0 0.824986 0.776577 0.01 0.01
0 0.820354 0.778930 0.01 0.01
0 0.820354 0.803636 0.01 0.01
0 0.818369 0.824812 0.01 0.01
0 0.846824 0.827165 0.01 0.01
0 0.772045 0.838930 0.01 0.01
0 0.746898 0.850694 0.01 0.01
0 0.736310 0.854224 0.01 0.01
0 0.727045 0.845989 0.01 0.01
0 0.719104 0.896577 0.01 0.01
0 0.718442 0.841283 0.01 0.01
0 0.719766 0.789518 0.01 0.01
0 0.651604 0.842459 0.01 0.01
0 0.639692 0.850694 0.01 0.01
0 0.619839 0.845989 0.01 0.01
0 0.582780 0.885989 0.01 0.01
0 0.564251 0.888342 0.01 0.01
0 0.539104 0.853047 0.01 0.01
0 0.587413 0.850694 0.01 0.01
0 0.578810 0.764812 0.01 0.01
0 0.530501 0.780106 0.01 0.01
0 0.535795 0.718930 0.01 0.01
0 0.525869 0.657753 0.01 0.01
0 0.562266 0.655400 0.01 0.01
0 0.574839 0.693047 0.01 0.01
0 0.570869 0.610694 0.01 0.01
0 0.608589 0.540106 0.01 0.01
0 0.611236 0.515400 0.01 0.01
0 0.648295 0.480106 0.01 0.01
0 0.670795 0.443636 0.01 0.01
0 0.654251 0.376577 0.01 0.01
0 0.627780 0.402459 0.01 0.01
0 0.674104 0.331871 0.01 0.01
0 0.472266 0.857753 0.01 0.01
0 0.450427 0.851871 0.01 0.01
0 0.422633 0.845989 0.01 0.01
0 0.427266 0.831871 0.01 0.01
0 0.378957 0.882459 0.01 0.01
0 0.313442 0.867165 0.01 0.01
0 0.318074 0.862459 0.01 0.01
0 0.311457 0.856577 0.01 0.01
0 0.285648 0.855400 0.01 0.01
0 0.269766 0.851871 0.01 0.01
0 0.245942 0.851871 0.01 0.01
0 0.241310 0.853047 0.01 0.01
0 0.232045 0.855400 0.01 0.01
0 0.216824 0.867165 0.01 0.01
0 0.216163 0.910694 0.01 0.01
0 0.155942 0.870694 0.01 0.01
0 0.210869 0.840106 0.01 0.01
0 0.215501 0.800106 0.01 0.01
0 0.216824 0.783636 0.01 0.01
0 0.239324 0.804812 0.01 0.01
0 0.245942 0.797753 0.01 0.01
0 0.242633 0.762459 0.01 0.01
0 0.235354 0.718930 0.01 0.01
0 0.255207 0.708342 0.01 0.01
0 0.175133 0.803636 0.01 0.01
0 0.190354 0.803636 0.01 0.01
0 0.193001 0.818930 0.01 0.01
0 0.176457 0.767165 0.01 0.01
0 0.181751 0.729518 0.01 0.01
0 0.175133 0.708342 0.01 0.01
0 0.180427 0.696577 0.01 0.01
0 0.175795 0.689518 0.01 0.01
0 0.134104 0.623636 0.01 0.01
0 0.169839 0.648341 0.01 0.01
0 0.178442 0.630694 0.01 0.01
0 0.177780 0.621283 0.01 0.01
0 0.186383 0.618930 0.01 0.01
0 0.181751 0.581283 0.01 0.01
0 0.185060 0.562459 0.01 0.01
0 0.173810 0.564812 0.01 0.01
0 0.216163 0.581283 0.01 0.01
0 0.239324 0.571871 0.01 0.01
0 0.220133 0.537753 0.01 0.01
0 0.270427 0.604812 0.01 0.01
0 0.277707 0.625989 0.01 0.01
0 0.281677 0.636577 0.01 0.01
0 0.318736 0.630694 0.01 0.01
0 0.306163 0.573047 0.01 0.01
0 0.312780 0.553047 0.01 0.01
0 0.380942 0.560106 0.01 0.01
0 0.388883 0.578930 0.01 0.01
0 0.385574 0.593047 0.01 0.01
0 0.374324 0.616577 0.01 0.01
0 0.373001 0.722459 0.01 0.01
0 0.400133 0.674224 0.01 0.01
0 0.393516 0.648341 0.01 0.01
0 0.414692 0.674224 0.01 0.01
0 0.451089 0.716577 0.01 0.01
0 0.463663 0.737753 0.01 0.01
0 0.471604 0.787165 0.01 0.01
0 0.479545 0.730694 0.01 0.01
0 0.498736 0.683636 0.01 0.01
0 0.480207 0.621283 0.01 0.01
0 0.463001 0.601283 0.01 0.01
0 0.483516 0.547165 0.01 0.01
0 0.484177 0.523636 0.01 0.01
0 0.492780 0.522459 0.01 0.01
0 0.455060 0.485989 0.01 0.01
0 0.548369 0.460106 0.01 0.01
0 0.574839 0.465989 0.01 0.01
0 0.605280 0.365989 0.01 0.01
0 0.609913 0.297753 0.01 0.01
0 0.596677 0.237753 0.01 0.01
0 0.570869 0.307165 0.01 0.01
0 0.560280 0.365989 0.01 0.01
0 0.524545 0.334224 0.01 0.01
0 0.533810 0.313047 0.01 0.01
0 0.554324 0.288341 0.01 0.01
0 0.511972 0.287165 0.01 0.01
0 0.545060 0.234224 0.01 0.01
0 0.535795 0.201283 0.01 0.01
0 0.482854 0.218930 0.01 0.01
0 0.492780 0.176577 0.01 0.01
0 0.486824 0.167165 0.01 0.01
0 0.468957 0.161283 0.01 0.01
0 0.454398 0.170694 0.01 0.01
0 0.482192 0.107165 0.01 0.01
0 0.508663 0.094224 0.01 0.01
0 0.512633 0.049518 0.01 0.01
0 0.474913 0.051871 0.01 0.01
0 0.457707 0.065989 0.01 0.01
0 0.441824 0.068342 0.01 0.01
0 0.445133 0.050694 0.01 0.01
0 0.421310 0.050694 0.01 0.01
0 0.413369 0.067165 0.01 0.01
0 0.392854 0.067165 0.01 0.01
0 0.354472 0.087165 0.01 0.01
0 0.328001 0.078930 0.01 0.01
0 0.333295 0.057753 0.01 0.01
0 0.305501 0.068342 0.01 0.01
0 0.300207 0.107165 0.01 0.01
0 0.282339 0.063636 0.01 0.01
0 0.273736 0.070694 0.01 0.01
0 0.269104 0.051871 0.01 0.01
0 0.263810 0.067165 0.01 0.01
0 0.257192 0.065989 0.01 0.01
0 0.256530 0.055400 0.01 0.01
0 0.245280 0.060106 0.01 0.01
0 0.236677 0.062459 0.01 0.01
0 0.229398 0.062459 0.01 0.01
0 0.228074 0.078930 0.01 0.01
0 0.216824 0.084812 0.01 0.01
0 0.206236 0.078930 0.01 0.01
0 0.198957 0.055400 0.01 0.01
0 0.193663 0.047165 0.01 0.01
0 0.163883 0.054224 0.01 0.01
0 0.154619 0.055400 0.01 0.01
0 0.152633 0.067165 0.01 0.01
0 0.189030 0.094224 0.01 0.01
0 0.193001 0.107165 0.01 0.01
0 0.193663 0.122459 0.01 0.01
0 0.183074 0.116577 0.01 0.01
0 0.182413 0.141283 0.01 0.01
0 0.208222 0.149518 0.01 0.01
0 0.217486 0.151871 0.01 0.01
0 0.181751 0.181283 0.01 0.01
0 0.173148 0.249518 0.01 0.01
0 0.171824 0.264812 0.01 0.01
0 0.183736 0.275400 0.01 0.01
0 0.181751 0.297753 0.01 0.01
0 0.182413 0.323636 0.01 0.01
0 0.181089 0.400106 0.01 0.01
0 0.189030 0.381283 0.01 0.01
0 0.208883 0.365989 0.01 0.01
0 0.242633 0.357753 0.01 0.01
0 0.197633 0.271871 0.01 0.01
0 0.226089 0.253047 0.01 0.01
0 0.261824 0.218930 0.01 0.01
0 0.316089 0.247165 0.01 0.01
0 0.375648 0.281283 0.01 0.01
0 0.410721 0.303636 0.01 0.01
0 0.429913 0.343636 0.01 0.01
0 0.461016 0.340106 0.01 0.01
0 0.464324 0.393047 0.01 0.01
0 0.428589 0.415400 0.01 0.01
0 0.349177 0.455400 0.01 0.01
0 0.286972 0.489518 0.01 0.01
0 0.226751 0.445989 0.01 0.01
0 0.227413 0.416577 0.01 0.01
0 0.175795 0.443636 0.01 0.01
0 0.181089 0.467165 0.01 0.01
0 0.189692 0.470694 0.01 0.01
0 0.182413 0.490694 0.01 0.01
0 0.189692 0.518930 0.01 0.01
0 0.202266 0.497753 0.01 0.01
0 0.140060 0.355400 0.01 0.01
