0 0.744531 0.076389 0.01 0.01
0 0.795313 0.068056 0.01 0.01
0 0.807813 0.062500 0.01 0.01
0 0.815625 0.076389 0.01 0.01
0 0.845312 0.070833 0.01 0.01
0 0.848437 0.131944 0.01 0.01
0 0.828125 0.155556 0.01 0.01
0 0.870313 0.141667 0.01 0.01
0 0.873438 0.165278 0.01 0.01
0 0.881250 0.195833 0.01 0.01
0 0.870313 0.259722 0.01 0.01
0 0.842969 0.325000 0.01 0.01
0 0.818750 0.279167 0.01 0.01
0 0.866406 0.388889 0.01 0.01
0 0.870313 0.493056 0.01 0.01
0 0.824219 0.518056 0.01 0.01
0 0.775781 0.475000 0.01 0.01
0 0.646875 0.397222 0.01 0.01
0 0.582031 0.390278 0.01 0.01
0 0.610937 0.334722 0.01 0.01
0 0.657812 0.258333 0.01 0.01
0 0.580469 0.238889 0.01 0.01
0 0.595312 0.223611 0.01 0.01
0 0.602344 0.201389 0.01 0.01
0 0.638281 0.079167 0.01 0.01
0 0.581250 0.070833 0.01 0.01
0 0.534375 0.063889 0.01 0.01
0 0.510156 0.066667 0.01 0.01
0 0.501562 0.197222 0.01 0.01
0 0.489062 0.191667 0.01 0.01
0 0.495313 0.240278 0.01 0.01
0 0.519531 0.259722 0.01 0.01
0 0.482031 0.270833 0.01 0.01
0 0.369531 0.197222 0.01 0.01
0 0.382812 0.106944 0.01 0.01
0 0.381250 0.076389 0.01 0.01
0 0.406250 0.058333 0.01 0.01
0 0.279687 0.056944 0.01 0.01
0 0.282813 0.050000 0.01 0.01
0 0.261719 0.004167 0.01 0.01
0 0.225781 0.105556 0.01 0.01
0 0.222656 0.116667 0.01 0.01
0 0.217187 0.143056 0.01 0.01
0 0.302344 0.372222 0.01 0.01
0 0.378906 0.441667 0.01 0.01
0 0.213281 0.527778 0.01 0.01
0 0.248437 0.636111 0.01 0.01
0 0.205469 0.650000 0.01 0.01
0 0.202344 0.698611 0.01 0.01
0 0.208594 0.740278 0.01 0.01
0 0.209375 0.756944 0.01 0.01
0 0.207813 0.762500 0.01 0.01
0 0.213281 0.773611 0.01 0.01
0 0.185937 0.772222 0.01 0.01
0 0.250000 0.837500 0.01 0.01
0 0.258594 0.848611 0.01 0.01
0 0.271094 0.847222 0.01 0.01
0 0.272656 0.825000 0.01 0.01
0 0.295312 0.844444 0.01 0.01
0 0.294531 0.722222 0.01 0.01
0 0.267969 0.691667 0.01 0.01
0 0.326562 0.752778 0.01 0.01
0 0.338281 0.809722 0.01 0.01
0 0.358594 0.790278 0.01 0.01
0 0.367969 0.779167 0.01 0.01
0 0.349219 0.704167 0.01 0.01
0 0.339063 0.666667 0.01 0.01
0 0.402344 0.658333 0.01 0.01
0 0.446875 0.586111 0.01 0.01
0 0.462500 0.543056 0.01 0.01
0 0.472656 0.581944 0.01 0.01
0 0.483594 0.622222 0.01 0.01
0 0.388281 0.827778 0.01 0.01
0 0.357812 0.858333 0.01 0.01
0 0.440625 0.865278 0.01 0.01
0 0.478125 0.859722 0.01 0.01
0 0.508594 0.861111 0.01 0.01
0 0.521094 0.856944 0.01 0.01
0 0.517969 0.841667 0.01 0.01
0 0.521094 0.822222 0.01 0.01
0 0.554688 0.825000 0.01 0.01
0 0.519531 0.781944 0.01 0.01
0 0.629687 0.752778 0.01 0.01
0 0.660156 0.708333 0.01 0.01
0 0.642969 0.693056 0.01 0.01
0 0.614062 0.686111 0.01 0.01
0 0.632031 0.658333 0.01 0.01
0 0.612500 0.636111 0.01 0.01
0 0.581250 0.631944 0.01 0.01
0 0.553125 0.531944 0.01 0.01
0 0.564844 0.463889 0.01 0.01
0 0.601562 0.580556 0.01 0.01
0 0.626562 0.590278 0.01 0.01
0 0.742188 0.640278 0.01 0.01
0 0.745313 0.622222 0.01 0.01
0 0.866406 0.576389 0.01 0.01
0 0.846875 0.684722 0.01 0.01
0 0.875781 0.752778 0.01 0.01
0 0.884375 0.766667 0.01 0.01
0 0.863281 0.784722 0.01 0.01
0 0.832812 0.848611 0.01 0.01
0 0.842188 0.940278 0.01 0.01
0 0.801562 0.898611 0.01 0.01
0 0.767969 0.790278 0.01 0.01
0 0.764844 0.754167 0.01 0.01
0 0.729688 0.743056 0.01 0.01
0 0.741406 0.877778 0.01 0.01
0 0.719531 0.887500 0.01 0.01
0 0.712500 0.855556 0.01 0.01
0 0.675781 0.852778 0.01 0.01
0 0.646094 0.861111 0.01 0.01
0 0.656250 0.884722 0.01 0.01
0 0.289844 0.565278 0.01 0.01
0 0.850781 0.088889 0.01 0.01
