0 0.884545 0.065989 0.01 0.01
0 0.893148 0.134224 0.01 0.01
0 0.891824 0.129518 0.01 0.01
0 0.883883 0.123636 0.01 0.01
0 0.911016 0.153047 0.01 0.01
0 0.927560 0.165989 0.01 0.01
0 0.944766 0.208342 0.01 0.01
0 0.908369 0.197753 0.01 0.01
0 0.905060 0.173047 0.01 0.01
0 0.856089 0.108342 0.01 0.01
0 0.843516 0.108342 0.01 0.01
0 0.818369 0.117753 0.01 0.01
0 0.813074 0.116577 0.01 0.01
0 0.806457 0.108342 0.01 0.01
0 0.803148 0.114224 0.01 0.01
0 0.791898 0.162459 0.01 0.01
0 0.778001 0.081283 0.01 0.01
0 0.761457 0.109518 0.01 0.01
0 0.741604 0.102459 0.01 0.01
0 0.740942 0.151871 0.01 0.01
0 0.715133 0.114224 0.01 0.01
0 0.700574 0.114224 0.01 0.01
0 0.623810 0.128342 0.01 0.01
0 0.612560 0.148342 0.01 0.01
0 0.613883 0.114224 0.01 0.01
0 0.581457 0.118930 0.01 0.01
0 0.571530 0.113047 0.01 0.01
0 0.508663 0.115400 0.01 0.01
0 0.482854 0.093047 0.01 0.01
0 0.449766 0.107165 0.01 0.01
0 0.366383 0.121283 0.01 0.01
0 0.348516 0.103636 0.01 0.01
0 0.322045 0.105989 0.01 0.01
0 0.293589 0.100106 0.01 0.01
0 0.283663 0.110694 0.01 0.01
0 0.261163 0.140106 0.01 0.01
0 0.253222 0.135400 0.01 0.01
0 0.250574 0.073047 0.01 0.01
0 0.213516 0.134224 0.01 0.01
0 0.213516 0.181283 0.01 0.01
0 0.234692 0.211871 0.01 0.01
0 0.243295 0.213047 0.01 0.01
0 0.239986 0.203636 0.01 0.01
0 0.248589 0.177753 0.01 0.01
0 0.304177 0.188341 0.01 0.01
0 0.312780 0.213047 0.01 0.01
0 0.343883 0.273047 0.01 0.01
0 0.376972 0.210694 0.01 0.01
0 0.442486 0.238930 0.01 0.01
0 0.431236 0.304812 0.01 0.01
0 0.238663 0.280106 0.01 0.01
0 0.241310 0.307165 0.01 0.01
0 0.236016 0.305989 0.01 0.01
0 0.238001 0.380106 0.01 0.01
0 0.239986 0.416577 0.01 0.01
0 0.236677 0.416577 0.01 0.01
0 0.243957 0.478930 0.01 0.01
0 0.238663 0.540106 0.01 0.01
0 0.239986 0.600106 0.01 0.01
0 0.236016 0.605989 0.01 0.01
0 0.333957 0.490694 0.01 0.01
0 0.341898 0.560106 0.01 0.01
0 0.307486 0.569518 0.01 0.01
0 0.316089 0.621283 0.01 0.01
0 0.322707 0.688341 0.01 0.01
0 0.273736 0.651871 0.01 0.01
0 0.238663 0.753047 0.01 0.01
0 0.235354 0.790694 0.01 0.01
0 0.228074 0.790694 0.01 0.01
0 0.189030 0.844812 0.01 0.01
0 0.189030 0.916577 0.01 0.01
0 0.193001 0.938930 0.01 0.01
0 0.212854 0.957753 0.01 0.01
0 0.288295 0.971871 0.01 0.01
0 0.305501 0.930694 0.01 0.01
0 0.299545 0.903636 0.01 0.01
0 0.267119 0.910694 0.01 0.01
0 0.253883 0.900106 0.01 0.01
0 0.251898 0.887165 0.01 0.01
0 0.243957 0.877753 0.01 0.01
0 0.241972 0.853047 0.01 0.01
0 0.234030 0.823636 0.01 0.01
0 0.238001 0.811871 0.01 0.01
0 0.251898 0.820106 0.01 0.01
0 0.266457 0.837753 0.01 0.01
0 0.255869 0.874224 0.01 0.01
0 0.275721 0.870694 0.01 0.01
0 0.294913 0.747165 0.01 0.01
0 0.352486 0.703636 0.01 0.01
0 0.369692 0.725989 0.01 0.01
0 0.370354 0.734224 0.01 0.01
0 0.366383 0.788342 0.01 0.01
0 0.369030 0.853047 0.01 0.01
0 0.351824 0.929518 0.01 0.01
0 0.372339 0.930694 0.01 0.01
0 0.398810 0.930694 0.01 0.01
0 0.397486 0.922459 0.01 0.01
0 0.414692 0.910694 0.01 0.01
0 0.392854 0.845989 0.01 0.01
0 0.418001 0.847165 0.01 0.01
0 0.422633 0.802459 0.01 0.01
0 0.469619 0.700106 0.01 0.01
0 0.474251 0.600106 0.01 0.01
0 0.499398 0.537753 0.01 0.01
0 0.479545 0.447165 0.01 0.01
0 0.474913 0.398930 0.01 0.01
0 0.486163 0.365989 0.01 0.01
0 0.530501 0.287165 0.01 0.01
0 0.516604 0.187165 0.01 0.01
0 0.533810 0.204812 0.01 0.01
0 0.589398 0.385989 0.01 0.01
0 0.689324 0.228342 0.01 0.01
0 0.799177 0.260106 0.01 0.01
0 0.782633 0.290694 0.01 0.01
0 0.786604 0.337753 0.01 0.01
0 0.856089 0.318930 0.01 0.01
0 0.906383 0.340106 0.01 0.01
0 0.914986 0.561283 0.01 0.01
0 0.922927 0.568341 0.01 0.01
0 0.909030 0.581283 0.01 0.01
0 0.911016 0.638930 0.01 0.01
0 0.909030 0.742459 0.01 0.01
0 0.909692 0.805989 0.01 0.01
0 0.896457 0.823636 0.01 0.01
0 0.912339 0.851871 0.01 0.01
0 0.907707 0.876577 0.01 0.01
0 0.895133 0.884812 0.01 0.01
0 0.928222 0.843636 0.01 0.01
0 0.948736 0.871871 0.01 0.01
0 0.885869 0.931871 0.01 0.01
0 0.854104 0.947165 0.01 0.01
0 0.838883 0.944812 0.01 0.01
0 0.825648 0.861283 0.01 0.01
0 0.853442 0.701283 0.01 0.01
0 0.838222 0.648341 0.01 0.01
0 0.764766 0.604812 0.01 0.01
0 0.784619 0.714224 0.01 0.01
0 0.733001 0.584812 0.01 0.01
0 0.728369 0.587165 0.01 0.01
0 0.715795 0.533047 0.01 0.01
0 0.697927 0.543636 0.01 0.01
0 0.692633 0.489518 0.01 0.01
0 0.688663 0.483636 0.01 0.01
0 0.678736 0.442459 0.01 0.01
0 0.721751 0.431871 0.01 0.01
0 0.619839 0.428342 0.01 0.01
0 0.628442 0.517753 0.01 0.01
0 0.548369 0.462459 0.01 0.01
0 0.545722 0.583636 0.01 0.01
0 0.564913 0.744812 0.01 0.01
0 0.569545 0.760106 0.01 0.01
0 0.590060 0.808341 0.01 0.01
0 0.652927 0.704812 0.01 0.01
0 0.654913 0.667165 0.01 0.01
0 0.661530 0.643636 0.01 0.01
0 0.727707 0.800106 0.01 0.01
0 0.785942 0.936577 0.01 0.01
0 0.762780 0.951871 0.01 0.01
0 0.740942 0.933047 0.01 0.01
0 0.715795 0.861283 0.01 0.01
0 0.689986 0.882459 0.01 0.01
0 0.680060 0.860106 0.01 0.01
0 0.649619 0.894224 0.01 0.01
0 0.674104 0.935400 0.01 0.01
0 0.674766 0.968341 0.01 0.01
0 0.556310 0.929518 0.01 0.01
0 0.531163 0.923636 0.01 0.01
0 0.521898 0.887165 0.01 0.01
0 0.531824 0.803636 0.01 0.01
0 0.492780 0.945989 0.01 0.01
0 0.676751 0.945989 0.01 0.01
