0 0.847486 0.913047 0.01 0.01
0 0.852780 0.884812 0.01 0.01
0 0.875942 0.825989 0.01 0.01
0 0.891824 0.934224 0.01 0.01
0 0.887854 0.930694 0.01 0.01
0 0.811751 0.941283 0.01 0.01
0 0.803148 0.933047 0.01 0.01
0 0.789251 0.960106 0.01 0.01
0 0.765427 0.940106 0.01 0.01
0 0.750869 0.941283 0.01 0.01
0 0.744913 0.947165 0.01 0.01
0 0.740280 0.957753 0.01 0.01
0 0.733001 0.903636 0.01 0.01
0 0.774030 0.878930 0.01 0.01
0 0.771383 0.821283 0.01 0.01
0 0.748883 0.813047 0.01 0.01
0 0.736971 0.781283 0.01 0.01
0 0.759472 0.698930 0.01 0.01
0 0.731016 0.608342 0.01 0.01
0 0.740280 0.551871 0.01 0.01
0 0.772045 0.544812 0.01 0.01
0 0.816383 0.598930 0.01 0.01
0 0.859398 0.643636 0.01 0.01
0 0.860721 0.571871 0.01 0.01
0 0.875942 0.318930 0.01 0.01
0 0.862707 0.316577 0.01 0.01
0 0.858074 0.278930 0.01 0.01
0 0.885869 0.269518 0.01 0.01
0 0.861383 0.225989 0.01 0.01
0 0.866016 0.202459 0.01 0.01
0 0.854766 0.202459 0.01 0.01
0 0.848810 0.181283 0.01 0.01
0 0.835574 0.167165 0.01 0.01
0 0.772707 0.149518 0.01 0.01
0 0.768074 0.124812 0.01 0.01
0 0.774692 0.336577 0.01 0.01
0 0.734324 0.308342 0.01 0.01
0 0.712486 0.185989 0.01 0.01
0 0.631089 0.143636 0.01 0.01
0 0.600648 0.185989 0.01 0.01
0 0.622486 0.231871 0.01 0.01
0 0.600648 0.278930 0.01 0.01
0 0.591383 0.264812 0.01 0.01
0 0.566898 0.276577 0.01 0.01
0 0.551016 0.249518 0.01 0.01
0 0.527192 0.264812 0.01 0.01
0 0.529839 0.281283 0.01 0.01
0 0.527192 0.144812 0.01 0.01
0 0.459030 0.200106 0.01 0.01
0 0.446457 0.138930 0.01 0.01
0 0.405427 0.135400 0.01 0.01
0 0.359104 0.168342 0.01 0.01
0 0.281677 0.134224 0.01 0.01
0 0.267119 0.173047 0.01 0.01
0 0.251898 0.154224 0.01 0.01
0 0.222780 0.098930 0.01 0.01
0 0.214177 0.168342 0.01 0.01
0 0.224104 0.248342 0.01 0.01
0 0.228074 0.255400 0.01 0.01
0 0.390207 0.340106 0.01 0.01
0 0.456383 0.338930 0.01 0.01
0 0.477560 0.434224 0.01 0.01
0 0.515280 0.458930 0.01 0.01
0 0.650942 0.397753 0.01 0.01
0 0.641677 0.411871 0.01 0.01
0 0.657560 0.482459 0.01 0.01
0 0.611236 0.502459 0.01 0.01
0 0.588074 0.545989 0.01 0.01
0 0.553001 0.637753 0.01 0.01
0 0.522560 0.695400 0.01 0.01
0 0.509986 0.584812 0.01 0.01
0 0.476898 0.591871 0.01 0.01
0 0.547045 0.685989 0.01 0.01
0 0.580133 0.657753 0.01 0.01
0 0.584766 0.695400 0.01 0.01
0 0.635722 0.733047 0.01 0.01
0 0.676089 0.684812 0.01 0.01
0 0.650280 0.830694 0.01 0.01
0 0.636383 0.933047 0.01 0.01
0 0.616530 0.917753 0.01 0.01
0 0.560942 0.902459 0.01 0.01
0 0.581457 0.847165 0.01 0.01
0 0.547045 0.776577 0.01 0.01
0 0.461016 0.750694 0.01 0.01
0 0.461016 0.776577 0.01 0.01
0 0.445133 0.807165 0.01 0.01
0 0.461016 0.853047 0.01 0.01
0 0.450427 0.922459 0.01 0.01
0 0.370354 0.941283 0.01 0.01
0 0.375648 0.921283 0.01 0.01
0 0.365060 0.920106 0.01 0.01
0 0.357780 0.915400 0.01 0.01
0 0.321383 0.913047 0.01 0.01
0 0.295574 0.913047 0.01 0.01
0 0.282339 0.903636 0.01 0.01
0 0.260501 0.961283 0.01 0.01
0 0.253883 0.935400 0.01 0.01
0 0.256530 0.905989 0.01 0.01
0 0.234030 0.898930 0.01 0.01
0 0.196310 0.943636 0.01 0.01
0 0.199619 0.858930 0.01 0.01
0 0.220795 0.868342 0.01 0.01
0 0.219471 0.851871 0.01 0.01
0 0.212192 0.836577 0.01 0.01
0 0.212192 0.793047 0.01 0.01
0 0.214177 0.750694 0.01 0.01
0 0.218810 0.593047 0.01 0.01
0 0.236016 0.513047 0.01 0.01
0 0.273736 0.598930 0.01 0.01
0 0.277045 0.713047 0.01 0.01
0 0.295574 0.783636 0.01 0.01
0 0.338589 0.804812 0.01 0.01
0 0.369030 0.830694 0.01 0.01
0 0.395501 0.802459 0.01 0.01
0 0.374324 0.734224 0.01 0.01
0 0.318736 0.670694 0.01 0.01
0 0.416016 0.614224 0.01 0.01
