0 0.837560 0.836577 0.01 0.01
0 0.813074 0.822459 0.01 0.01
0 0.809104 0.807165 0.01 0.01
0 0.813736 0.805989 0.01 0.01
0 0.820354 0.793047 0.01 0.01
0 0.789913 0.798930 0.01 0.01
0 0.836236 0.794224 0.01 0.01
0 0.825648 0.734224 0.01 0.01
0 0.848810 0.611871 0.01 0.01
0 0.847486 0.548342 0.01 0.01
0 0.842192 0.538930 0.01 0.01
0 0.813736 0.584812 0.01 0.01
0 0.802486 0.558930 0.01 0.01
0 0.802486 0.533047 0.01 0.01
0 0.807780 0.529518 0.01 0.01
0 0.771383 0.556577 0.01 0.01
0 0.785280 0.664812 0.01 0.01
0 0.750869 0.727165 0.01 0.01
0 0.736310 0.671871 0.01 0.01
0 0.766751 0.857753 0.01 0.01
0 0.749545 0.862459 0.01 0.01
0 0.717119 0.869518 0.01 0.01
0 0.693957 0.861283 0.01 0.01
0 0.713148 0.800106 0.01 0.01
0 0.684692 0.713047 0.01 0.01
0 0.689324 0.696577 0.01 0.01
0 0.701236 0.637753 0.01 0.01
0 0.654251 0.863636 0.01 0.01
0 0.623810 0.893047 0.01 0.01
0 0.609251 0.894224 0.01 0.01
0 0.616530 0.855400 0.01 0.01
0 0.628442 0.837753 0.01 0.01
0 0.576824 0.855400 0.01 0.01
0 0.550354 0.871871 0.01 0.01
0 0.500722 0.857753 0.01 0.01
0 0.483516 0.877753 0.01 0.01
0 0.442486 0.851871 0.01 0.01
0 0.432560 0.854224 0.01 0.01
0 0.404766 0.857753 0.01 0.01
0 0.411383 0.825989 0.01 0.01
0 0.418663 0.794224 0.01 0.01
0 0.444472 0.794224 0.01 0.01
0 0.477560 0.795400 0.01 0.01
0 0.529177 0.789518 0.01 0.01
0 0.574839 0.777753 0.01 0.01
0 0.565574 0.698930 0.01 0.01
0 0.557633 0.667165 0.01 0.01
0 0.566898 0.622459 0.01 0.01
0 0.515942 0.634224 0.01 0.01
0 0.480207 0.654224 0.01 0.01
0 0.484177 0.710694 0.01 0.01
0 0.456383 0.721283 0.01 0.01
0 0.386898 0.754224 0.01 0.01
0 0.351163 0.857753 0.01 0.01
0 0.326677 0.855400 0.01 0.01
0 0.274398 0.858930 0.01 0.01
0 0.269766 0.837753 0.01 0.01
0 0.266457 0.853047 0.01 0.01
0 0.243295 0.851871 0.01 0.01
0 0.228074 0.851871 0.01 0.01
0 0.218148 0.873047 0.01 0.01
0 0.185722 0.910694 0.01 0.01
0 0.154619 0.877753 0.01 0.01
0 0.171824 0.838930 0.01 0.01
0 0.190354 0.829518 0.01 0.01
0 0.207560 0.836577 0.01 0.01
0 0.203589 0.850694 0.01 0.01
0 0.212192 0.781283 0.01 0.01
0 0.231383 0.777753 0.01 0.01
0 0.243957 0.764812 0.01 0.01
0 0.263810 0.771871 0.01 0.01
0 0.234692 0.716577 0.01 0.01
0 0.227413 0.717753 0.01 0.01
0 0.198957 0.783636 0.01 0.01
0 0.174472 0.783636 0.01 0.01
0 0.168516 0.784812 0.01 0.01
0 0.171824 0.768341 0.01 0.01
0 0.173148 0.736577 0.01 0.01
0 0.174472 0.729518 0.01 0.01
0 0.168516 0.716577 0.01 0.01
0 0.172486 0.702459 0.01 0.01
0 0.176457 0.698930 0.01 0.01
0 0.175133 0.685989 0.01 0.01
0 0.174472 0.656577 0.01 0.01
0 0.130795 0.668342 0.01 0.01
0 0.154619 0.529518 0.01 0.01
0 0.177780 0.541283 0.01 0.01
0 0.177119 0.576577 0.01 0.01
0 0.173810 0.588342 0.01 0.01
0 0.235354 0.577753 0.01 0.01
0 0.253883 0.637753 0.01 0.01
0 0.206898 0.642459 0.01 0.01
0 0.275060 0.638930 0.01 0.01
0 0.266457 0.611871 0.01 0.01
0 0.312780 0.574224 0.01 0.01
0 0.306163 0.555400 0.01 0.01
0 0.315427 0.642459 0.01 0.01
0 0.342560 0.647165 0.01 0.01
0 0.343883 0.621283 0.01 0.01
0 0.376972 0.648341 0.01 0.01
0 0.392854 0.607165 0.01 0.01
0 0.374324 0.568341 0.01 0.01
0 0.395501 0.527165 0.01 0.01
0 0.418663 0.507165 0.01 0.01
0 0.453736 0.528342 0.01 0.01
0 0.484177 0.531871 0.01 0.01
0 0.478222 0.563636 0.01 0.01
0 0.456383 0.615400 0.01 0.01
0 0.439177 0.636577 0.01 0.01
0 0.429913 0.680106 0.01 0.01
0 0.548369 0.507165 0.01 0.01
0 0.548369 0.453047 0.01 0.01
0 0.606604 0.497753 0.01 0.01
0 0.616530 0.514224 0.01 0.01
0 0.644986 0.500106 0.01 0.01
0 0.674104 0.488342 0.01 0.01
0 0.723736 0.509518 0.01 0.01
0 0.625133 0.410694 0.01 0.01
0 0.650280 0.391871 0.01 0.01
0 0.674766 0.374224 0.01 0.01
0 0.735648 0.360106 0.01 0.01
0 0.823001 0.474224 0.01 0.01
0 0.813074 0.415400 0.01 0.01
0 0.810427 0.304812 0.01 0.01
0 0.799177 0.273047 0.01 0.01
0 0.813074 0.270694 0.01 0.01
0 0.752192 0.223636 0.01 0.01
0 0.710501 0.241283 0.01 0.01
0 0.809766 0.208342 0.01 0.01
0 0.812413 0.187165 0.01 0.01
0 0.819692 0.175400 0.01 0.01
0 0.810427 0.167165 0.01 0.01
0 0.809104 0.151871 0.01 0.01
0 0.811089 0.133047 0.01 0.01
0 0.802486 0.121283 0.01 0.01
0 0.793883 0.115400 0.01 0.01
0 0.800501 0.105989 0.01 0.01
0 0.804471 0.102459 0.01 0.01
0 0.793883 0.081283 0.01 0.01
0 0.772045 0.102459 0.01 0.01
0 0.765427 0.078930 0.01 0.01
0 0.758148 0.076577 0.01 0.01
0 0.750869 0.078930 0.01 0.01
0 0.744913 0.084812 0.01 0.01
0 0.731016 0.077753 0.01 0.01
0 0.724398 0.084812 0.01 0.01
0 0.711824 0.087165 0.01 0.01
0 0.696604 0.071871 0.01 0.01
0 0.691971 0.082459 0.01 0.01
0 0.676089 0.088342 0.01 0.01
0 0.662192 0.074224 0.01 0.01
0 0.660869 0.061283 0.01 0.01
0 0.681383 0.150694 0.01 0.01
0 0.611236 0.185989 0.01 0.01
0 0.624472 0.091871 0.01 0.01
0 0.629766 0.076577 0.01 0.01
0 0.607927 0.115400 0.01 0.01
0 0.604619 0.075400 0.01 0.01
0 0.573516 0.109518 0.01 0.01
0 0.588736 0.084812 0.01 0.01
0 0.578810 0.088342 0.01 0.01
0 0.571530 0.075400 0.01 0.01
0 0.560280 0.077753 0.01 0.01
0 0.587413 0.250694 0.01 0.01
0 0.570207 0.320106 0.01 0.01
0 0.562927 0.360106 0.01 0.01
0 0.547045 0.329518 0.01 0.01
0 0.537119 0.329518 0.01 0.01
0 0.513295 0.333047 0.01 0.01
0 0.551677 0.200106 0.01 0.01
0 0.520574 0.216577 0.01 0.01
0 0.515280 0.193047 0.01 0.01
0 0.512633 0.183636 0.01 0.01
0 0.487486 0.188341 0.01 0.01
0 0.470942 0.155400 0.01 0.01
0 0.464986 0.153047 0.01 0.01
0 0.437192 0.151871 0.01 0.01
0 0.437854 0.201283 0.01 0.01
0 0.474913 0.122459 0.01 0.01
0 0.502045 0.078930 0.01 0.01
0 0.482854 0.077753 0.01 0.01
0 0.458369 0.053047 0.01 0.01
0 0.216163 0.489518 0.01 0.01
0 0.200280 0.491871 0.01 0.01
0 0.189692 0.449518 0.01 0.01
0 0.162560 0.434224 0.01 0.01
0 0.181751 0.395400 0.01 0.01
0 0.181089 0.405989 0.01 0.01
0 0.231383 0.417753 0.01 0.01
0 0.235354 0.388342 0.01 0.01
0 0.259177 0.345989 0.01 0.01
0 0.264472 0.460106 0.01 0.01
0 0.365722 0.418930 0.01 0.01
0 0.462339 0.403636 0.01 0.01
0 0.431236 0.382459 0.01 0.01
0 0.430574 0.321283 0.01 0.01
0 0.447780 0.311871 0.01 0.01
0 0.420648 0.076577 0.01 0.01
0 0.418663 0.060106 0.01 0.01
0 0.398810 0.077753 0.01 0.01
0 0.371016 0.073047 0.01 0.01
0 0.370354 0.097753 0.01 0.01
0 0.357780 0.237753 0.01 0.01
0 0.339913 0.105989 0.01 0.01
0 0.316751 0.089518 0.01 0.01
0 0.324030 0.058930 0.01 0.01
0 0.284324 0.134224 0.01 0.01
0 0.294913 0.234224 0.01 0.01
0 0.267119 0.248342 0.01 0.01
0 0.225427 0.263636 0.01 0.01
0 0.199619 0.277753 0.01 0.01
0 0.166530 0.329518 0.01 0.01
0 0.178442 0.304812 0.01 0.01
0 0.181089 0.277753 0.01 0.01
0 0.180427 0.245989 0.01 0.01
0 0.214177 0.211871 0.01 0.01
0 0.214177 0.149518 0.01 0.01
0 0.204251 0.155400 0.01 0.01
0 0.179766 0.196577 0.01 0.01
0 0.186383 0.155400 0.01 0.01
0 0.181751 0.133047 0.01 0.01
0 0.185060 0.109518 0.01 0.01
0 0.187707 0.107165 0.01 0.01
0 0.183736 0.069518 0.01 0.01
0 0.179766 0.062459 0.01 0.01
0 0.157927 0.082459 0.01 0.01
0 0.147339 0.098930 0.01 0.01
0 0.143369 0.085989 0.01 0.01
0 0.203589 0.084812 0.01 0.01
0 0.210207 0.082459 0.01 0.01
0 0.229398 0.088342 0.01 0.01
0 0.234692 0.081283 0.01 0.01
0 0.230722 0.073047 0.01 0.01
0 0.236016 0.073047 0.01 0.01
0 0.227413 0.065989 0.01 0.01
0 0.246604 0.077753 0.01 0.01
0 0.253222 0.070694 0.01 0.01
0 0.259839 0.071871 0.01 0.01
