0 0.975869 0.257753 0.01 0.01
0 0.866016 0.818930 0.01 0.01
0 0.845501 0.829518 0.01 0.01
0 0.846163 0.815400 0.01 0.01
0 0.837560 0.871871 0.01 0.01
0 0.832927 0.876577 0.01 0.01
0 0.823001 0.903636 0.01 0.01
0 0.806457 0.943636 0.01 0.01
0 0.809104 0.882459 0.01 0.01
0 0.746898 0.921283 0.01 0.01
0 0.741604 0.907165 0.01 0.01
0 0.732339 0.921283 0.01 0.01
0 0.737633 0.937753 0.01 0.01
0 0.697266 0.917753 0.01 0.01
0 0.676751 0.915400 0.01 0.01
0 0.667486 0.913047 0.01 0.01
0 0.639030 0.955400 0.01 0.01
0 0.623148 0.918930 0.01 0.01
0 0.583442 0.931871 0.01 0.01
0 0.573516 0.914224 0.01 0.01
0 0.742266 0.838930 0.01 0.01
0 0.759472 0.829518 0.01 0.01
0 0.764104 0.816577 0.01 0.01
0 0.772045 0.781283 0.01 0.01
0 0.803148 0.815400 0.01 0.01
0 0.815722 0.733047 0.01 0.01
0 0.850133 0.745989 0.01 0.01
0 0.855427 0.761283 0.01 0.01
0 0.877266 0.645989 0.01 0.01
0 0.846163 0.593047 0.01 0.01
0 0.825648 0.620106 0.01 0.01
0 0.815060 0.643636 0.01 0.01
0 0.760133 0.705989 0.01 0.01
0 0.746236 0.724812 0.01 0.01
0 0.744913 0.771871 0.01 0.01
0 0.719104 0.693047 0.01 0.01
0 0.656236 0.647165 0.01 0.01
0 0.644986 0.642459 0.01 0.01
0 0.640354 0.670694 0.01 0.01
0 0.590721 0.756577 0.01 0.01
0 0.572854 0.708342 0.01 0.01
0 0.588074 0.645989 0.01 0.01
0 0.601310 0.620106 0.01 0.01
0 0.575501 0.605989 0.01 0.01
0 0.572854 0.594224 0.01 0.01
0 0.675427 0.561283 0.01 0.01
0 0.662854 0.538930 0.01 0.01
0 0.657560 0.514224 0.01 0.01
0 0.828295 0.478930 0.01 0.01
0 0.836236 0.442459 0.01 0.01
0 0.835574 0.421283 0.01 0.01
0 0.866016 0.421283 0.01 0.01
0 0.838222 0.342459 0.01 0.01
0 0.874619 0.270694 0.01 0.01
0 0.841530 0.291871 0.01 0.01
0 0.839545 0.275400 0.01 0.01
0 0.792560 0.289518 0.01 0.01
0 0.840207 0.242459 0.01 0.01
0 0.838222 0.191871 0.01 0.01
0 0.842854 0.131871 0.01 0.01
0 0.854104 0.122459 0.01 0.01
0 0.834251 0.161283 0.01 0.01
0 0.821677 0.144812 0.01 0.01
0 0.811751 0.129518 0.01 0.01
0 0.795869 0.122459 0.01 0.01
0 0.787266 0.116577 0.01 0.01
0 0.781972 0.118930 0.01 0.01
0 0.774692 0.110694 0.01 0.01
0 0.760795 0.183636 0.01 0.01
0 0.728369 0.284812 0.01 0.01
0 0.696604 0.253047 0.01 0.01
0 0.678736 0.233047 0.01 0.01
0 0.703221 0.168342 0.01 0.01
0 0.702560 0.120106 0.01 0.01
0 0.687339 0.110694 0.01 0.01
0 0.699251 0.089518 0.01 0.01
0 0.718442 0.116577 0.01 0.01
0 0.733001 0.104812 0.01 0.01
0 0.736971 0.105989 0.01 0.01
0 0.746236 0.115400 0.01 0.01
0 0.754839 0.108342 0.01 0.01
0 0.658222 0.313047 0.01 0.01
0 0.652927 0.401283 0.01 0.01
0 0.646310 0.463636 0.01 0.01
0 0.681383 0.435400 0.01 0.01
0 0.709177 0.448341 0.01 0.01
0 0.684692 0.408342 0.01 0.01
0 0.606604 0.364812 0.01 0.01
0 0.635722 0.294224 0.01 0.01
0 0.617192 0.247165 0.01 0.01
0 0.643001 0.124812 0.01 0.01
0 0.599324 0.118930 0.01 0.01
0 0.573516 0.114224 0.01 0.01
0 0.579471 0.173047 0.01 0.01
0 0.551677 0.181283 0.01 0.01
0 0.521898 0.115400 0.01 0.01
0 0.511310 0.109518 0.01 0.01
0 0.504692 0.129518 0.01 0.01
0 0.490133 0.104812 0.01 0.01
0 0.484839 0.077753 0.01 0.01
0 0.496089 0.154224 0.01 0.01
0 0.511972 0.215400 0.01 0.01
0 0.482854 0.182459 0.01 0.01
0 0.484177 0.238930 0.01 0.01
0 0.450427 0.224812 0.01 0.01
0 0.457045 0.171871 0.01 0.01
0 0.450427 0.115400 0.01 0.01
0 0.439177 0.117753 0.01 0.01
0 0.433222 0.120106 0.01 0.01
0 0.501383 0.321283 0.01 0.01
0 0.547707 0.338930 0.01 0.01
0 0.534472 0.423636 0.01 0.01
0 0.535133 0.453047 0.01 0.01
0 0.530501 0.480106 0.01 0.01
0 0.511310 0.422459 0.01 0.01
0 0.500722 0.425989 0.01 0.01
0 0.491457 0.435400 0.01 0.01
0 0.480207 0.389518 0.01 0.01
0 0.425280 0.323636 0.01 0.01
0 0.427266 0.271871 0.01 0.01
0 0.388222 0.293047 0.01 0.01
0 0.369692 0.249518 0.01 0.01
0 0.360427 0.228342 0.01 0.01
0 0.369692 0.216577 0.01 0.01
0 0.383589 0.213047 0.01 0.01
0 0.407413 0.133047 0.01 0.01
0 0.398810 0.121283 0.01 0.01
0 0.377633 0.110694 0.01 0.01
0 0.349177 0.169518 0.01 0.01
0 0.346530 0.129518 0.01 0.01
0 0.329986 0.145989 0.01 0.01
0 0.321383 0.147165 0.01 0.01
0 0.335280 0.114224 0.01 0.01
0 0.325354 0.082459 0.01 0.01
0 0.316751 0.091871 0.01 0.01
0 0.309472 0.113047 0.01 0.01
0 0.298222 0.116577 0.01 0.01
0 0.280354 0.107165 0.01 0.01
0 0.277045 0.147165 0.01 0.01
0 0.263148 0.113047 0.01 0.01
0 0.252560 0.117753 0.01 0.01
0 0.254545 0.084812 0.01 0.01
0 0.244619 0.104812 0.01 0.01
0 0.220133 0.130694 0.01 0.01
0 0.216824 0.162459 0.01 0.01
0 0.199619 0.157753 0.01 0.01
0 0.204251 0.165989 0.01 0.01
0 0.198295 0.085989 0.01 0.01
0 0.168516 0.123636 0.01 0.01
0 0.195648 0.220106 0.01 0.01
0 0.192339 0.273047 0.01 0.01
0 0.298883 0.211871 0.01 0.01
0 0.320722 0.222459 0.01 0.01
0 0.308148 0.260106 0.01 0.01
0 0.283663 0.309518 0.01 0.01
0 0.235354 0.322459 0.01 0.01
0 0.194986 0.335400 0.01 0.01
0 0.192339 0.314224 0.01 0.01
0 0.192339 0.371871 0.01 0.01
0 0.198295 0.402459 0.01 0.01
0 0.214177 0.423636 0.01 0.01
0 0.194324 0.443636 0.01 0.01
0 0.190354 0.451871 0.01 0.01
0 0.190354 0.465989 0.01 0.01
0 0.186383 0.484812 0.01 0.01
0 0.171163 0.495400 0.01 0.01
0 0.142045 0.511871 0.01 0.01
0 0.148001 0.595400 0.01 0.01
0 0.194324 0.571871 0.01 0.01
0 0.191677 0.549518 0.01 0.01
0 0.196310 0.528342 0.01 0.01
0 0.200280 0.509518 0.01 0.01
0 0.242633 0.505989 0.01 0.01
0 0.332633 0.435400 0.01 0.01
0 0.340574 0.540106 0.01 0.01
0 0.341236 0.577753 0.01 0.01
0 0.308810 0.543636 0.01 0.01
0 0.328001 0.617753 0.01 0.01
0 0.318736 0.620106 0.01 0.01
0 0.329986 0.675400 0.01 0.01
0 0.345207 0.751871 0.01 0.01
0 0.308148 0.702459 0.01 0.01
0 0.251236 0.630694 0.01 0.01
0 0.218148 0.640106 0.01 0.01
0 0.185060 0.605989 0.01 0.01
0 0.193663 0.656577 0.01 0.01
0 0.190354 0.681283 0.01 0.01
0 0.191677 0.703636 0.01 0.01
0 0.187707 0.767165 0.01 0.01
0 0.192339 0.754224 0.01 0.01
0 0.195648 0.784812 0.01 0.01
0 0.176457 0.787165 0.01 0.01
0 0.234692 0.768341 0.01 0.01
0 0.232045 0.802459 0.01 0.01
0 0.216824 0.856577 0.01 0.01
0 0.215501 0.868342 0.01 0.01
0 0.208883 0.888342 0.01 0.01
0 0.204251 0.871871 0.01 0.01
0 0.198295 0.858930 0.01 0.01
0 0.198295 0.850694 0.01 0.01
0 0.191016 0.837753 0.01 0.01
0 0.182413 0.871871 0.01 0.01
0 0.189030 0.888342 0.01 0.01
0 0.181089 0.894224 0.01 0.01
0 0.222780 0.902459 0.01 0.01
0 0.222119 0.938930 0.01 0.01
0 0.236016 0.903636 0.01 0.01
0 0.264472 0.934224 0.01 0.01
0 0.292927 0.909518 0.01 0.01
0 0.298222 0.875400 0.01 0.01
0 0.289619 0.916577 0.01 0.01
0 0.340574 0.965989 0.01 0.01
0 0.354472 0.907165 0.01 0.01
0 0.391530 0.884812 0.01 0.01
0 0.402780 0.920106 0.01 0.01
0 0.436530 0.914224 0.01 0.01
0 0.454398 0.909518 0.01 0.01
0 0.472927 0.878930 0.01 0.01
0 0.438516 0.743636 0.01 0.01
0 0.415354 0.733047 0.01 0.01
0 0.517927 0.875400 0.01 0.01
0 0.509986 0.807165 0.01 0.01
0 0.484839 0.747165 0.01 0.01
0 0.491457 0.741283 0.01 0.01
0 0.496089 0.713047 0.01 0.01
0 0.525207 0.725989 0.01 0.01
0 0.515280 0.698930 0.01 0.01
0 0.503369 0.681283 0.01 0.01
0 0.526530 0.638930 0.01 0.01
0 0.533810 0.618930 0.01 0.01
0 0.544398 0.575400 0.01 0.01
0 0.515280 0.584812 0.01 0.01
0 0.489472 0.604812 0.01 0.01
0 0.492780 0.575400 0.01 0.01
0 0.474251 0.562459 0.01 0.01
0 0.437192 0.505989 0.01 0.01
0 0.408074 0.495400 0.01 0.01
0 0.433222 0.645989 0.01 0.01
0 0.440501 0.683636 0.01 0.01
0 0.401457 0.631871 0.01 0.01
0 0.395501 0.607165 0.01 0.01
0 0.547707 0.803636 0.01 0.01
0 0.544398 0.773047 0.01 0.01
