0 0.764766 0.857753 0.01 0.01
0 0.749545 0.865989 0.01 0.01
0 0.788589 0.798930 0.01 0.01
0 0.812413 0.818930 0.01 0.01
0 0.809104 0.807165 0.01 0.01
0 0.812413 0.807165 0.01 0.01
0 0.821016 0.790694 0.01 0.01
0 0.810427 0.771871 0.01 0.01
0 0.824324 0.736577 0.01 0.01
0 0.835574 0.796577 0.01 0.01
0 0.834251 0.834224 0.01 0.01
0 0.750207 0.733047 0.01 0.01
0 0.714472 0.798930 0.01 0.01
0 0.715133 0.873047 0.01 0.01
0 0.688663 0.863636 0.01 0.01
0 0.652927 0.869518 0.01 0.01
0 0.641016 0.858930 0.01 0.01
0 0.623148 0.898930 0.01 0.01
0 0.607266 0.898930 0.01 0.01
0 0.618516 0.853047 0.01 0.01
0 0.574177 0.861283 0.01 0.01
0 0.545722 0.881283 0.01 0.01
0 0.502707 0.862459 0.01 0.01
0 0.486163 0.877753 0.01 0.01
0 0.439177 0.847165 0.01 0.01
0 0.432560 0.857753 0.01 0.01
0 0.402119 0.858930 0.01 0.01
0 0.410060 0.822459 0.01 0.01
0 0.418663 0.793047 0.01 0.01
0 0.448442 0.794224 0.01 0.01
0 0.479545 0.793047 0.01 0.01
0 0.531163 0.789518 0.01 0.01
0 0.574839 0.780106 0.01 0.01
0 0.684030 0.717753 0.01 0.01
0 0.691310 0.695400 0.01 0.01
0 0.696604 0.647165 0.01 0.01
0 0.781972 0.667165 0.01 0.01
0 0.771383 0.557753 0.01 0.01
0 0.813736 0.583636 0.01 0.01
0 0.802486 0.558930 0.01 0.01
0 0.801824 0.531871 0.01 0.01
0 0.807119 0.529518 0.01 0.01
0 0.842854 0.544812 0.01 0.01
0 0.851457 0.548342 0.01 0.01
0 0.847486 0.609518 0.01 0.01
0 0.813736 0.413047 0.01 0.01
0 0.810427 0.296577 0.01 0.01
0 0.812413 0.275400 0.01 0.01
0 0.819030 0.262459 0.01 0.01
0 0.807780 0.208342 0.01 0.01
0 0.810427 0.185989 0.01 0.01
0 0.817045 0.175400 0.01 0.01
0 0.812413 0.169518 0.01 0.01
0 0.810427 0.149518 0.01 0.01
0 0.812413 0.130694 0.01 0.01
0 0.803148 0.118930 0.01 0.01
0 0.795207 0.108342 0.01 0.01
0 0.799839 0.103636 0.01 0.01
0 0.803148 0.094224 0.01 0.01
0 0.793883 0.081283 0.01 0.01
0 0.771383 0.102459 0.01 0.01
0 0.764766 0.076577 0.01 0.01
0 0.759472 0.077753 0.01 0.01
0 0.750869 0.077753 0.01 0.01
0 0.745574 0.083636 0.01 0.01
0 0.750869 0.034224 0.01 0.01
0 0.730354 0.076577 0.01 0.01
0 0.725721 0.082459 0.01 0.01
0 0.706530 0.094224 0.01 0.01
0 0.692633 0.082459 0.01 0.01
0 0.677413 0.085989 0.01 0.01
0 0.663516 0.071871 0.01 0.01
0 0.664177 0.062459 0.01 0.01
0 0.685354 0.170694 0.01 0.01
0 0.710501 0.242459 0.01 0.01
0 0.752192 0.234224 0.01 0.01
0 0.684030 0.157753 0.01 0.01
0 0.612560 0.190694 0.01 0.01
0 0.625795 0.094224 0.01 0.01
0 0.628442 0.074224 0.01 0.01
0 0.609251 0.109518 0.01 0.01
0 0.605280 0.076577 0.01 0.01
0 0.588736 0.089518 0.01 0.01
0 0.580133 0.087165 0.01 0.01
0 0.572192 0.107165 0.01 0.01
0 0.572854 0.081283 0.01 0.01
0 0.558295 0.068342 0.01 0.01
0 0.550354 0.197753 0.01 0.01
0 0.586089 0.256577 0.01 0.01
0 0.672119 0.374224 0.01 0.01
0 0.736971 0.357753 0.01 0.01
0 0.672780 0.477753 0.01 0.01
0 0.644986 0.500106 0.01 0.01
0 0.723736 0.505989 0.01 0.01
0 0.617854 0.513047 0.01 0.01
0 0.605942 0.496577 0.01 0.01
0 0.623810 0.407165 0.01 0.01
0 0.650280 0.388342 0.01 0.01
0 0.566898 0.358930 0.01 0.01
0 0.551677 0.328342 0.01 0.01
0 0.540427 0.335400 0.01 0.01
0 0.513957 0.333047 0.01 0.01
0 0.570207 0.323636 0.01 0.01
0 0.522560 0.223636 0.01 0.01
0 0.515280 0.198930 0.01 0.01
0 0.515280 0.176577 0.01 0.01
0 0.487486 0.191871 0.01 0.01
0 0.470942 0.153047 0.01 0.01
0 0.464324 0.154224 0.01 0.01
0 0.476898 0.120106 0.01 0.01
0 0.486163 0.071871 0.01 0.01
0 0.503369 0.071871 0.01 0.01
0 0.459692 0.053047 0.01 0.01
0 0.424619 0.074224 0.01 0.01
0 0.419324 0.062459 0.01 0.01
0 0.400795 0.075400 0.01 0.01
0 0.373001 0.077753 0.01 0.01
0 0.370354 0.094224 0.01 0.01
0 0.392854 0.076577 0.01 0.01
0 0.339913 0.100106 0.01 0.01
0 0.319398 0.082459 0.01 0.01
0 0.324692 0.070694 0.01 0.01
0 0.287633 0.125989 0.01 0.01
0 0.438516 0.154224 0.01 0.01
0 0.438516 0.203636 0.01 0.01
0 0.359766 0.243636 0.01 0.01
0 0.429913 0.323636 0.01 0.01
0 0.449104 0.311871 0.01 0.01
0 0.427266 0.387165 0.01 0.01
0 0.460354 0.408342 0.01 0.01
0 0.551016 0.449518 0.01 0.01
0 0.549030 0.498930 0.01 0.01
0 0.566236 0.620106 0.01 0.01
0 0.566236 0.695400 0.01 0.01
0 0.556971 0.664812 0.01 0.01
0 0.519251 0.625989 0.01 0.01
0 0.482192 0.656577 0.01 0.01
0 0.489472 0.711871 0.01 0.01
0 0.455060 0.718930 0.01 0.01
0 0.432560 0.681283 0.01 0.01
0 0.441824 0.637753 0.01 0.01
0 0.455722 0.607165 0.01 0.01
0 0.480869 0.558930 0.01 0.01
0 0.483516 0.528342 0.01 0.01
0 0.451089 0.525989 0.01 0.01
0 0.418663 0.504812 0.01 0.01
0 0.394177 0.533047 0.01 0.01
0 0.363736 0.416577 0.01 0.01
0 0.374324 0.570694 0.01 0.01
0 0.392854 0.609518 0.01 0.01
0 0.379619 0.658930 0.01 0.01
0 0.392854 0.763636 0.01 0.01
0 0.343221 0.645989 0.01 0.01
0 0.341898 0.617753 0.01 0.01
0 0.318074 0.638930 0.01 0.01
0 0.311457 0.569518 0.01 0.01
0 0.305501 0.549518 0.01 0.01
0 0.275060 0.631871 0.01 0.01
0 0.265795 0.607165 0.01 0.01
0 0.253222 0.642459 0.01 0.01
0 0.234692 0.576577 0.01 0.01
0 0.204913 0.637753 0.01 0.01
0 0.126824 0.673047 0.01 0.01
0 0.173148 0.663636 0.01 0.01
0 0.173148 0.683636 0.01 0.01
0 0.175795 0.695400 0.01 0.01
0 0.171824 0.696577 0.01 0.01
0 0.169839 0.711871 0.01 0.01
0 0.176457 0.727165 0.01 0.01
0 0.172486 0.741283 0.01 0.01
0 0.171163 0.773047 0.01 0.01
0 0.168516 0.782459 0.01 0.01
0 0.175133 0.778930 0.01 0.01
0 0.174472 0.840106 0.01 0.01
0 0.156604 0.881283 0.01 0.01
0 0.191016 0.909518 0.01 0.01
0 0.189692 0.827165 0.01 0.01
0 0.208883 0.843636 0.01 0.01
0 0.202266 0.845989 0.01 0.01
0 0.220795 0.871871 0.01 0.01
0 0.226751 0.855400 0.01 0.01
0 0.244619 0.847165 0.01 0.01
0 0.265133 0.855400 0.01 0.01
0 0.275060 0.856577 0.01 0.01
0 0.271089 0.834224 0.01 0.01
0 0.324692 0.856577 0.01 0.01
0 0.351824 0.860106 0.01 0.01
0 0.211530 0.789518 0.01 0.01
0 0.198957 0.775400 0.01 0.01
0 0.228074 0.774224 0.01 0.01
0 0.243295 0.765989 0.01 0.01
0 0.263810 0.769518 0.01 0.01
0 0.228074 0.721283 0.01 0.01
0 0.169839 0.593047 0.01 0.01
0 0.177119 0.568341 0.01 0.01
0 0.176457 0.542459 0.01 0.01
0 0.149324 0.528342 0.01 0.01
0 0.200280 0.498930 0.01 0.01
0 0.215501 0.485989 0.01 0.01
0 0.186383 0.449518 0.01 0.01
0 0.168516 0.431871 0.01 0.01
0 0.134766 0.391871 0.01 0.01
0 0.177780 0.401283 0.01 0.01
0 0.181751 0.395400 0.01 0.01
0 0.234692 0.422459 0.01 0.01
0 0.235354 0.387165 0.01 0.01
0 0.263810 0.462459 0.01 0.01
0 0.273736 0.248342 0.01 0.01
0 0.226089 0.264812 0.01 0.01
0 0.198295 0.280106 0.01 0.01
0 0.180427 0.281283 0.01 0.01
0 0.179766 0.302459 0.01 0.01
0 0.165869 0.331871 0.01 0.01
0 0.178442 0.254224 0.01 0.01
0 0.177780 0.198930 0.01 0.01
0 0.217486 0.211871 0.01 0.01
0 0.216824 0.153047 0.01 0.01
0 0.206898 0.157753 0.01 0.01
0 0.185060 0.154224 0.01 0.01
0 0.181089 0.135400 0.01 0.01
0 0.146016 0.097753 0.01 0.01
0 0.142045 0.084812 0.01 0.01
0 0.157927 0.076577 0.01 0.01
0 0.183074 0.061283 0.01 0.01
0 0.186383 0.067165 0.01 0.01
0 0.182413 0.114224 0.01 0.01
0 0.186383 0.102459 0.01 0.01
0 0.193663 0.113047 0.01 0.01
0 0.206898 0.091871 0.01 0.01
0 0.212192 0.077753 0.01 0.01
0 0.224104 0.065989 0.01 0.01
0 0.230060 0.091871 0.01 0.01
0 0.234030 0.078930 0.01 0.01
0 0.232045 0.073047 0.01 0.01
0 0.234692 0.071871 0.01 0.01
0 0.245280 0.074224 0.01 0.01
0 0.251236 0.070694 0.01 0.01
0 0.260501 0.077753 0.01 0.01
