0 0.785937 0.054167 0.01 0.01
0 0.799219 0.069444 0.01 0.01
0 0.853125 0.122222 0.01 0.01
0 0.860156 0.184722 0.01 0.01
0 0.760156 0.140278 0.01 0.01
0 0.677344 0.115278 0.01 0.01
0 0.636719 0.076389 0.01 0.01
0 0.535156 0.293056 0.01 0.01
0 0.809375 0.212500 0.01 0.01
0 0.746875 0.427778 0.01 0.01
0 0.732031 0.431944 0.01 0.01
0 0.821094 0.491667 0.01 0.01
0 0.862500 0.556944 0.01 0.01
0 0.409375 0.351389 0.01 0.01
0 0.629687 0.551389 0.01 0.01
0 0.782031 0.833333 0.01 0.01
0 0.847656 0.863889 0.01 0.01
0 0.854688 0.808333 0.01 0.01
0 0.567969 0.931944 0.01 0.01
0 0.557031 0.855556 0.01 0.01
0 0.519531 0.737500 0.01 0.01
0 0.468750 0.775000 0.01 0.01
0 0.437500 0.625000 0.01 0.01
0 0.385938 0.750000 0.01 0.01
0 0.366406 0.552778 0.01 0.01
0 0.292188 0.918056 0.01 0.01
0 0.229687 0.708333 0.01 0.01
0 0.296875 0.180556 0.01 0.01
0 0.141406 0.054167 0.01 0.01
