0 0.782812 0.058333 0.01 0.01
0 0.764844 0.209722 0.01 0.01
0 0.639844 0.268056 0.01 0.01
0 0.617969 0.334722 0.01 0.01
0 0.673437 0.338889 0.01 0.01
0 0.668750 0.445833 0.01 0.01
0 0.836719 0.394444 0.01 0.01
0 0.860937 0.309722 0.01 0.01
0 0.474251 0.047165 0.01 0.01
0 0.266457 0.171871 0.01 0.01
0 0.292927 0.305989 0.01 0.01
0 0.398148 0.514224 0.01 0.01
0 0.373001 0.474224 0.01 0.01
0 0.225427 0.615400 0.01 0.01
0 0.398810 0.731871 0.01 0.01
0 0.443148 0.800106 0.01 0.01
0 0.446457 0.728342 0.01 0.01
0 0.478222 0.683636 0.01 0.01
0 0.446457 0.936577 0.01 0.01
0 0.548369 0.807165 0.01 0.01
0 0.562927 0.495400 0.01 0.01
0 0.707192 0.627165 0.01 0.01
0 0.635060 0.854224 0.01 0.01
0 0.703221 0.844812 0.01 0.01
0 0.802486 0.930694 0.01 0.01
0 0.858074 0.857753 0.01 0.01
0 0.868001 0.829518 0.01 0.01
0 0.863369 0.585989 0.01 0.01
