0 0.893810 0.928342 0.01 0.01
0 0.884545 0.925989 0.01 0.01
0 0.873295 0.856577 0.01 0.01
0 0.852780 0.881283 0.01 0.01
0 0.844177 0.920106 0.01 0.01
0 0.826972 0.941283 0.01 0.01
0 0.803148 0.945989 0.01 0.01
0 0.789251 0.964812 0.01 0.01
0 0.755501 0.940106 0.01 0.01
0 0.747560 0.954224 0.01 0.01
0 0.742927 0.941283 0.01 0.01
0 0.733663 0.904812 0.01 0.01
0 0.769398 0.924812 0.01 0.01
0 0.785942 0.918930 0.01 0.01
0 0.773369 0.875400 0.01 0.01
0 0.772707 0.824812 0.01 0.01
0 0.748222 0.809518 0.01 0.01
0 0.859398 0.757753 0.01 0.01
0 0.768074 0.675400 0.01 0.01
0 0.817045 0.596577 0.01 0.01
0 0.860060 0.642459 0.01 0.01
0 0.862707 0.588342 0.01 0.01
0 0.772045 0.548342 0.01 0.01
0 0.736310 0.549518 0.01 0.01
0 0.731677 0.584812 0.01 0.01
0 0.678074 0.698930 0.01 0.01
0 0.635722 0.730694 0.01 0.01
0 0.649619 0.837753 0.01 0.01
0 0.636383 0.935400 0.01 0.01
0 0.621163 0.889518 0.01 0.01
0 0.554324 0.915400 0.01 0.01
0 0.577486 0.818930 0.01 0.01
0 0.545722 0.775400 0.01 0.01
0 0.546383 0.682459 0.01 0.01
0 0.577486 0.701283 0.01 0.01
0 0.580133 0.658930 0.01 0.01
0 0.554324 0.634224 0.01 0.01
0 0.590721 0.555400 0.01 0.01
0 0.513295 0.594224 0.01 0.01
0 0.476236 0.595400 0.01 0.01
0 0.494104 0.451871 0.01 0.01
0 0.509986 0.445989 0.01 0.01
0 0.615207 0.477753 0.01 0.01
0 0.654913 0.484812 0.01 0.01
0 0.639692 0.382459 0.01 0.01
0 0.731677 0.305989 0.01 0.01
0 0.763442 0.333047 0.01 0.01
0 0.861383 0.316577 0.01 0.01
0 0.875942 0.317753 0.01 0.01
0 0.888516 0.265989 0.01 0.01
0 0.863369 0.285989 0.01 0.01
0 0.861383 0.240106 0.01 0.01
0 0.861383 0.224812 0.01 0.01
0 0.866677 0.198930 0.01 0.01
0 0.856089 0.202459 0.01 0.01
0 0.860721 0.194224 0.01 0.01
0 0.839545 0.167165 0.01 0.01
0 0.778001 0.117753 0.01 0.01
0 0.767413 0.155400 0.01 0.01
0 0.714472 0.156577 0.01 0.01
0 0.639030 0.148342 0.01 0.01
0 0.611236 0.171871 0.01 0.01
0 0.621163 0.235400 0.01 0.01
0 0.601310 0.277753 0.01 0.01
0 0.592707 0.267165 0.01 0.01
0 0.566236 0.278930 0.01 0.01
0 0.556310 0.249518 0.01 0.01
0 0.529839 0.278930 0.01 0.01
0 0.526530 0.257753 0.01 0.01
0 0.525207 0.141283 0.01 0.01
0 0.471604 0.195400 0.01 0.01
0 0.466971 0.285989 0.01 0.01
0 0.434545 0.135400 0.01 0.01
0 0.386898 0.135400 0.01 0.01
0 0.353148 0.160106 0.01 0.01
0 0.396824 0.343636 0.01 0.01
0 0.279030 0.143636 0.01 0.01
0 0.269104 0.176577 0.01 0.01
0 0.254545 0.156577 0.01 0.01
0 0.224104 0.100106 0.01 0.01
0 0.217486 0.171871 0.01 0.01
0 0.227413 0.258930 0.01 0.01
0 0.221457 0.280106 0.01 0.01
0 0.260501 0.241283 0.01 0.01
0 0.232045 0.527165 0.01 0.01
0 0.289619 0.498930 0.01 0.01
0 0.273736 0.585989 0.01 0.01
0 0.218810 0.591871 0.01 0.01
0 0.328663 0.642459 0.01 0.01
0 0.418663 0.611871 0.01 0.01
0 0.461016 0.758930 0.01 0.01
0 0.451089 0.851871 0.01 0.01
0 0.437854 0.808341 0.01 0.01
0 0.446457 0.920106 0.01 0.01
0 0.478222 0.805989 0.01 0.01
0 0.402119 0.788342 0.01 0.01
0 0.375648 0.740106 0.01 0.01
0 0.369030 0.831871 0.01 0.01
0 0.374986 0.920106 0.01 0.01
0 0.376310 0.935400 0.01 0.01
0 0.362413 0.915400 0.01 0.01
0 0.350501 0.916577 0.01 0.01
0 0.339913 0.804812 0.01 0.01
0 0.295574 0.784812 0.01 0.01
0 0.220795 0.734224 0.01 0.01
0 0.278369 0.711871 0.01 0.01
0 0.212192 0.789518 0.01 0.01
0 0.213516 0.834224 0.01 0.01
0 0.207560 0.856577 0.01 0.01
0 0.220133 0.842459 0.01 0.01
0 0.220795 0.869518 0.01 0.01
0 0.200280 0.944812 0.01 0.01
0 0.228736 0.885989 0.01 0.01
0 0.249251 0.900106 0.01 0.01
0 0.257192 0.935400 0.01 0.01
0 0.281677 0.907165 0.01 0.01
0 0.292266 0.905989 0.01 0.01
0 0.313442 0.917753 0.01 0.01
