0 0.883883 0.929518 0.01 0.01
0 0.895133 0.908341 0.01 0.01
0 0.873957 0.887165 0.01 0.01
0 0.859398 0.873047 0.01 0.01
0 0.844839 0.920106 0.01 0.01
0 0.835574 0.930694 0.01 0.01
0 0.803148 0.950694 0.01 0.01
0 0.786604 0.960106 0.01 0.01
0 0.790574 0.930694 0.01 0.01
0 0.756163 0.937753 0.01 0.01
0 0.750869 0.953047 0.01 0.01
0 0.743589 0.935400 0.01 0.01
0 0.737633 0.902459 0.01 0.01
0 0.769398 0.901283 0.01 0.01
0 0.776016 0.883636 0.01 0.01
0 0.774030 0.822459 0.01 0.01
0 0.748883 0.808341 0.01 0.01
0 0.860060 0.749518 0.01 0.01
0 0.858074 0.641283 0.01 0.01
0 0.864030 0.590694 0.01 0.01
0 0.821016 0.593047 0.01 0.01
0 0.766751 0.658930 0.01 0.01
0 0.725721 0.576577 0.01 0.01
0 0.722413 0.528342 0.01 0.01
0 0.774030 0.545989 0.01 0.01
0 0.727045 0.318930 0.01 0.01
0 0.748222 0.338930 0.01 0.01
0 0.861383 0.317753 0.01 0.01
0 0.873957 0.324812 0.01 0.01
0 0.861383 0.290694 0.01 0.01
0 0.888516 0.267165 0.01 0.01
0 0.860060 0.242459 0.01 0.01
0 0.863369 0.222459 0.01 0.01
0 0.860721 0.209518 0.01 0.01
0 0.858074 0.207165 0.01 0.01
0 0.866677 0.194224 0.01 0.01
0 0.836898 0.163636 0.01 0.01
0 0.791898 0.109518 0.01 0.01
0 0.763442 0.136577 0.01 0.01
0 0.712486 0.149518 0.01 0.01
0 0.645648 0.153047 0.01 0.01
0 0.621824 0.170694 0.01 0.01
0 0.619177 0.235400 0.01 0.01
0 0.602633 0.280106 0.01 0.01
0 0.586089 0.263636 0.01 0.01
0 0.564913 0.277753 0.01 0.01
0 0.560942 0.264812 0.01 0.01
0 0.627780 0.363636 0.01 0.01
0 0.653589 0.484812 0.01 0.01
0 0.617854 0.443636 0.01 0.01
0 0.528516 0.277753 0.01 0.01
0 0.525869 0.263636 0.01 0.01
0 0.523221 0.143636 0.01 0.01
0 0.485501 0.231871 0.01 0.01
0 0.478222 0.191871 0.01 0.01
0 0.414692 0.135400 0.01 0.01
0 0.365722 0.134224 0.01 0.01
0 0.345869 0.135400 0.01 0.01
0 0.222119 0.101283 0.01 0.01
0 0.252560 0.155400 0.01 0.01
0 0.265795 0.164812 0.01 0.01
0 0.266457 0.177753 0.01 0.01
0 0.220795 0.177753 0.01 0.01
0 0.236677 0.249518 0.01 0.01
0 0.257854 0.248342 0.01 0.01
0 0.225427 0.320106 0.01 0.01
0 0.410721 0.344812 0.01 0.01
0 0.508663 0.458930 0.01 0.01
0 0.588736 0.560106 0.01 0.01
0 0.681383 0.710694 0.01 0.01
0 0.637707 0.722459 0.01 0.01
0 0.651604 0.836577 0.01 0.01
0 0.635060 0.931871 0.01 0.01
0 0.617854 0.863636 0.01 0.01
0 0.574839 0.807165 0.01 0.01
0 0.551016 0.781283 0.01 0.01
0 0.551677 0.920106 0.01 0.01
0 0.570869 0.701283 0.01 0.01
0 0.571530 0.667165 0.01 0.01
0 0.554986 0.630694 0.01 0.01
0 0.542413 0.673047 0.01 0.01
0 0.521236 0.701283 0.01 0.01
0 0.515280 0.610694 0.01 0.01
0 0.462339 0.777753 0.01 0.01
0 0.490133 0.843636 0.01 0.01
0 0.449104 0.915400 0.01 0.01
0 0.444472 0.855400 0.01 0.01
0 0.427927 0.813047 0.01 0.01
0 0.410060 0.774224 0.01 0.01
0 0.374986 0.742459 0.01 0.01
0 0.371016 0.830694 0.01 0.01
0 0.340574 0.805989 0.01 0.01
0 0.418001 0.616577 0.01 0.01
0 0.345869 0.616577 0.01 0.01
0 0.273074 0.574224 0.01 0.01
0 0.221457 0.564812 0.01 0.01
0 0.219471 0.598930 0.01 0.01
0 0.226751 0.710694 0.01 0.01
0 0.298222 0.789518 0.01 0.01
0 0.378295 0.943636 0.01 0.01
0 0.374986 0.916577 0.01 0.01
0 0.363074 0.920106 0.01 0.01
0 0.353148 0.917753 0.01 0.01
0 0.316751 0.914224 0.01 0.01
0 0.292266 0.913047 0.01 0.01
0 0.283663 0.907165 0.01 0.01
0 0.254545 0.947165 0.01 0.01
0 0.204913 0.951871 0.01 0.01
0 0.242633 0.893047 0.01 0.01
0 0.232045 0.885989 0.01 0.01
0 0.224104 0.870694 0.01 0.01
0 0.206898 0.882459 0.01 0.01
0 0.222119 0.851871 0.01 0.01
0 0.213516 0.835400 0.01 0.01
0 0.213516 0.789518 0.01 0.01
