0 0.178906 0.029167 0.01 0.01
0 0.294531 0.179167 0.01 0.01
0 0.407813 0.354167 0.01 0.01
0 0.532031 0.230556 0.01 0.01
0 0.634375 0.073611 0.01 0.01
0 0.656250 0.093056 0.01 0.01
0 0.732813 0.136111 0.01 0.01
0 0.747656 0.422222 0.01 0.01
0 0.733594 0.429167 0.01 0.01
0 0.626562 0.552778 0.01 0.01
0 0.432031 0.561111 0.01 0.01
0 0.367188 0.551389 0.01 0.01
0 0.526563 0.691667 0.01 0.01
0 0.548437 0.831944 0.01 0.01
0 0.468750 0.813889 0.01 0.01
0 0.382812 0.765278 0.01 0.01
0 0.223438 0.701389 0.01 0.01
0 0.311719 0.919444 0.01 0.01
0 0.561719 0.936111 0.01 0.01
0 0.848437 0.861111 0.01 0.01
0 0.855469 0.804167 0.01 0.01
0 0.775781 0.827778 0.01 0.01
0 0.859375 0.572222 0.01 0.01
0 0.825781 0.498611 0.01 0.01
0 0.790625 0.052778 0.01 0.01
0 0.793750 0.063889 0.01 0.01
0 0.852344 0.120833 0.01 0.01
0 0.857813 0.201389 0.01 0.01
0 0.800781 0.211111 0.01 0.01
