0 0.806457 0.302459 0.01 0.01
0 0.812413 0.284812 0.01 0.01
0 0.766089 0.241283 0.01 0.01
0 0.715133 0.242459 0.01 0.01
0 0.751530 0.198930 0.01 0.01
0 0.806457 0.203636 0.01 0.01
0 0.807780 0.181283 0.01 0.01
0 0.809766 0.163636 0.01 0.01
0 0.817045 0.163636 0.01 0.01
0 0.806457 0.145989 0.01 0.01
0 0.805133 0.831871 0.01 0.01
0 0.803810 0.821283 0.01 0.01
0 0.803148 0.805989 0.01 0.01
0 0.796530 0.796577 0.01 0.01
0 0.792560 0.857753 0.01 0.01
0 0.833589 0.837753 0.01 0.01
0 0.831604 0.797753 0.01 0.01
0 0.819692 0.791871 0.01 0.01
0 0.818369 0.794224 0.01 0.01
0 0.813074 0.783636 0.01 0.01
0 0.764766 0.857753 0.01 0.01
0 0.747560 0.857753 0.01 0.01
0 0.715795 0.863636 0.01 0.01
0 0.687339 0.856577 0.01 0.01
0 0.652927 0.862459 0.01 0.01
0 0.617192 0.882459 0.01 0.01
0 0.601972 0.893047 0.01 0.01
0 0.609251 0.850694 0.01 0.01
0 0.609913 0.791871 0.01 0.01
0 0.711163 0.796577 0.01 0.01
0 0.746898 0.725989 0.01 0.01
0 0.670795 0.715400 0.01 0.01
0 0.688001 0.696577 0.01 0.01
0 0.697927 0.635400 0.01 0.01
0 0.732339 0.680106 0.01 0.01
0 0.819692 0.748342 0.01 0.01
0 0.807119 0.682459 0.01 0.01
0 0.844177 0.627165 0.01 0.01
0 0.848148 0.567165 0.01 0.01
0 0.810427 0.573047 0.01 0.01
0 0.801163 0.553047 0.01 0.01
0 0.797854 0.527165 0.01 0.01
0 0.806457 0.524812 0.01 0.01
0 0.837560 0.510694 0.01 0.01
0 0.764104 0.524812 0.01 0.01
0 0.819692 0.467165 0.01 0.01
0 0.813736 0.448341 0.01 0.01
0 0.714472 0.507165 0.01 0.01
0 0.666163 0.496577 0.01 0.01
0 0.644324 0.500106 0.01 0.01
0 0.619177 0.500106 0.01 0.01
0 0.601972 0.491871 0.01 0.01
0 0.623810 0.413047 0.01 0.01
0 0.644986 0.390694 0.01 0.01
0 0.680060 0.364812 0.01 0.01
0 0.715795 0.336577 0.01 0.01
0 0.666163 0.374224 0.01 0.01
0 0.799177 0.124812 0.01 0.01
0 0.805133 0.118930 0.01 0.01
0 0.809104 0.110694 0.01 0.01
0 0.801163 0.109518 0.01 0.01
0 0.790574 0.076577 0.01 0.01
0 0.767413 0.102459 0.01 0.01
0 0.761457 0.081283 0.01 0.01
0 0.758810 0.078930 0.01 0.01
0 0.748883 0.084812 0.01 0.01
0 0.737633 0.074224 0.01 0.01
0 0.725060 0.073047 0.01 0.01
0 0.719766 0.077753 0.01 0.01
0 0.705207 0.089518 0.01 0.01
0 0.705869 0.074224 0.01 0.01
0 0.692633 0.070694 0.01 0.01
0 0.688001 0.078930 0.01 0.01
0 0.671457 0.071871 0.01 0.01
0 0.665501 0.060106 0.01 0.01
0 0.658883 0.094224 0.01 0.01
0 0.681383 0.135400 0.01 0.01
0 0.630427 0.180106 0.01 0.01
0 0.584104 0.248342 0.01 0.01
0 0.555648 0.180106 0.01 0.01
0 0.601310 0.114224 0.01 0.01
0 0.613222 0.094224 0.01 0.01
0 0.623810 0.081283 0.01 0.01
0 0.590721 0.076577 0.01 0.01
0 0.577486 0.084812 0.01 0.01
0 0.572192 0.070694 0.01 0.01
0 0.566898 0.101283 0.01 0.01
0 0.547045 0.074224 0.01 0.01
0 0.502045 0.067165 0.01 0.01
0 0.518589 0.215400 0.01 0.01
0 0.515942 0.194224 0.01 0.01
0 0.504030 0.193047 0.01 0.01
0 0.499398 0.247165 0.01 0.01
0 0.520574 0.309518 0.01 0.01
0 0.511310 0.333047 0.01 0.01
0 0.544398 0.333047 0.01 0.01
0 0.560942 0.354224 0.01 0.01
0 0.566898 0.318930 0.01 0.01
0 0.486824 0.190694 0.01 0.01
0 0.464986 0.150694 0.01 0.01
0 0.461016 0.143636 0.01 0.01
0 0.476236 0.115400 0.01 0.01
0 0.468957 0.068342 0.01 0.01
0 0.461016 0.047165 0.01 0.01
0 0.433222 0.104812 0.01 0.01
0 0.418001 0.060106 0.01 0.01
0 0.410721 0.074224 0.01 0.01
0 0.388883 0.076577 0.01 0.01
0 0.374986 0.124812 0.01 0.01
0 0.368369 0.077753 0.01 0.01
0 0.341236 0.100106 0.01 0.01
0 0.318736 0.089518 0.01 0.01
0 0.321383 0.054224 0.01 0.01
0 0.343221 0.215400 0.01 0.01
0 0.427927 0.176577 0.01 0.01
0 0.443148 0.305989 0.01 0.01
0 0.425942 0.307165 0.01 0.01
0 0.431898 0.371871 0.01 0.01
0 0.457707 0.403636 0.01 0.01
0 0.252560 0.255400 0.01 0.01
0 0.273074 0.338930 0.01 0.01
0 0.237339 0.401283 0.01 0.01
0 0.238663 0.382459 0.01 0.01
0 0.220795 0.280106 0.01 0.01
0 0.294913 0.230694 0.01 0.01
0 0.210869 0.195400 0.01 0.01
0 0.275721 0.123636 0.01 0.01
0 0.257192 0.067165 0.01 0.01
0 0.257192 0.077753 0.01 0.01
0 0.248589 0.071871 0.01 0.01
0 0.236016 0.069518 0.01 0.01
0 0.231383 0.071871 0.01 0.01
0 0.226751 0.074224 0.01 0.01
0 0.229398 0.084812 0.01 0.01
0 0.226089 0.063636 0.01 0.01
0 0.204913 0.085989 0.01 0.01
0 0.200280 0.083636 0.01 0.01
0 0.185060 0.074224 0.01 0.01
0 0.175133 0.071871 0.01 0.01
0 0.155942 0.081283 0.01 0.01
0 0.150648 0.096577 0.01 0.01
0 0.140722 0.090694 0.01 0.01
0 0.187045 0.105989 0.01 0.01
0 0.190354 0.117753 0.01 0.01
0 0.183736 0.135400 0.01 0.01
0 0.192339 0.164812 0.01 0.01
0 0.206236 0.157753 0.01 0.01
0 0.213516 0.151871 0.01 0.01
0 0.178442 0.191871 0.01 0.01
0 0.179766 0.243636 0.01 0.01
0 0.198295 0.275400 0.01 0.01
0 0.181089 0.274224 0.01 0.01
0 0.175795 0.289518 0.01 0.01
0 0.179766 0.304812 0.01 0.01
0 0.166530 0.338930 0.01 0.01
0 0.179766 0.382459 0.01 0.01
0 0.178442 0.404812 0.01 0.01
0 0.165869 0.433047 0.01 0.01
0 0.132119 0.408342 0.01 0.01
0 0.200942 0.443636 0.01 0.01
0 0.194986 0.475400 0.01 0.01
0 0.190354 0.484812 0.01 0.01
0 0.216163 0.515400 0.01 0.01
0 0.263148 0.448341 0.01 0.01
0 0.367045 0.410694 0.01 0.01
0 0.171824 0.538930 0.01 0.01
0 0.176457 0.536577 0.01 0.01
0 0.175133 0.567165 0.01 0.01
0 0.537780 0.513047 0.01 0.01
0 0.481530 0.528342 0.01 0.01
0 0.477560 0.556577 0.01 0.01
0 0.438516 0.531871 0.01 0.01
0 0.402119 0.502459 0.01 0.01
0 0.394839 0.530694 0.01 0.01
0 0.396163 0.570694 0.01 0.01
0 0.371677 0.561283 0.01 0.01
0 0.304177 0.553047 0.01 0.01
0 0.296898 0.556577 0.01 0.01
0 0.238001 0.576577 0.01 0.01
0 0.167854 0.615400 0.01 0.01
0 0.125501 0.673047 0.01 0.01
0 0.174472 0.655400 0.01 0.01
0 0.180427 0.684812 0.01 0.01
0 0.176457 0.697753 0.01 0.01
0 0.171163 0.698930 0.01 0.01
0 0.175795 0.720106 0.01 0.01
0 0.165869 0.718930 0.01 0.01
0 0.173810 0.737753 0.01 0.01
0 0.167854 0.760106 0.01 0.01
0 0.168516 0.781283 0.01 0.01
0 0.171824 0.776577 0.01 0.01
0 0.177119 0.783636 0.01 0.01
0 0.175795 0.844812 0.01 0.01
0 0.157266 0.867165 0.01 0.01
0 0.193663 0.898930 0.01 0.01
0 0.511972 0.623636 0.01 0.01
0 0.564913 0.615400 0.01 0.01
0 0.588736 0.584812 0.01 0.01
0 0.552339 0.665989 0.01 0.01
0 0.560942 0.694224 0.01 0.01
0 0.570869 0.774224 0.01 0.01
0 0.574177 0.855400 0.01 0.01
0 0.543074 0.847165 0.01 0.01
0 0.534472 0.784812 0.01 0.01
0 0.486163 0.853047 0.01 0.01
0 0.484839 0.876577 0.01 0.01
0 0.439177 0.845989 0.01 0.01
0 0.429913 0.854224 0.01 0.01
0 0.395501 0.857753 0.01 0.01
0 0.377633 0.771871 0.01 0.01
0 0.420648 0.802459 0.01 0.01
0 0.430574 0.809518 0.01 0.01
0 0.439177 0.791871 0.01 0.01
0 0.479545 0.784812 0.01 0.01
0 0.472927 0.720106 0.01 0.01
0 0.482192 0.657753 0.01 0.01
0 0.457707 0.604812 0.01 0.01
0 0.425942 0.610694 0.01 0.01
0 0.421971 0.674224 0.01 0.01
0 0.455060 0.714224 0.01 0.01
0 0.370354 0.628341 0.01 0.01
0 0.341236 0.661283 0.01 0.01
0 0.328663 0.622459 0.01 0.01
0 0.316751 0.641283 0.01 0.01
0 0.275060 0.628341 0.01 0.01
0 0.264472 0.608342 0.01 0.01
0 0.255869 0.649518 0.01 0.01
0 0.228074 0.718930 0.01 0.01
0 0.235354 0.709518 0.01 0.01
0 0.242633 0.761283 0.01 0.01
0 0.230060 0.774224 0.01 0.01
0 0.210207 0.783636 0.01 0.01
0 0.267119 0.763636 0.01 0.01
0 0.192339 0.830694 0.01 0.01
0 0.200942 0.843636 0.01 0.01
0 0.208883 0.830694 0.01 0.01
0 0.216824 0.843636 0.01 0.01
0 0.218810 0.867165 0.01 0.01
0 0.181751 0.907165 0.01 0.01
0 0.241972 0.842459 0.01 0.01
0 0.263148 0.855400 0.01 0.01
0 0.275060 0.853047 0.01 0.01
0 0.285648 0.841283 0.01 0.01
0 0.314104 0.854224 0.01 0.01
