0 0.217187 0.120833 0.01 0.01
0 0.210938 0.141667 0.01 0.01
0 0.204688 0.155556 0.01 0.01
0 0.201562 0.251389 0.01 0.01
0 0.266406 0.036111 0.01 0.01
0 0.275781 0.084722 0.01 0.01
0 0.350000 0.259722 0.01 0.01
0 0.324219 0.263889 0.01 0.01
0 0.321094 0.122222 0.01 0.01
0 0.347656 0.084722 0.01 0.01
0 0.434375 0.205556 0.01 0.01
0 0.425000 0.087500 0.01 0.01
0 0.445312 0.131944 0.01 0.01
0 0.456250 0.115278 0.01 0.01
0 0.455469 0.090278 0.01 0.01
0 0.525000 0.090278 0.01 0.01
0 0.610156 0.090278 0.01 0.01
0 0.667969 0.093056 0.01 0.01
0 0.687500 0.161111 0.01 0.01
0 0.753125 0.062500 0.01 0.01
0 0.763281 0.093056 0.01 0.01
0 0.806250 0.097222 0.01 0.01
0 0.834375 0.106944 0.01 0.01
0 0.843750 0.125000 0.01 0.01
0 0.876562 0.169444 0.01 0.01
0 0.860937 0.183333 0.01 0.01
0 0.786719 0.181944 0.01 0.01
0 0.766406 0.230556 0.01 0.01
0 0.764063 0.322222 0.01 0.01
0 0.620313 0.194444 0.01 0.01
0 0.590625 0.261111 0.01 0.01
0 0.570312 0.250000 0.01 0.01
0 0.558594 0.256944 0.01 0.01
0 0.557031 0.229167 0.01 0.01
0 0.602344 0.361111 0.01 0.01
0 0.619531 0.347222 0.01 0.01
0 0.564062 0.363889 0.01 0.01
0 0.557031 0.383333 0.01 0.01
0 0.539844 0.366667 0.01 0.01
0 0.473437 0.330556 0.01 0.01
0 0.502344 0.418056 0.01 0.01
0 0.607813 0.430556 0.01 0.01
0 0.709375 0.509722 0.01 0.01
0 0.743750 0.550000 0.01 0.01
0 0.779688 0.534722 0.01 0.01
0 0.814062 0.456944 0.01 0.01
0 0.853125 0.413889 0.01 0.01
0 0.852344 0.518056 0.01 0.01
0 0.855469 0.605556 0.01 0.01
0 0.875781 0.659722 0.01 0.01
0 0.868750 0.668056 0.01 0.01
0 0.867969 0.677778 0.01 0.01
0 0.824219 0.704167 0.01 0.01
0 0.845312 0.856944 0.01 0.01
0 0.797656 0.913889 0.01 0.01
0 0.782031 0.912500 0.01 0.01
0 0.782031 0.900000 0.01 0.01
0 0.755469 0.809722 0.01 0.01
0 0.740625 0.779167 0.01 0.01
0 0.710156 0.905556 0.01 0.01
0 0.682813 0.870833 0.01 0.01
0 0.687500 0.795833 0.01 0.01
0 0.678906 0.770833 0.01 0.01
0 0.649219 0.783333 0.01 0.01
0 0.671875 0.704167 0.01 0.01
0 0.686719 0.669444 0.01 0.01
0 0.702344 0.636111 0.01 0.01
0 0.638281 0.675000 0.01 0.01
0 0.612500 0.627778 0.01 0.01
0 0.578906 0.658333 0.01 0.01
0 0.610156 0.711111 0.01 0.01
0 0.600781 0.751389 0.01 0.01
0 0.614844 0.787500 0.01 0.01
0 0.610937 0.879167 0.01 0.01
0 0.629687 0.908333 0.01 0.01
0 0.575781 0.897222 0.01 0.01
0 0.549219 0.869444 0.01 0.01
0 0.531250 0.866667 0.01 0.01
0 0.528125 0.836111 0.01 0.01
0 0.512500 0.876389 0.01 0.01
0 0.477344 0.902778 0.01 0.01
0 0.483594 0.893056 0.01 0.01
0 0.477344 0.893056 0.01 0.01
0 0.442969 0.888889 0.01 0.01
0 0.450000 0.838889 0.01 0.01
0 0.400000 0.791667 0.01 0.01
0 0.400781 0.677778 0.01 0.01
0 0.442187 0.697222 0.01 0.01
0 0.467187 0.676389 0.01 0.01
0 0.503125 0.762500 0.01 0.01
0 0.548437 0.750000 0.01 0.01
0 0.427344 0.606944 0.01 0.01
0 0.421094 0.570833 0.01 0.01
0 0.445312 0.572222 0.01 0.01
0 0.537500 0.526389 0.01 0.01
0 0.591406 0.526389 0.01 0.01
0 0.610937 0.512500 0.01 0.01
0 0.357812 0.884722 0.01 0.01
0 0.342969 0.881944 0.01 0.01
0 0.339844 0.830556 0.01 0.01
0 0.307813 0.879167 0.01 0.01
0 0.292188 0.890278 0.01 0.01
0 0.279687 0.886111 0.01 0.01
0 0.278906 0.876389 0.01 0.01
0 0.249219 0.884722 0.01 0.01
0 0.200000 0.819444 0.01 0.01
0 0.199219 0.808333 0.01 0.01
0 0.195312 0.805556 0.01 0.01
0 0.189063 0.768056 0.01 0.01
0 0.210938 0.775000 0.01 0.01
0 0.274219 0.748611 0.01 0.01
0 0.301562 0.779167 0.01 0.01
0 0.314844 0.687500 0.01 0.01
0 0.204688 0.672222 0.01 0.01
0 0.209375 0.663889 0.01 0.01
0 0.199219 0.630556 0.01 0.01
0 0.199219 0.612500 0.01 0.01
0 0.319531 0.569444 0.01 0.01
0 0.216406 0.472222 0.01 0.01
0 0.219531 0.447222 0.01 0.01
