0 0.803148 0.941283 0.01 0.01
0 0.819030 0.902459 0.01 0.01
0 0.811751 0.867165 0.01 0.01
0 0.829619 0.863636 0.01 0.01
0 0.833589 0.861283 0.01 0.01
0 0.842192 0.814224 0.01 0.01
0 0.842192 0.798930 0.01 0.01
0 0.862707 0.808341 0.01 0.01
0 0.854766 0.744812 0.01 0.01
0 0.842854 0.747165 0.01 0.01
0 0.795869 0.807165 0.01 0.01
0 0.766751 0.809518 0.01 0.01
0 0.769398 0.764812 0.01 0.01
0 0.790574 0.720106 0.01 0.01
0 0.741604 0.761283 0.01 0.01
0 0.733001 0.733047 0.01 0.01
0 0.711163 0.740106 0.01 0.01
0 0.713810 0.678930 0.01 0.01
0 0.754177 0.693047 0.01 0.01
0 0.742927 0.820106 0.01 0.01
0 0.745574 0.831871 0.01 0.01
0 0.741604 0.898930 0.01 0.01
0 0.740942 0.908341 0.01 0.01
0 0.742927 0.921283 0.01 0.01
0 0.731016 0.901283 0.01 0.01
0 0.693957 0.903636 0.01 0.01
0 0.670795 0.903636 0.01 0.01
0 0.664177 0.902459 0.01 0.01
0 0.633074 0.950694 0.01 0.01
0 0.616530 0.894224 0.01 0.01
0 0.580795 0.916577 0.01 0.01
0 0.580795 0.897753 0.01 0.01
0 0.511310 0.865989 0.01 0.01
0 0.471604 0.869518 0.01 0.01
0 0.451751 0.901283 0.01 0.01
0 0.419324 0.898930 0.01 0.01
0 0.392854 0.907165 0.01 0.01
0 0.397486 0.857753 0.01 0.01
0 0.355133 0.897753 0.01 0.01
0 0.337266 0.955400 0.01 0.01
0 0.301530 0.914224 0.01 0.01
0 0.290942 0.901283 0.01 0.01
0 0.284324 0.901283 0.01 0.01
0 0.264472 0.923636 0.01 0.01
0 0.288295 0.863636 0.01 0.01
0 0.213516 0.929518 0.01 0.01
0 0.231383 0.894224 0.01 0.01
0 0.219471 0.884812 0.01 0.01
0 0.204913 0.870694 0.01 0.01
0 0.183736 0.875400 0.01 0.01
0 0.183736 0.862459 0.01 0.01
0 0.176457 0.869518 0.01 0.01
0 0.198957 0.855400 0.01 0.01
0 0.214177 0.853047 0.01 0.01
0 0.209545 0.838930 0.01 0.01
0 0.194324 0.845989 0.01 0.01
0 0.193663 0.834224 0.01 0.01
0 0.189692 0.828341 0.01 0.01
0 0.177119 0.796577 0.01 0.01
0 0.193663 0.767165 0.01 0.01
0 0.187045 0.750694 0.01 0.01
0 0.228736 0.748342 0.01 0.01
0 0.226751 0.790694 0.01 0.01
0 0.189692 0.687165 0.01 0.01
0 0.182413 0.657753 0.01 0.01
0 0.189030 0.643636 0.01 0.01
0 0.181751 0.602459 0.01 0.01
0 0.218810 0.636577 0.01 0.01
0 0.250574 0.615400 0.01 0.01
0 0.149324 0.558930 0.01 0.01
0 0.144692 0.498930 0.01 0.01
0 0.165869 0.478930 0.01 0.01
0 0.195648 0.556577 0.01 0.01
0 0.186383 0.537753 0.01 0.01
0 0.194324 0.516577 0.01 0.01
0 0.195648 0.498930 0.01 0.01
0 0.233369 0.481283 0.01 0.01
0 0.189692 0.478930 0.01 0.01
0 0.180427 0.465989 0.01 0.01
0 0.189030 0.448341 0.01 0.01
0 0.189030 0.438930 0.01 0.01
0 0.191016 0.423636 0.01 0.01
0 0.216163 0.411871 0.01 0.01
0 0.193663 0.395400 0.01 0.01
0 0.187045 0.370694 0.01 0.01
0 0.189692 0.311871 0.01 0.01
0 0.186383 0.284812 0.01 0.01
0 0.191016 0.257753 0.01 0.01
0 0.192339 0.207165 0.01 0.01
0 0.165869 0.098930 0.01 0.01
0 0.199619 0.070694 0.01 0.01
0 0.195648 0.133047 0.01 0.01
0 0.198957 0.155400 0.01 0.01
0 0.212854 0.153047 0.01 0.01
0 0.212192 0.122459 0.01 0.01
0 0.218148 0.124812 0.01 0.01
0 0.237339 0.105989 0.01 0.01
0 0.238663 0.100106 0.01 0.01
0 0.242633 0.071871 0.01 0.01
0 0.251236 0.100106 0.01 0.01
0 0.273074 0.107165 0.01 0.01
0 0.277707 0.094224 0.01 0.01
0 0.273736 0.133047 0.01 0.01
0 0.288957 0.187165 0.01 0.01
0 0.292266 0.103636 0.01 0.01
0 0.305501 0.104812 0.01 0.01
0 0.307486 0.078930 0.01 0.01
0 0.319398 0.061283 0.01 0.01
0 0.330648 0.094224 0.01 0.01
0 0.324692 0.121283 0.01 0.01
0 0.342560 0.114224 0.01 0.01
0 0.315427 0.143636 0.01 0.01
0 0.340574 0.155400 0.01 0.01
0 0.310795 0.227165 0.01 0.01
0 0.306824 0.243636 0.01 0.01
0 0.277045 0.303636 0.01 0.01
0 0.230060 0.305989 0.01 0.01
0 0.327339 0.422459 0.01 0.01
0 0.307486 0.530694 0.01 0.01
0 0.339251 0.538930 0.01 0.01
0 0.327339 0.561283 0.01 0.01
0 0.327339 0.607165 0.01 0.01
0 0.317413 0.610694 0.01 0.01
0 0.306163 0.697753 0.01 0.01
0 0.298883 0.754224 0.01 0.01
0 0.340574 0.729518 0.01 0.01
0 0.325354 0.655400 0.01 0.01
0 0.412707 0.740106 0.01 0.01
0 0.432560 0.737753 0.01 0.01
0 0.425280 0.654224 0.01 0.01
0 0.435869 0.637753 0.01 0.01
0 0.402780 0.618930 0.01 0.01
0 0.387560 0.583636 0.01 0.01
0 0.411383 0.477753 0.01 0.01
0 0.436530 0.491871 0.01 0.01
0 0.392854 0.601283 0.01 0.01
0 0.468295 0.542459 0.01 0.01
0 0.491457 0.562459 0.01 0.01
0 0.486163 0.595400 0.01 0.01
0 0.511310 0.575400 0.01 0.01
0 0.519251 0.618930 0.01 0.01
0 0.527192 0.611871 0.01 0.01
0 0.511310 0.697753 0.01 0.01
0 0.502707 0.658930 0.01 0.01
0 0.487486 0.695400 0.01 0.01
0 0.487486 0.722459 0.01 0.01
0 0.486824 0.735400 0.01 0.01
0 0.511310 0.791871 0.01 0.01
0 0.525869 0.702459 0.01 0.01
0 0.569545 0.693047 0.01 0.01
0 0.584104 0.735400 0.01 0.01
0 0.586751 0.634224 0.01 0.01
0 0.598663 0.598930 0.01 0.01
0 0.576824 0.576577 0.01 0.01
0 0.566898 0.609518 0.01 0.01
0 0.632413 0.655400 0.01 0.01
0 0.643001 0.634224 0.01 0.01
0 0.652927 0.623636 0.01 0.01
0 0.670133 0.569518 0.01 0.01
0 0.656898 0.524812 0.01 0.01
0 0.653589 0.497753 0.01 0.01
0 0.642339 0.451871 0.01 0.01
0 0.564251 0.578930 0.01 0.01
0 0.528516 0.464812 0.01 0.01
0 0.534472 0.437753 0.01 0.01
0 0.533148 0.430694 0.01 0.01
0 0.531163 0.408342 0.01 0.01
0 0.507339 0.404812 0.01 0.01
0 0.498074 0.418930 0.01 0.01
0 0.490133 0.420106 0.01 0.01
0 0.474251 0.381283 0.01 0.01
0 0.387560 0.270694 0.01 0.01
0 0.425280 0.304812 0.01 0.01
0 0.419324 0.240106 0.01 0.01
0 0.367045 0.233047 0.01 0.01
0 0.352486 0.202459 0.01 0.01
0 0.365060 0.195400 0.01 0.01
0 0.379619 0.184812 0.01 0.01
0 0.376310 0.093047 0.01 0.01
0 0.388883 0.100106 0.01 0.01
0 0.403442 0.116577 0.01 0.01
0 0.429913 0.102459 0.01 0.01
0 0.441163 0.102459 0.01 0.01
0 0.456383 0.107165 0.01 0.01
0 0.486163 0.085989 0.01 0.01
0 0.508001 0.110694 0.01 0.01
0 0.512633 0.097753 0.01 0.01
0 0.524545 0.102459 0.01 0.01
0 0.498736 0.141283 0.01 0.01
0 0.504030 0.207165 0.01 0.01
0 0.474913 0.235400 0.01 0.01
0 0.458369 0.196577 0.01 0.01
0 0.472927 0.164812 0.01 0.01
0 0.454398 0.164812 0.01 0.01
0 0.553001 0.169518 0.01 0.01
0 0.573516 0.167165 0.01 0.01
0 0.568222 0.103636 0.01 0.01
0 0.597339 0.102459 0.01 0.01
0 0.635722 0.104812 0.01 0.01
0 0.545722 0.322459 0.01 0.01
0 0.500060 0.305989 0.01 0.01
0 0.594692 0.342459 0.01 0.01
0 0.623810 0.290694 0.01 0.01
0 0.614545 0.222459 0.01 0.01
0 0.658222 0.318930 0.01 0.01
0 0.648295 0.343636 0.01 0.01
0 0.680060 0.396577 0.01 0.01
0 0.684030 0.422459 0.01 0.01
0 0.722413 0.423636 0.01 0.01
0 0.820354 0.595400 0.01 0.01
0 0.842854 0.595400 0.01 0.01
0 0.871310 0.640106 0.01 0.01
0 0.829619 0.455400 0.01 0.01
0 0.835574 0.423636 0.01 0.01
0 0.830942 0.404812 0.01 0.01
0 0.860060 0.411871 0.01 0.01
0 0.831604 0.336577 0.01 0.01
0 0.838883 0.269518 0.01 0.01
0 0.840207 0.278930 0.01 0.01
0 0.872633 0.285989 0.01 0.01
0 0.800501 0.270694 0.01 0.01
0 0.724398 0.277753 0.01 0.01
0 0.693957 0.237753 0.01 0.01
0 0.692633 0.187165 0.01 0.01
0 0.695280 0.156577 0.01 0.01
0 0.697266 0.113047 0.01 0.01
0 0.701898 0.073047 0.01 0.01
0 0.685354 0.104812 0.01 0.01
0 0.661530 0.087165 0.01 0.01
0 0.615869 0.097753 0.01 0.01
0 0.714472 0.103636 0.01 0.01
0 0.734324 0.122459 0.01 0.01
0 0.740280 0.094224 0.01 0.01
0 0.732339 0.093047 0.01 0.01
0 0.750207 0.097753 0.01 0.01
0 0.775354 0.098930 0.01 0.01
0 0.779986 0.110694 0.01 0.01
0 0.758148 0.178930 0.01 0.01
0 0.786604 0.103636 0.01 0.01
0 0.792560 0.110694 0.01 0.01
0 0.812413 0.116577 0.01 0.01
0 0.817707 0.125989 0.01 0.01
0 0.826310 0.135400 0.01 0.01
0 0.838222 0.121283 0.01 0.01
0 0.851457 0.114224 0.01 0.01
0 0.834251 0.176577 0.01 0.01
0 0.838222 0.234224 0.01 0.01
0 0.810427 0.628341 0.01 0.01
