0 0.829619 0.843636 0.01 0.01
0 0.833589 0.813047 0.01 0.01
0 0.795207 0.858930 0.01 0.01
0 0.797854 0.838930 0.01 0.01
0 0.801824 0.829518 0.01 0.01
0 0.803810 0.783636 0.01 0.01
0 0.816383 0.778930 0.01 0.01
0 0.822339 0.774224 0.01 0.01
0 0.813736 0.768341 0.01 0.01
0 0.821677 0.763636 0.01 0.01
0 0.821677 0.681283 0.01 0.01
0 0.844839 0.631871 0.01 0.01
0 0.846163 0.591871 0.01 0.01
0 0.809766 0.574224 0.01 0.01
0 0.800501 0.544812 0.01 0.01
0 0.796530 0.517753 0.01 0.01
0 0.803148 0.517753 0.01 0.01
0 0.815060 0.468341 0.01 0.01
0 0.843516 0.474224 0.01 0.01
0 0.822339 0.463636 0.01 0.01
0 0.760795 0.489518 0.01 0.01
0 0.818369 0.302459 0.01 0.01
0 0.809766 0.288341 0.01 0.01
0 0.729030 0.225989 0.01 0.01
0 0.763442 0.220106 0.01 0.01
0 0.751530 0.162459 0.01 0.01
0 0.803810 0.193047 0.01 0.01
0 0.811089 0.181283 0.01 0.01
0 0.819030 0.156577 0.01 0.01
0 0.807119 0.157753 0.01 0.01
0 0.803148 0.137753 0.01 0.01
0 0.811089 0.128342 0.01 0.01
0 0.816383 0.120106 0.01 0.01
0 0.808442 0.109518 0.01 0.01
0 0.803148 0.113047 0.01 0.01
0 0.792560 0.088342 0.01 0.01
0 0.793222 0.068342 0.01 0.01
0 0.766089 0.091871 0.01 0.01
0 0.764104 0.073047 0.01 0.01
0 0.758148 0.068342 0.01 0.01
0 0.747560 0.073047 0.01 0.01
0 0.738295 0.071871 0.01 0.01
0 0.724398 0.063636 0.01 0.01
0 0.713148 0.060106 0.01 0.01
0 0.703221 0.082459 0.01 0.01
0 0.699251 0.067165 0.01 0.01
0 0.689324 0.071871 0.01 0.01
0 0.687339 0.061283 0.01 0.01
0 0.678736 0.067165 0.01 0.01
0 0.664177 0.054224 0.01 0.01
0 0.684692 0.134224 0.01 0.01
0 0.650280 0.165989 0.01 0.01
0 0.696604 0.324812 0.01 0.01
0 0.669472 0.370694 0.01 0.01
0 0.648957 0.380106 0.01 0.01
0 0.623810 0.401283 0.01 0.01
0 0.627119 0.482459 0.01 0.01
0 0.599986 0.478930 0.01 0.01
0 0.643663 0.493047 0.01 0.01
0 0.665501 0.489518 0.01 0.01
0 0.707192 0.489518 0.01 0.01
0 0.698589 0.622459 0.01 0.01
0 0.746898 0.722459 0.01 0.01
0 0.739619 0.689518 0.01 0.01
0 0.657560 0.727165 0.01 0.01
0 0.715133 0.800106 0.01 0.01
0 0.763442 0.844812 0.01 0.01
0 0.745574 0.854224 0.01 0.01
0 0.714472 0.858930 0.01 0.01
0 0.691310 0.851871 0.01 0.01
0 0.659545 0.860106 0.01 0.01
0 0.635060 0.885989 0.01 0.01
0 0.587413 0.884812 0.01 0.01
0 0.574839 0.850694 0.01 0.01
0 0.611236 0.847165 0.01 0.01
0 0.610574 0.773047 0.01 0.01
0 0.570207 0.764812 0.01 0.01
0 0.542413 0.794224 0.01 0.01
0 0.543736 0.813047 0.01 0.01
0 0.487486 0.845989 0.01 0.01
0 0.488810 0.876577 0.01 0.01
0 0.442486 0.841283 0.01 0.01
0 0.431898 0.845989 0.01 0.01
0 0.440501 0.821283 0.01 0.01
0 0.441824 0.790694 0.01 0.01
0 0.430574 0.768341 0.01 0.01
0 0.480207 0.790694 0.01 0.01
0 0.462339 0.729518 0.01 0.01
0 0.452413 0.709518 0.01 0.01
0 0.483516 0.668342 0.01 0.01
0 0.560942 0.695400 0.01 0.01
0 0.554324 0.658930 0.01 0.01
0 0.564913 0.609518 0.01 0.01
0 0.592707 0.587165 0.01 0.01
0 0.539104 0.502459 0.01 0.01
0 0.510648 0.616577 0.01 0.01
0 0.457707 0.605989 0.01 0.01
0 0.478222 0.549518 0.01 0.01
0 0.481530 0.514224 0.01 0.01
0 0.548369 0.443636 0.01 0.01
0 0.562927 0.355400 0.01 0.01
0 0.570869 0.311871 0.01 0.01
0 0.536457 0.324812 0.01 0.01
0 0.513295 0.328342 0.01 0.01
0 0.515942 0.276577 0.01 0.01
0 0.493442 0.253047 0.01 0.01
0 0.505354 0.209518 0.01 0.01
0 0.521236 0.214224 0.01 0.01
0 0.529177 0.182459 0.01 0.01
0 0.562266 0.177753 0.01 0.01
0 0.580795 0.247165 0.01 0.01
0 0.649619 0.096577 0.01 0.01
0 0.625795 0.094224 0.01 0.01
0 0.627780 0.063636 0.01 0.01
0 0.606604 0.063636 0.01 0.01
0 0.584104 0.067165 0.01 0.01
0 0.574839 0.076577 0.01 0.01
0 0.568222 0.094224 0.01 0.01
0 0.598001 0.123636 0.01 0.01
0 0.539104 0.068342 0.01 0.01
0 0.504030 0.062459 0.01 0.01
0 0.464324 0.051871 0.01 0.01
0 0.456383 0.063636 0.01 0.01
0 0.434545 0.077753 0.01 0.01
0 0.416016 0.055400 0.01 0.01
0 0.402780 0.068342 0.01 0.01
0 0.390207 0.071871 0.01 0.01
0 0.367045 0.068342 0.01 0.01
0 0.365722 0.077753 0.01 0.01
0 0.339913 0.101283 0.01 0.01
0 0.318736 0.084812 0.01 0.01
0 0.320722 0.058930 0.01 0.01
0 0.342560 0.204812 0.01 0.01
0 0.374324 0.143636 0.01 0.01
0 0.425280 0.148342 0.01 0.01
0 0.468295 0.145989 0.01 0.01
0 0.468295 0.125989 0.01 0.01
0 0.476236 0.115400 0.01 0.01
0 0.483516 0.177753 0.01 0.01
0 0.445133 0.305989 0.01 0.01
0 0.421971 0.289518 0.01 0.01
0 0.433883 0.378930 0.01 0.01
0 0.458369 0.401283 0.01 0.01
0 0.405427 0.531871 0.01 0.01
0 0.392854 0.521283 0.01 0.01
0 0.392854 0.484812 0.01 0.01
0 0.371016 0.402459 0.01 0.01
0 0.435869 0.530694 0.01 0.01
0 0.422633 0.590694 0.01 0.01
0 0.413369 0.667165 0.01 0.01
0 0.371677 0.558930 0.01 0.01
0 0.369030 0.609518 0.01 0.01
0 0.340574 0.669518 0.01 0.01
0 0.316751 0.638930 0.01 0.01
0 0.310795 0.630694 0.01 0.01
0 0.303516 0.544812 0.01 0.01
0 0.277045 0.542459 0.01 0.01
0 0.275060 0.627165 0.01 0.01
0 0.262486 0.603636 0.01 0.01
0 0.256530 0.654224 0.01 0.01
0 0.362413 0.790694 0.01 0.01
0 0.375648 0.841283 0.01 0.01
0 0.361751 0.847165 0.01 0.01
0 0.306824 0.851871 0.01 0.01
0 0.274398 0.850694 0.01 0.01
0 0.263810 0.845989 0.01 0.01
0 0.239986 0.838930 0.01 0.01
0 0.173148 0.915400 0.01 0.01
0 0.162560 0.869518 0.01 0.01
0 0.181089 0.855400 0.01 0.01
0 0.191016 0.818930 0.01 0.01
0 0.208883 0.829518 0.01 0.01
0 0.210869 0.844812 0.01 0.01
0 0.215501 0.870694 0.01 0.01
0 0.210869 0.783636 0.01 0.01
0 0.228074 0.769518 0.01 0.01
0 0.242633 0.757753 0.01 0.01
0 0.273736 0.756577 0.01 0.01
0 0.236677 0.705989 0.01 0.01
0 0.227413 0.713047 0.01 0.01
0 0.177119 0.794224 0.01 0.01
0 0.167854 0.783636 0.01 0.01
0 0.171163 0.769518 0.01 0.01
0 0.177780 0.773047 0.01 0.01
0 0.172486 0.734224 0.01 0.01
0 0.173810 0.727165 0.01 0.01
0 0.165869 0.730694 0.01 0.01
0 0.171824 0.709518 0.01 0.01
0 0.124839 0.674224 0.01 0.01
0 0.185060 0.700106 0.01 0.01
0 0.177119 0.684812 0.01 0.01
0 0.189692 0.671871 0.01 0.01
0 0.171824 0.647165 0.01 0.01
0 0.163883 0.648341 0.01 0.01
0 0.175133 0.555400 0.01 0.01
0 0.175133 0.524812 0.01 0.01
0 0.189030 0.551871 0.01 0.01
0 0.210207 0.536577 0.01 0.01
0 0.234692 0.568341 0.01 0.01
0 0.198295 0.491871 0.01 0.01
0 0.177780 0.481283 0.01 0.01
0 0.210869 0.434224 0.01 0.01
0 0.163883 0.421283 0.01 0.01
0 0.179766 0.398930 0.01 0.01
0 0.176457 0.365989 0.01 0.01
0 0.165869 0.340106 0.01 0.01
0 0.239986 0.387165 0.01 0.01
0 0.246604 0.373047 0.01 0.01
0 0.281016 0.338930 0.01 0.01
0 0.246604 0.257753 0.01 0.01
0 0.292266 0.224812 0.01 0.01
0 0.211530 0.308342 0.01 0.01
0 0.177780 0.301283 0.01 0.01
0 0.172486 0.289518 0.01 0.01
0 0.179766 0.275400 0.01 0.01
0 0.197633 0.267165 0.01 0.01
0 0.181089 0.248342 0.01 0.01
0 0.178442 0.176577 0.01 0.01
0 0.206898 0.173047 0.01 0.01
0 0.212854 0.144812 0.01 0.01
0 0.206236 0.149518 0.01 0.01
0 0.189692 0.155400 0.01 0.01
0 0.182413 0.137753 0.01 0.01
0 0.148001 0.098930 0.01 0.01
0 0.151310 0.088342 0.01 0.01
0 0.136089 0.096577 0.01 0.01
0 0.171163 0.071871 0.01 0.01
0 0.181089 0.069518 0.01 0.01
0 0.183074 0.121283 0.01 0.01
0 0.189692 0.097753 0.01 0.01
0 0.183074 0.100106 0.01 0.01
0 0.199619 0.084812 0.01 0.01
0 0.203589 0.081283 0.01 0.01
0 0.218148 0.081283 0.01 0.01
0 0.229398 0.084812 0.01 0.01
0 0.224104 0.057753 0.01 0.01
0 0.232045 0.070694 0.01 0.01
0 0.239324 0.065989 0.01 0.01
0 0.247927 0.068342 0.01 0.01
0 0.257854 0.067165 0.01 0.01
0 0.251898 0.088342 0.01 0.01
0 0.260501 0.121283 0.01 0.01
0 0.691310 0.693047 0.01 0.01
