0 0.804688 0.937500 0.01 0.01
0 0.860156 0.862500 0.01 0.01
0 0.869531 0.756944 0.01 0.01
0 0.864844 0.588889 0.01 0.01
0 0.713281 0.850000 0.01 0.01
0 0.599219 0.858333 0.01 0.01
0 0.547656 0.809722 0.01 0.01
0 0.450000 0.822222 0.01 0.01
0 0.432813 0.775000 0.01 0.01
0 0.403125 0.733333 0.01 0.01
0 0.478906 0.680556 0.01 0.01
0 0.392188 0.525000 0.01 0.01
0 0.371094 0.572222 0.01 0.01
0 0.374219 0.451389 0.01 0.01
0 0.514063 0.418056 0.01 0.01
0 0.228125 0.625000 0.01 0.01
0 0.668750 0.454167 0.01 0.01
0 0.710938 0.598611 0.01 0.01
0 0.840625 0.390278 0.01 0.01
0 0.865625 0.276389 0.01 0.01
0 0.775000 0.198611 0.01 0.01
0 0.788281 0.062500 0.01 0.01
0 0.733594 0.198611 0.01 0.01
0 0.680469 0.373611 0.01 0.01
0 0.646094 0.258333 0.01 0.01
0 0.620313 0.358333 0.01 0.01
0 0.274219 0.263889 0.01 0.01
0 0.296875 0.205556 0.01 0.01
0 0.476562 0.041667 0.01 0.01
