0 0.743750 0.076389 0.01 0.01
0 0.792969 0.069444 0.01 0.01
0 0.807031 0.066667 0.01 0.01
0 0.817187 0.077778 0.01 0.01
0 0.848437 0.070833 0.01 0.01
0 0.849219 0.088889 0.01 0.01
0 0.852344 0.129167 0.01 0.01
0 0.825781 0.159722 0.01 0.01
0 0.869531 0.144444 0.01 0.01
0 0.872656 0.165278 0.01 0.01
0 0.880469 0.201389 0.01 0.01
0 0.870313 0.265278 0.01 0.01
0 0.841406 0.326389 0.01 0.01
0 0.815625 0.281944 0.01 0.01
0 0.866406 0.387500 0.01 0.01
0 0.657031 0.255556 0.01 0.01
0 0.601562 0.200000 0.01 0.01
0 0.596094 0.218056 0.01 0.01
0 0.583594 0.240278 0.01 0.01
0 0.639844 0.080556 0.01 0.01
0 0.582812 0.075000 0.01 0.01
0 0.530469 0.069444 0.01 0.01
0 0.509375 0.066667 0.01 0.01
0 0.501562 0.190278 0.01 0.01
0 0.491406 0.191667 0.01 0.01
0 0.496875 0.238889 0.01 0.01
0 0.482031 0.272222 0.01 0.01
0 0.519531 0.262500 0.01 0.01
0 0.582031 0.394444 0.01 0.01
0 0.607813 0.333333 0.01 0.01
0 0.612500 0.334722 0.01 0.01
0 0.648438 0.397222 0.01 0.01
0 0.869531 0.497222 0.01 0.01
0 0.775781 0.476389 0.01 0.01
0 0.864844 0.575000 0.01 0.01
0 0.821875 0.520833 0.01 0.01
0 0.847656 0.686111 0.01 0.01
0 0.871094 0.756944 0.01 0.01
0 0.874219 0.756944 0.01 0.01
0 0.882031 0.765278 0.01 0.01
0 0.862500 0.784722 0.01 0.01
0 0.833594 0.850000 0.01 0.01
0 0.840625 0.940278 0.01 0.01
0 0.800781 0.895833 0.01 0.01
0 0.771094 0.795833 0.01 0.01
0 0.764844 0.755556 0.01 0.01
0 0.769531 0.718056 0.01 0.01
0 0.742188 0.641667 0.01 0.01
0 0.744531 0.625000 0.01 0.01
0 0.659375 0.704167 0.01 0.01
0 0.730469 0.743056 0.01 0.01
0 0.740625 0.877778 0.01 0.01
0 0.718750 0.887500 0.01 0.01
0 0.713281 0.855556 0.01 0.01
0 0.675000 0.852778 0.01 0.01
0 0.654688 0.881944 0.01 0.01
0 0.642187 0.868056 0.01 0.01
0 0.628125 0.754167 0.01 0.01
0 0.614062 0.687500 0.01 0.01
0 0.641406 0.694444 0.01 0.01
0 0.631250 0.659722 0.01 0.01
0 0.610937 0.638889 0.01 0.01
0 0.628125 0.594444 0.01 0.01
0 0.599219 0.579167 0.01 0.01
0 0.576563 0.631944 0.01 0.01
0 0.553125 0.531944 0.01 0.01
0 0.563281 0.461111 0.01 0.01
0 0.554688 0.827778 0.01 0.01
0 0.520312 0.859722 0.01 0.01
0 0.504687 0.863889 0.01 0.01
0 0.521094 0.838889 0.01 0.01
0 0.519531 0.825000 0.01 0.01
0 0.517969 0.783333 0.01 0.01
0 0.478906 0.859722 0.01 0.01
0 0.440625 0.865278 0.01 0.01
0 0.383594 0.831944 0.01 0.01
0 0.357812 0.856944 0.01 0.01
0 0.338281 0.806944 0.01 0.01
0 0.358594 0.790278 0.01 0.01
0 0.364844 0.779167 0.01 0.01
0 0.324219 0.756944 0.01 0.01
0 0.294531 0.843056 0.01 0.01
0 0.272656 0.826389 0.01 0.01
0 0.271094 0.851389 0.01 0.01
0 0.259375 0.848611 0.01 0.01
0 0.250781 0.837500 0.01 0.01
0 0.212500 0.777778 0.01 0.01
0 0.207813 0.761111 0.01 0.01
0 0.207813 0.755556 0.01 0.01
0 0.209375 0.741667 0.01 0.01
0 0.185156 0.772222 0.01 0.01
0 0.203906 0.702778 0.01 0.01
0 0.205469 0.645833 0.01 0.01
0 0.210938 0.536111 0.01 0.01
0 0.250000 0.634722 0.01 0.01
0 0.267188 0.690278 0.01 0.01
0 0.292188 0.723611 0.01 0.01
0 0.347656 0.704167 0.01 0.01
0 0.338281 0.668056 0.01 0.01
0 0.292188 0.563889 0.01 0.01
0 0.403125 0.658333 0.01 0.01
0 0.448438 0.591667 0.01 0.01
0 0.482031 0.618056 0.01 0.01
0 0.533594 0.634722 0.01 0.01
0 0.472656 0.580556 0.01 0.01
0 0.463281 0.545833 0.01 0.01
0 0.379687 0.440278 0.01 0.01
0 0.301562 0.370833 0.01 0.01
0 0.367969 0.195833 0.01 0.01
0 0.350781 0.187500 0.01 0.01
0 0.217969 0.147222 0.01 0.01
0 0.222656 0.118056 0.01 0.01
0 0.225000 0.108333 0.01 0.01
0 0.258594 0.005556 0.01 0.01
0 0.276563 0.059722 0.01 0.01
0 0.278906 0.047222 0.01 0.01
0 0.407813 0.063889 0.01 0.01
0 0.381250 0.077778 0.01 0.01
0 0.378906 0.105556 0.01 0.01
