0 0.579471 0.504812 0.01 0.01
0 0.617854 0.336577 0.01 0.01
0 0.635722 0.280106 0.01 0.01
0 0.669472 0.321283 0.01 0.01
0 0.669472 0.447165 0.01 0.01
0 0.703883 0.634224 0.01 0.01
0 0.646310 0.856577 0.01 0.01
0 0.698589 0.840106 0.01 0.01
0 0.799839 0.931871 0.01 0.01
0 0.856089 0.856577 0.01 0.01
0 0.866677 0.840106 0.01 0.01
0 0.862707 0.591871 0.01 0.01
0 0.838222 0.395400 0.01 0.01
0 0.860721 0.307165 0.01 0.01
0 0.760133 0.207165 0.01 0.01
0 0.783957 0.057753 0.01 0.01
0 0.701898 0.188341 0.01 0.01
0 0.623148 0.128342 0.01 0.01
0 0.474251 0.038930 0.01 0.01
0 0.269104 0.137753 0.01 0.01
0 0.292927 0.228342 0.01 0.01
0 0.288295 0.317753 0.01 0.01
0 0.374324 0.478930 0.01 0.01
0 0.396163 0.508341 0.01 0.01
0 0.222780 0.624812 0.01 0.01
0 0.398810 0.724812 0.01 0.01
0 0.449104 0.717753 0.01 0.01
0 0.478222 0.683636 0.01 0.01
0 0.443148 0.809518 0.01 0.01
0 0.547707 0.816577 0.01 0.01
0 0.440501 0.933047 0.01 0.01
