0 0.377633 0.102459 0.01 0.01
0 0.378295 0.028342 0.01 0.01
0 0.293589 0.225989 0.01 0.01
0 0.286310 0.293047 0.01 0.01
0 0.377633 0.430694 0.01 0.01
0 0.379619 0.554224 0.01 0.01
0 0.396824 0.749518 0.01 0.01
0 0.409398 0.857753 0.01 0.01
0 0.444472 0.823636 0.01 0.01
0 0.464324 0.963636 0.01 0.01
0 0.541751 0.891871 0.01 0.01
0 0.542413 0.814224 0.01 0.01
0 0.476898 0.684812 0.01 0.01
0 0.477560 0.217753 0.01 0.01
0 0.487486 0.055400 0.01 0.01
0 0.618516 0.148342 0.01 0.01
0 0.658222 0.242459 0.01 0.01
0 0.644986 0.371871 0.01 0.01
0 0.697266 0.449518 0.01 0.01
0 0.684692 0.495400 0.01 0.01
0 0.686016 0.558930 0.01 0.01
0 0.828957 0.929518 0.01 0.01
0 0.851457 0.870694 0.01 0.01
0 0.856089 0.701283 0.01 0.01
0 0.875942 0.588342 0.01 0.01
0 0.854766 0.594224 0.01 0.01
0 0.832927 0.373047 0.01 0.01
0 0.861383 0.229518 0.01 0.01
0 0.777339 0.184812 0.01 0.01
0 0.765427 0.194224 0.01 0.01
0 0.785280 0.077753 0.01 0.01
0 0.222780 0.655400 0.01 0.01
