0 0.852344 0.105556 0.01 0.01
0 0.864844 0.159722 0.01 0.01
0 0.814844 0.170833 0.01 0.01
0 0.800781 0.097222 0.01 0.01
0 0.782812 0.026389 0.01 0.01
0 0.644531 0.081944 0.01 0.01
0 0.592188 0.202778 0.01 0.01
0 0.439844 0.287500 0.01 0.01
0 0.407813 0.323611 0.01 0.01
0 0.294531 0.176389 0.01 0.01
0 0.132031 0.073611 0.01 0.01
0 0.348437 0.537500 0.01 0.01
0 0.459375 0.626389 0.01 0.01
0 0.483594 0.654167 0.01 0.01
0 0.620313 0.594444 0.01 0.01
0 0.716406 0.454167 0.01 0.01
0 0.756250 0.362500 0.01 0.01
0 0.700000 0.220833 0.01 0.01
0 0.817187 0.461111 0.01 0.01
0 0.835156 0.280556 0.01 0.01
0 0.857813 0.550000 0.01 0.01
0 0.857813 0.809722 0.01 0.01
0 0.855469 0.859722 0.01 0.01
0 0.801562 0.837500 0.01 0.01
0 0.557813 0.926389 0.01 0.01
0 0.584375 0.934722 0.01 0.01
0 0.508594 0.811111 0.01 0.01
0 0.377344 0.737500 0.01 0.01
0 0.228125 0.876389 0.01 0.01
0 0.236719 0.740278 0.01 0.01
