0 0.752344 0.306944 0.01 0.01
0 0.728906 0.340278 0.01 0.01
0 0.825000 0.334722 0.01 0.01
0 0.818750 0.273611 0.01 0.01
0 0.830469 0.220833 0.01 0.01
0 0.807813 0.168056 0.01 0.01
0 0.825781 0.172222 0.01 0.01
0 0.826563 0.158333 0.01 0.01
0 0.826563 0.134722 0.01 0.01
0 0.823438 0.119444 0.01 0.01
0 0.817187 0.105556 0.01 0.01
0 0.816406 0.102778 0.01 0.01
0 0.814844 0.086111 0.01 0.01
0 0.825781 0.050000 0.01 0.01
0 0.808594 0.054167 0.01 0.01
0 0.803125 0.066667 0.01 0.01
0 0.804688 0.070833 0.01 0.01
0 0.776563 0.059722 0.01 0.01
0 0.765625 0.052778 0.01 0.01
0 0.758594 0.045833 0.01 0.01
0 0.749219 0.040278 0.01 0.01
0 0.728906 0.044444 0.01 0.01
0 0.721094 0.052778 0.01 0.01
0 0.720312 0.044444 0.01 0.01
0 0.700781 0.044444 0.01 0.01
0 0.698438 0.047222 0.01 0.01
0 0.695312 0.054167 0.01 0.01
0 0.691406 0.044444 0.01 0.01
0 0.678125 0.043056 0.01 0.01
0 0.671875 0.043056 0.01 0.01
0 0.663281 0.065278 0.01 0.01
0 0.650000 0.043056 0.01 0.01
0 0.643750 0.043056 0.01 0.01
0 0.639063 0.031944 0.01 0.01
0 0.677344 0.094444 0.01 0.01
0 0.692969 0.112500 0.01 0.01
0 0.607813 0.116667 0.01 0.01
0 0.596875 0.093056 0.01 0.01
0 0.584375 0.063889 0.01 0.01
0 0.585156 0.058333 0.01 0.01
0 0.559375 0.086111 0.01 0.01
0 0.564844 0.127778 0.01 0.01
0 0.520312 0.086111 0.01 0.01
0 0.538281 0.041667 0.01 0.01
0 0.518750 0.037500 0.01 0.01
0 0.504687 0.040278 0.01 0.01
0 0.483594 0.031944 0.01 0.01
0 0.466406 0.091667 0.01 0.01
0 0.444531 0.108333 0.01 0.01
0 0.437500 0.043056 0.01 0.01
0 0.429688 0.038889 0.01 0.01
0 0.429688 0.033333 0.01 0.01
0 0.417969 0.044444 0.01 0.01
0 0.493750 0.158333 0.01 0.01
0 0.521875 0.184722 0.01 0.01
0 0.578906 0.211111 0.01 0.01
0 0.588281 0.222222 0.01 0.01
0 0.608594 0.200000 0.01 0.01
0 0.652344 0.304167 0.01 0.01
0 0.657031 0.362500 0.01 0.01
0 0.658594 0.383333 0.01 0.01
0 0.633594 0.376389 0.01 0.01
0 0.574219 0.325000 0.01 0.01
0 0.600000 0.429167 0.01 0.01
0 0.514844 0.306944 0.01 0.01
0 0.491406 0.275000 0.01 0.01
0 0.503906 0.243056 0.01 0.01
0 0.480469 0.212500 0.01 0.01
0 0.648438 0.450000 0.01 0.01
0 0.653125 0.468056 0.01 0.01
0 0.642969 0.533333 0.01 0.01
0 0.679688 0.536111 0.01 0.01
0 0.770312 0.563889 0.01 0.01
0 0.821875 0.551389 0.01 0.01
0 0.821875 0.529167 0.01 0.01
0 0.821875 0.518056 0.01 0.01
0 0.817187 0.486111 0.01 0.01
0 0.799219 0.480556 0.01 0.01
0 0.845312 0.443056 0.01 0.01
0 0.851562 0.448611 0.01 0.01
0 0.860937 0.654167 0.01 0.01
0 0.826563 0.663889 0.01 0.01
0 0.825781 0.700000 0.01 0.01
0 0.828906 0.725000 0.01 0.01
0 0.826563 0.755556 0.01 0.01
0 0.838281 0.752778 0.01 0.01
0 0.858594 0.712500 0.01 0.01
0 0.846875 0.806944 0.01 0.01
0 0.819531 0.816667 0.01 0.01
0 0.814844 0.804167 0.01 0.01
0 0.810938 0.794444 0.01 0.01
0 0.809375 0.780556 0.01 0.01
0 0.770312 0.683333 0.01 0.01
0 0.755469 0.702778 0.01 0.01
0 0.815625 0.863889 0.01 0.01
0 0.771094 0.826389 0.01 0.01
0 0.765625 0.829167 0.01 0.01
0 0.732813 0.823611 0.01 0.01
0 0.719531 0.836111 0.01 0.01
0 0.693750 0.827778 0.01 0.01
0 0.686719 0.833333 0.01 0.01
0 0.643750 0.775000 0.01 0.01
0 0.696875 0.666667 0.01 0.01
0 0.622656 0.675000 0.01 0.01
0 0.612500 0.826389 0.01 0.01
0 0.587500 0.833333 0.01 0.01
0 0.581250 0.823611 0.01 0.01
0 0.567187 0.775000 0.01 0.01
0 0.581250 0.745833 0.01 0.01
0 0.599219 0.768056 0.01 0.01
0 0.572656 0.669444 0.01 0.01
0 0.565625 0.643056 0.01 0.01
0 0.575781 0.590278 0.01 0.01
0 0.576563 0.584722 0.01 0.01
0 0.539062 0.502778 0.01 0.01
0 0.539062 0.418056 0.01 0.01
0 0.468750 0.376389 0.01 0.01
0 0.472656 0.354167 0.01 0.01
0 0.437500 0.425000 0.01 0.01
0 0.415625 0.418056 0.01 0.01
0 0.395312 0.352778 0.01 0.01
0 0.409375 0.326389 0.01 0.01
0 0.420312 0.243056 0.01 0.01
0 0.390625 0.040278 0.01 0.01
0 0.364844 0.044444 0.01 0.01
0 0.364844 0.098611 0.01 0.01
0 0.347656 0.045833 0.01 0.01
0 0.338281 0.036111 0.01 0.01
0 0.327344 0.056944 0.01 0.01
0 0.322656 0.150000 0.01 0.01
0 0.268750 0.073611 0.01 0.01
0 0.270312 0.047222 0.01 0.01
0 0.250781 0.056944 0.01 0.01
0 0.249219 0.041667 0.01 0.01
0 0.242969 0.041667 0.01 0.01
0 0.235938 0.043056 0.01 0.01
0 0.233594 0.033333 0.01 0.01
0 0.226562 0.052778 0.01 0.01
0 0.213281 0.059722 0.01 0.01
0 0.209375 0.062500 0.01 0.01
0 0.209375 0.070833 0.01 0.01
0 0.201562 0.055556 0.01 0.01
0 0.196875 0.054167 0.01 0.01
0 0.169531 0.034722 0.01 0.01
0 0.147656 0.075000 0.01 0.01
0 0.156250 0.113889 0.01 0.01
0 0.175781 0.126389 0.01 0.01
0 0.176563 0.070833 0.01 0.01
0 0.182031 0.070833 0.01 0.01
0 0.194531 0.075000 0.01 0.01
0 0.192188 0.086111 0.01 0.01
0 0.194531 0.090278 0.01 0.01
0 0.192188 0.100000 0.01 0.01
0 0.205469 0.111111 0.01 0.01
0 0.210156 0.090278 0.01 0.01
0 0.228906 0.098611 0.01 0.01
0 0.215625 0.123611 0.01 0.01
0 0.277344 0.237500 0.01 0.01
0 0.346094 0.276389 0.01 0.01
0 0.207031 0.209722 0.01 0.01
0 0.207813 0.244444 0.01 0.01
0 0.189844 0.245833 0.01 0.01
0 0.191406 0.256944 0.01 0.01
0 0.186719 0.269444 0.01 0.01
0 0.187500 0.230556 0.01 0.01
0 0.182031 0.231944 0.01 0.01
0 0.171094 0.275000 0.01 0.01
0 0.177344 0.287500 0.01 0.01
0 0.185156 0.326389 0.01 0.01
0 0.188281 0.366667 0.01 0.01
0 0.173438 0.391667 0.01 0.01
0 0.139844 0.473611 0.01 0.01
0 0.181250 0.469444 0.01 0.01
0 0.188281 0.456944 0.01 0.01
0 0.246875 0.358333 0.01 0.01
0 0.256250 0.418056 0.01 0.01
0 0.264844 0.415278 0.01 0.01
0 0.352344 0.337500 0.01 0.01
0 0.362500 0.427778 0.01 0.01
0 0.473437 0.509722 0.01 0.01
0 0.478906 0.516667 0.01 0.01
0 0.488281 0.531944 0.01 0.01
0 0.465625 0.577778 0.01 0.01
0 0.451562 0.538889 0.01 0.01
0 0.426562 0.575000 0.01 0.01
0 0.506250 0.608333 0.01 0.01
0 0.517187 0.668056 0.01 0.01
0 0.463281 0.687500 0.01 0.01
0 0.430469 0.695833 0.01 0.01
0 0.449219 0.763889 0.01 0.01
0 0.489844 0.793056 0.01 0.01
0 0.505469 0.802778 0.01 0.01
0 0.519531 0.843056 0.01 0.01
0 0.489844 0.826389 0.01 0.01
0 0.478906 0.856944 0.01 0.01
0 0.464063 0.825000 0.01 0.01
0 0.453125 0.827778 0.01 0.01
0 0.424219 0.825000 0.01 0.01
0 0.424219 0.808333 0.01 0.01
0 0.389062 0.802778 0.01 0.01
0 0.326562 0.686111 0.01 0.01
0 0.353906 0.663889 0.01 0.01
0 0.344531 0.593056 0.01 0.01
0 0.370313 0.555556 0.01 0.01
0 0.314063 0.522222 0.01 0.01
0 0.246094 0.545833 0.01 0.01
0 0.214062 0.495833 0.01 0.01
0 0.188281 0.556944 0.01 0.01
0 0.171875 0.569444 0.01 0.01
0 0.155469 0.591667 0.01 0.01
0 0.183594 0.594444 0.01 0.01
0 0.183594 0.601389 0.01 0.01
0 0.185937 0.616667 0.01 0.01
0 0.185937 0.636111 0.01 0.01
0 0.188281 0.659722 0.01 0.01
0 0.189063 0.706944 0.01 0.01
0 0.183594 0.738889 0.01 0.01
0 0.169531 0.759722 0.01 0.01
0 0.134375 0.734722 0.01 0.01
0 0.142188 0.831944 0.01 0.01
0 0.173438 0.841667 0.01 0.01
0 0.176563 0.815278 0.01 0.01
0 0.221094 0.840278 0.01 0.01
0 0.225781 0.837500 0.01 0.01
0 0.218750 0.808333 0.01 0.01
0 0.201562 0.820833 0.01 0.01
0 0.207031 0.802778 0.01 0.01
0 0.199219 0.795833 0.01 0.01
0 0.195312 0.800000 0.01 0.01
0 0.195312 0.791667 0.01 0.01
0 0.192969 0.783333 0.01 0.01
0 0.204688 0.752778 0.01 0.01
0 0.221094 0.756944 0.01 0.01
0 0.239063 0.745833 0.01 0.01
0 0.253125 0.725000 0.01 0.01
0 0.257812 0.719444 0.01 0.01
0 0.235938 0.694444 0.01 0.01
0 0.243750 0.690278 0.01 0.01
0 0.271875 0.580556 0.01 0.01
0 0.276563 0.593056 0.01 0.01
0 0.282031 0.633333 0.01 0.01
0 0.288281 0.648611 0.01 0.01
0 0.292188 0.683333 0.01 0.01
0 0.272656 0.805556 0.01 0.01
0 0.285156 0.823611 0.01 0.01
0 0.260156 0.825000 0.01 0.01
0 0.255469 0.820833 0.01 0.01
0 0.716406 0.194444 0.01 0.01
