0 0.813736 0.277753 0.01 0.01
0 0.820354 0.336577 0.01 0.01
0 0.791236 0.224812 0.01 0.01
0 0.842854 0.208342 0.01 0.01
0 0.815722 0.198930 0.01 0.01
0 0.799839 0.168342 0.01 0.01
0 0.820354 0.155400 0.01 0.01
0 0.821677 0.137753 0.01 0.01
0 0.813736 0.114224 0.01 0.01
0 0.811089 0.104812 0.01 0.01
0 0.811751 0.093047 0.01 0.01
0 0.801824 0.074224 0.01 0.01
0 0.789251 0.055400 0.01 0.01
0 0.771383 0.071871 0.01 0.01
0 0.754839 0.113047 0.01 0.01
0 0.764104 0.053047 0.01 0.01
0 0.752192 0.049518 0.01 0.01
0 0.748222 0.049518 0.01 0.01
0 0.727707 0.045989 0.01 0.01
0 0.713148 0.054224 0.01 0.01
0 0.701236 0.054224 0.01 0.01
0 0.695280 0.049518 0.01 0.01
0 0.691971 0.054224 0.01 0.01
0 0.686016 0.116577 0.01 0.01
0 0.686016 0.107165 0.01 0.01
0 0.668810 0.070694 0.01 0.01
0 0.670795 0.045989 0.01 0.01
0 0.674104 0.043636 0.01 0.01
0 0.657560 0.055400 0.01 0.01
0 0.645648 0.076577 0.01 0.01
0 0.650942 0.094224 0.01 0.01
0 0.630427 0.116577 0.01 0.01
0 0.625795 0.044812 0.01 0.01
0 0.600648 0.117753 0.01 0.01
0 0.586751 0.124812 0.01 0.01
0 0.572192 0.081283 0.01 0.01
0 0.578148 0.061283 0.01 0.01
0 0.556971 0.135400 0.01 0.01
0 0.537119 0.136577 0.01 0.01
0 0.488810 0.161283 0.01 0.01
0 0.479545 0.122459 0.01 0.01
0 0.471604 0.128342 0.01 0.01
0 0.524545 0.074224 0.01 0.01
0 0.510648 0.044812 0.01 0.01
0 0.500060 0.054224 0.01 0.01
0 0.465648 0.061283 0.01 0.01
0 0.475574 0.038930 0.01 0.01
0 0.436530 0.042459 0.01 0.01
0 0.435869 0.056577 0.01 0.01
0 0.423295 0.034224 0.01 0.01
0 0.407413 0.049518 0.01 0.01
0 0.393516 0.054224 0.01 0.01
0 0.361751 0.051871 0.01 0.01
0 0.357119 0.081283 0.01 0.01
0 0.351163 0.042459 0.01 0.01
0 0.332633 0.055400 0.01 0.01
0 0.322707 0.067165 0.01 0.01
0 0.271089 0.061283 0.01 0.01
0 0.264472 0.051871 0.01 0.01
0 0.241972 0.070694 0.01 0.01
0 0.232045 0.067165 0.01 0.01
0 0.241310 0.058930 0.01 0.01
0 0.244619 0.043636 0.01 0.01
0 0.237339 0.044812 0.01 0.01
0 0.236677 0.047165 0.01 0.01
0 0.234692 0.053047 0.01 0.01
0 0.231383 0.036577 0.01 0.01
0 0.207560 0.060106 0.01 0.01
0 0.202927 0.078930 0.01 0.01
0 0.212192 0.103636 0.01 0.01
0 0.209545 0.131871 0.01 0.01
0 0.202927 0.130694 0.01 0.01
0 0.200280 0.115400 0.01 0.01
0 0.185722 0.128342 0.01 0.01
0 0.183074 0.118930 0.01 0.01
0 0.181089 0.107165 0.01 0.01
0 0.175133 0.100106 0.01 0.01
0 0.184398 0.094224 0.01 0.01
0 0.187707 0.096577 0.01 0.01
0 0.192339 0.070694 0.01 0.01
0 0.187707 0.055400 0.01 0.01
0 0.173810 0.068342 0.01 0.01
0 0.155942 0.071871 0.01 0.01
0 0.153957 0.082459 0.01 0.01
0 0.142707 0.074224 0.01 0.01
0 0.177119 0.228342 0.01 0.01
0 0.183736 0.257753 0.01 0.01
0 0.178442 0.258930 0.01 0.01
0 0.181751 0.280106 0.01 0.01
0 0.167192 0.280106 0.01 0.01
0 0.169177 0.309518 0.01 0.01
0 0.199619 0.250694 0.01 0.01
0 0.226089 0.238930 0.01 0.01
0 0.271751 0.271871 0.01 0.01
0 0.293589 0.233047 0.01 0.01
0 0.322045 0.176577 0.01 0.01
0 0.380942 0.231871 0.01 0.01
0 0.422633 0.249518 0.01 0.01
0 0.182413 0.325989 0.01 0.01
0 0.181089 0.383636 0.01 0.01
0 0.166530 0.405989 0.01 0.01
0 0.134766 0.438930 0.01 0.01
0 0.184398 0.461283 0.01 0.01
0 0.181089 0.500106 0.01 0.01
0 0.226751 0.477753 0.01 0.01
0 0.239986 0.410694 0.01 0.01
0 0.271751 0.403636 0.01 0.01
0 0.239324 0.361283 0.01 0.01
0 0.324692 0.342459 0.01 0.01
0 0.181751 0.540106 0.01 0.01
0 0.177780 0.570694 0.01 0.01
0 0.164545 0.570694 0.01 0.01
0 0.194324 0.570694 0.01 0.01
0 0.238663 0.545989 0.01 0.01
0 0.181089 0.617753 0.01 0.01
0 0.180427 0.648341 0.01 0.01
0 0.182413 0.658930 0.01 0.01
0 0.182413 0.711871 0.01 0.01
0 0.194986 0.716577 0.01 0.01
0 0.177780 0.742459 0.01 0.01
0 0.179766 0.754224 0.01 0.01
0 0.179766 0.761283 0.01 0.01
0 0.173810 0.768341 0.01 0.01
0 0.161236 0.778930 0.01 0.01
0 0.158589 0.730694 0.01 0.01
0 0.128810 0.704812 0.01 0.01
0 0.149986 0.861283 0.01 0.01
0 0.166530 0.841283 0.01 0.01
0 0.194324 0.827165 0.01 0.01
0 0.194986 0.803636 0.01 0.01
0 0.185722 0.794224 0.01 0.01
0 0.187045 0.782459 0.01 0.01
0 0.212854 0.850694 0.01 0.01
0 0.213516 0.816577 0.01 0.01
0 0.214177 0.765989 0.01 0.01
0 0.234692 0.751871 0.01 0.01
0 0.246604 0.737753 0.01 0.01
0 0.233369 0.704812 0.01 0.01
0 0.239324 0.694224 0.01 0.01
0 0.250574 0.693047 0.01 0.01
0 0.249251 0.827165 0.01 0.01
0 0.256530 0.831871 0.01 0.01
0 0.256530 0.851871 0.01 0.01
0 0.273736 0.829518 0.01 0.01
0 0.280354 0.830694 0.01 0.01
0 0.314104 0.794224 0.01 0.01
0 0.322045 0.690694 0.01 0.01
0 0.279692 0.655400 0.01 0.01
0 0.283001 0.637753 0.01 0.01
0 0.277707 0.607165 0.01 0.01
0 0.265133 0.584812 0.01 0.01
0 0.308810 0.522459 0.01 0.01
0 0.340574 0.601283 0.01 0.01
0 0.368369 0.557753 0.01 0.01
0 0.391530 0.651871 0.01 0.01
0 0.380280 0.781283 0.01 0.01
0 0.386236 0.811871 0.01 0.01
0 0.392854 0.830694 0.01 0.01
0 0.447119 0.834224 0.01 0.01
0 0.454398 0.824812 0.01 0.01
0 0.468295 0.831871 0.01 0.01
0 0.482854 0.827165 0.01 0.01
0 0.511310 0.845989 0.01 0.01
0 0.521236 0.857753 0.01 0.01
0 0.501383 0.800106 0.01 0.01
0 0.454398 0.742459 0.01 0.01
0 0.432560 0.773047 0.01 0.01
0 0.459030 0.690694 0.01 0.01
0 0.460354 0.608342 0.01 0.01
0 0.461016 0.574224 0.01 0.01
0 0.420648 0.578930 0.01 0.01
0 0.440501 0.534224 0.01 0.01
0 0.423957 0.481283 0.01 0.01
0 0.396824 0.505989 0.01 0.01
0 0.423957 0.495400 0.01 0.01
0 0.378957 0.454224 0.01 0.01
0 0.385574 0.363636 0.01 0.01
0 0.412045 0.396577 0.01 0.01
0 0.464324 0.378930 0.01 0.01
0 0.457045 0.358930 0.01 0.01
0 0.471604 0.270694 0.01 0.01
0 0.488810 0.234224 0.01 0.01
0 0.500722 0.242459 0.01 0.01
0 0.512633 0.240106 0.01 0.01
0 0.508001 0.305989 0.01 0.01
0 0.535795 0.228342 0.01 0.01
0 0.583442 0.227165 0.01 0.01
0 0.568222 0.335400 0.01 0.01
0 0.577486 0.321283 0.01 0.01
0 0.658222 0.307165 0.01 0.01
0 0.701898 0.274224 0.01 0.01
0 0.754177 0.378930 0.01 0.01
0 0.846824 0.444812 0.01 0.01
0 0.818369 0.524812 0.01 0.01
0 0.815060 0.555400 0.01 0.01
0 0.808442 0.496577 0.01 0.01
0 0.797854 0.488342 0.01 0.01
0 0.652927 0.364812 0.01 0.01
0 0.649619 0.388342 0.01 0.01
0 0.626457 0.383636 0.01 0.01
0 0.595354 0.435400 0.01 0.01
0 0.549030 0.421283 0.01 0.01
0 0.535795 0.498930 0.01 0.01
0 0.480207 0.529518 0.01 0.01
0 0.479545 0.501283 0.01 0.01
0 0.507339 0.607165 0.01 0.01
0 0.498736 0.663636 0.01 0.01
0 0.560942 0.685989 0.01 0.01
0 0.565574 0.670694 0.01 0.01
0 0.560280 0.645989 0.01 0.01
0 0.568222 0.593047 0.01 0.01
0 0.590060 0.588342 0.01 0.01
0 0.641677 0.447165 0.01 0.01
0 0.645648 0.478930 0.01 0.01
0 0.659545 0.481283 0.01 0.01
0 0.680060 0.501283 0.01 0.01
0 0.733001 0.583636 0.01 0.01
0 0.692633 0.668342 0.01 0.01
0 0.617192 0.681283 0.01 0.01
0 0.576824 0.749518 0.01 0.01
0 0.551016 0.773047 0.01 0.01
0 0.575501 0.831871 0.01 0.01
0 0.613222 0.823636 0.01 0.01
0 0.677413 0.837753 0.01 0.01
0 0.680722 0.837753 0.01 0.01
0 0.695942 0.837753 0.01 0.01
0 0.717119 0.841283 0.01 0.01
0 0.718442 0.797753 0.01 0.01
0 0.758810 0.836577 0.01 0.01
0 0.764104 0.834224 0.01 0.01
0 0.747560 0.709518 0.01 0.01
0 0.764104 0.682459 0.01 0.01
0 0.793222 0.825989 0.01 0.01
0 0.795869 0.829518 0.01 0.01
0 0.823001 0.849518 0.01 0.01
0 0.838883 0.816577 0.01 0.01
0 0.825648 0.780106 0.01 0.01
0 0.816383 0.764812 0.01 0.01
0 0.824324 0.729518 0.01 0.01
0 0.819030 0.724812 0.01 0.01
0 0.819692 0.708342 0.01 0.01
0 0.833589 0.688341 0.01 0.01
0 0.848810 0.684812 0.01 0.01
0 0.850795 0.605989 0.01 0.01
