0 0.132812 0.075000 0.01 0.01
0 0.294531 0.179167 0.01 0.01
0 0.407813 0.330556 0.01 0.01
0 0.452344 0.313889 0.01 0.01
0 0.350000 0.544444 0.01 0.01
0 0.230469 0.736111 0.01 0.01
0 0.244531 0.886111 0.01 0.01
0 0.378125 0.731944 0.01 0.01
0 0.438281 0.663889 0.01 0.01
0 0.478125 0.690278 0.01 0.01
0 0.509375 0.815278 0.01 0.01
0 0.558594 0.902778 0.01 0.01
0 0.582812 0.931944 0.01 0.01
0 0.615625 0.575000 0.01 0.01
0 0.797656 0.834722 0.01 0.01
0 0.850000 0.862500 0.01 0.01
0 0.855469 0.805556 0.01 0.01
0 0.857813 0.552778 0.01 0.01
0 0.815625 0.466667 0.01 0.01
0 0.718750 0.443056 0.01 0.01
0 0.750781 0.387500 0.01 0.01
0 0.832031 0.259722 0.01 0.01
0 0.859375 0.163889 0.01 0.01
0 0.853125 0.111111 0.01 0.01
0 0.800781 0.080556 0.01 0.01
0 0.780469 0.026389 0.01 0.01
0 0.800000 0.166667 0.01 0.01
0 0.702344 0.180556 0.01 0.01
0 0.640625 0.084722 0.01 0.01
0 0.592969 0.204167 0.01 0.01
