0 0.284375 0.283333 0.01 0.01
0 0.313281 0.180556 0.01 0.01
0 0.480469 0.048611 0.01 0.01
0 0.511719 0.373611 0.01 0.01
0 0.626562 0.379167 0.01 0.01
0 0.650781 0.258333 0.01 0.01
0 0.775000 0.205556 0.01 0.01
0 0.788281 0.068056 0.01 0.01
0 0.746094 0.201389 0.01 0.01
0 0.863281 0.263889 0.01 0.01
0 0.839844 0.390278 0.01 0.01
0 0.685938 0.404167 0.01 0.01
0 0.669531 0.456944 0.01 0.01
0 0.705469 0.586111 0.01 0.01
0 0.862500 0.587500 0.01 0.01
0 0.866406 0.729167 0.01 0.01
0 0.858594 0.868056 0.01 0.01
0 0.806250 0.941667 0.01 0.01
0 0.717188 0.862500 0.01 0.01
0 0.546875 0.811111 0.01 0.01
0 0.580469 0.868056 0.01 0.01
0 0.447656 0.826389 0.01 0.01
0 0.433594 0.797222 0.01 0.01
0 0.405469 0.743056 0.01 0.01
0 0.478125 0.683333 0.01 0.01
0 0.392188 0.536111 0.01 0.01
0 0.374219 0.450000 0.01 0.01
0 0.234375 0.630556 0.01 0.01
