0 0.948074 0.213047 0.01 0.01
0 0.908369 0.198930 0.01 0.01
0 0.926898 0.167165 0.01 0.01
0 0.905721 0.168342 0.01 0.01
0 0.913663 0.153047 0.01 0.01
0 0.891163 0.129518 0.01 0.01
0 0.881236 0.118930 0.01 0.01
0 0.884545 0.069518 0.01 0.01
0 0.856089 0.115400 0.01 0.01
0 0.846163 0.109518 0.01 0.01
0 0.822339 0.121283 0.01 0.01
0 0.815060 0.116577 0.01 0.01
0 0.805133 0.108342 0.01 0.01
0 0.791898 0.163636 0.01 0.01
0 0.776677 0.078930 0.01 0.01
0 0.759472 0.108342 0.01 0.01
0 0.741604 0.104812 0.01 0.01
0 0.715795 0.110694 0.01 0.01
0 0.695942 0.113047 0.01 0.01
0 0.688663 0.225989 0.01 0.01
0 0.611236 0.148342 0.01 0.01
0 0.624472 0.124812 0.01 0.01
0 0.613222 0.113047 0.01 0.01
0 0.572854 0.113047 0.01 0.01
0 0.509986 0.114224 0.01 0.01
0 0.483516 0.094224 0.01 0.01
0 0.449104 0.107165 0.01 0.01
0 0.367045 0.122459 0.01 0.01
0 0.347854 0.103636 0.01 0.01
0 0.318736 0.109518 0.01 0.01
0 0.290942 0.097753 0.01 0.01
0 0.284324 0.114224 0.01 0.01
0 0.249251 0.075400 0.01 0.01
0 0.214177 0.136577 0.01 0.01
0 0.212854 0.182459 0.01 0.01
0 0.245280 0.177753 0.01 0.01
0 0.253222 0.135400 0.01 0.01
0 0.261163 0.141283 0.01 0.01
0 0.244619 0.209518 0.01 0.01
0 0.236016 0.211871 0.01 0.01
0 0.238001 0.278930 0.01 0.01
0 0.234692 0.302459 0.01 0.01
0 0.241310 0.302459 0.01 0.01
0 0.304839 0.191871 0.01 0.01
0 0.312780 0.215400 0.01 0.01
0 0.376972 0.213047 0.01 0.01
0 0.347854 0.276577 0.01 0.01
0 0.428589 0.307165 0.01 0.01
0 0.442486 0.241283 0.01 0.01
0 0.515942 0.183636 0.01 0.01
0 0.534472 0.203636 0.01 0.01
0 0.530501 0.289518 0.01 0.01
0 0.483516 0.367165 0.01 0.01
0 0.474913 0.393047 0.01 0.01
0 0.479545 0.442459 0.01 0.01
0 0.238663 0.384812 0.01 0.01
0 0.238663 0.417753 0.01 0.01
0 0.243295 0.477753 0.01 0.01
0 0.334619 0.489518 0.01 0.01
0 0.341898 0.563636 0.01 0.01
0 0.308148 0.568341 0.01 0.01
0 0.316089 0.620106 0.01 0.01
0 0.269766 0.653047 0.01 0.01
0 0.245942 0.591871 0.01 0.01
0 0.237339 0.602459 0.01 0.01
0 0.238001 0.540106 0.01 0.01
0 0.236677 0.744812 0.01 0.01
0 0.236016 0.791871 0.01 0.01
0 0.227413 0.783636 0.01 0.01
0 0.236016 0.830694 0.01 0.01
0 0.239324 0.813047 0.01 0.01
0 0.250574 0.814224 0.01 0.01
0 0.268442 0.834224 0.01 0.01
0 0.277045 0.871871 0.01 0.01
0 0.267119 0.908341 0.01 0.01
0 0.251898 0.900106 0.01 0.01
0 0.251898 0.891871 0.01 0.01
0 0.259839 0.871871 0.01 0.01
0 0.245942 0.881283 0.01 0.01
0 0.239324 0.854224 0.01 0.01
0 0.192339 0.844812 0.01 0.01
0 0.186383 0.922459 0.01 0.01
0 0.194986 0.941283 0.01 0.01
0 0.213516 0.961283 0.01 0.01
0 0.286310 0.976577 0.01 0.01
0 0.304839 0.931871 0.01 0.01
0 0.298883 0.900106 0.01 0.01
0 0.298883 0.749518 0.01 0.01
0 0.319398 0.683636 0.01 0.01
0 0.354472 0.705989 0.01 0.01
0 0.370354 0.724812 0.01 0.01
0 0.371016 0.740106 0.01 0.01
0 0.367045 0.783636 0.01 0.01
0 0.367707 0.860106 0.01 0.01
0 0.390207 0.842459 0.01 0.01
0 0.418663 0.850694 0.01 0.01
0 0.421971 0.808341 0.01 0.01
0 0.411383 0.908341 0.01 0.01
0 0.401457 0.918930 0.01 0.01
0 0.398148 0.925989 0.01 0.01
0 0.374324 0.936577 0.01 0.01
0 0.349839 0.930694 0.01 0.01
0 0.468295 0.705989 0.01 0.01
0 0.474251 0.602459 0.01 0.01
0 0.500060 0.537753 0.01 0.01
0 0.545060 0.587165 0.01 0.01
0 0.548369 0.460106 0.01 0.01
0 0.590060 0.385989 0.01 0.01
0 0.619839 0.428342 0.01 0.01
0 0.627119 0.523636 0.01 0.01
0 0.694619 0.494224 0.01 0.01
0 0.687339 0.478930 0.01 0.01
0 0.676751 0.444812 0.01 0.01
0 0.721089 0.434224 0.01 0.01
0 0.786604 0.334224 0.01 0.01
0 0.782633 0.282459 0.01 0.01
0 0.801163 0.256577 0.01 0.01
0 0.856089 0.323636 0.01 0.01
0 0.909030 0.337753 0.01 0.01
0 0.912339 0.561283 0.01 0.01
0 0.923589 0.570694 0.01 0.01
0 0.908369 0.580106 0.01 0.01
0 0.909692 0.641283 0.01 0.01
0 0.905721 0.735400 0.01 0.01
0 0.927560 0.847165 0.01 0.01
0 0.948074 0.869518 0.01 0.01
0 0.908369 0.811871 0.01 0.01
0 0.896457 0.821283 0.01 0.01
0 0.910354 0.849518 0.01 0.01
0 0.909692 0.878930 0.01 0.01
0 0.896457 0.884812 0.01 0.01
0 0.883222 0.931871 0.01 0.01
0 0.854104 0.944812 0.01 0.01
0 0.839545 0.936577 0.01 0.01
0 0.822339 0.863636 0.01 0.01
0 0.839545 0.653047 0.01 0.01
0 0.761457 0.603636 0.01 0.01
0 0.732339 0.583636 0.01 0.01
0 0.728369 0.585989 0.01 0.01
0 0.715133 0.533047 0.01 0.01
0 0.695942 0.547165 0.01 0.01
0 0.660869 0.647165 0.01 0.01
0 0.651604 0.664812 0.01 0.01
0 0.654251 0.703636 0.01 0.01
0 0.785942 0.716577 0.01 0.01
0 0.728369 0.798930 0.01 0.01
0 0.785280 0.937753 0.01 0.01
0 0.760795 0.951871 0.01 0.01
0 0.738957 0.935400 0.01 0.01
0 0.714472 0.860106 0.01 0.01
0 0.686016 0.877753 0.01 0.01
0 0.675427 0.945989 0.01 0.01
0 0.674104 0.965989 0.01 0.01
0 0.644986 0.894224 0.01 0.01
0 0.588736 0.810694 0.01 0.01
0 0.569545 0.762459 0.01 0.01
0 0.564913 0.748342 0.01 0.01
0 0.531824 0.809518 0.01 0.01
0 0.521236 0.890694 0.01 0.01
0 0.529839 0.928342 0.01 0.01
0 0.555648 0.931871 0.01 0.01
0 0.493442 0.945989 0.01 0.01
0 0.555648 0.663636 0.01 0.01
