0 0.789062 0.051389 0.01 0.01
0 0.795313 0.063889 0.01 0.01
0 0.853125 0.122222 0.01 0.01
0 0.800781 0.209722 0.01 0.01
0 0.857031 0.201389 0.01 0.01
0 0.748438 0.422222 0.01 0.01
0 0.731250 0.431944 0.01 0.01
0 0.825000 0.504167 0.01 0.01
0 0.859375 0.583333 0.01 0.01
0 0.735156 0.137500 0.01 0.01
0 0.657031 0.093056 0.01 0.01
0 0.633594 0.073611 0.01 0.01
0 0.530469 0.234722 0.01 0.01
0 0.407813 0.358333 0.01 0.01
0 0.429688 0.566667 0.01 0.01
0 0.368750 0.551389 0.01 0.01
0 0.382812 0.758333 0.01 0.01
0 0.465625 0.813889 0.01 0.01
0 0.526563 0.691667 0.01 0.01
0 0.546875 0.831944 0.01 0.01
0 0.564062 0.934722 0.01 0.01
0 0.775781 0.830556 0.01 0.01
0 0.846875 0.863889 0.01 0.01
0 0.854688 0.809722 0.01 0.01
0 0.625781 0.552778 0.01 0.01
0 0.223438 0.700000 0.01 0.01
0 0.295312 0.179167 0.01 0.01
0 0.176563 0.030556 0.01 0.01
