0 0.131250 0.076389 0.01 0.01
0 0.293750 0.175000 0.01 0.01
0 0.439844 0.287500 0.01 0.01
0 0.407031 0.318056 0.01 0.01
0 0.644531 0.086111 0.01 0.01
0 0.592188 0.201389 0.01 0.01
0 0.700000 0.220833 0.01 0.01
0 0.717188 0.456944 0.01 0.01
0 0.619531 0.593056 0.01 0.01
0 0.484375 0.652778 0.01 0.01
0 0.462500 0.627778 0.01 0.01
0 0.349219 0.536111 0.01 0.01
0 0.377344 0.743056 0.01 0.01
0 0.236719 0.740278 0.01 0.01
0 0.507031 0.811111 0.01 0.01
0 0.559375 0.926389 0.01 0.01
0 0.585938 0.936111 0.01 0.01
0 0.225781 0.879167 0.01 0.01
0 0.856250 0.863889 0.01 0.01
0 0.859375 0.808333 0.01 0.01
0 0.803125 0.836111 0.01 0.01
0 0.857813 0.550000 0.01 0.01
0 0.817187 0.462500 0.01 0.01
0 0.757812 0.359722 0.01 0.01
0 0.835156 0.284722 0.01 0.01
0 0.815625 0.169444 0.01 0.01
0 0.799219 0.097222 0.01 0.01
0 0.852344 0.102778 0.01 0.01
0 0.862500 0.156944 0.01 0.01
0 0.785156 0.023611 0.01 0.01
