0 0.783957 0.075400 0.01 0.01
0 0.779986 0.135400 0.01 0.01
0 0.785942 0.196577 0.01 0.01
0 0.851457 0.181283 0.01 0.01
0 0.822339 0.294224 0.01 0.01
0 0.681383 0.256577 0.01 0.01
0 0.628442 0.115400 0.01 0.01
0 0.607266 0.157753 0.01 0.01
0 0.556310 0.071871 0.01 0.01
0 0.464986 0.101283 0.01 0.01
0 0.362413 0.043636 0.01 0.01
0 0.363736 0.028342 0.01 0.01
0 0.287633 0.190694 0.01 0.01
0 0.384913 0.388342 0.01 0.01
0 0.395501 0.322459 0.01 0.01
0 0.368369 0.544812 0.01 0.01
0 0.206898 0.667165 0.01 0.01
0 0.384913 0.736577 0.01 0.01
0 0.346530 0.924812 0.01 0.01
0 0.467633 0.953047 0.01 0.01
0 0.483516 0.920106 0.01 0.01
0 0.541751 0.830694 0.01 0.01
0 0.460354 0.720106 0.01 0.01
0 0.464986 0.685989 0.01 0.01
0 0.631751 0.548342 0.01 0.01
0 0.719104 0.490694 0.01 0.01
0 0.717119 0.450694 0.01 0.01
0 0.846824 0.573047 0.01 0.01
0 0.871310 0.581283 0.01 0.01
0 0.847486 0.690694 0.01 0.01
0 0.847486 0.829518 0.01 0.01
0 0.838222 0.877753 0.01 0.01
0 0.764766 0.843636 0.01 0.01
0 0.844839 0.828341 0.01 0.01
