0 0.218810 0.657753 0.01 0.01
0 0.375648 0.544812 0.01 0.01
0 0.392854 0.749518 0.01 0.01
0 0.403442 0.867165 0.01 0.01
0 0.443148 0.823636 0.01 0.01
0 0.461016 0.956577 0.01 0.01
0 0.534472 0.898930 0.01 0.01
0 0.538442 0.810694 0.01 0.01
0 0.473589 0.683636 0.01 0.01
0 0.283001 0.289518 0.01 0.01
0 0.292927 0.233047 0.01 0.01
0 0.376972 0.414224 0.01 0.01
0 0.462339 0.145989 0.01 0.01
0 0.391530 0.078930 0.01 0.01
0 0.499398 0.053047 0.01 0.01
0 0.615869 0.148342 0.01 0.01
0 0.654251 0.211871 0.01 0.01
0 0.652266 0.356577 0.01 0.01
0 0.769398 0.182459 0.01 0.01
0 0.776016 0.178930 0.01 0.01
0 0.783957 0.078930 0.01 0.01
0 0.856751 0.210694 0.01 0.01
0 0.830280 0.374224 0.01 0.01
0 0.701898 0.462459 0.01 0.01
0 0.697927 0.502459 0.01 0.01
0 0.671457 0.554224 0.01 0.01
0 0.854104 0.600106 0.01 0.01
0 0.873957 0.594224 0.01 0.01
0 0.851457 0.687165 0.01 0.01
0 0.848810 0.873047 0.01 0.01
0 0.838222 0.910694 0.01 0.01
0 0.743589 0.853047 0.01 0.01
