0 0.834251 0.267165 0.01 0.01
0 0.834913 0.257753 0.01 0.01
0 0.827633 0.244812 0.01 0.01
0 0.834251 0.222459 0.01 0.01
0 0.828957 0.324812 0.01 0.01
0 0.868663 0.303636 0.01 0.01
0 0.862045 0.390694 0.01 0.01
0 0.828295 0.416577 0.01 0.01
0 0.821016 0.430694 0.01 0.01
0 0.830280 0.494224 0.01 0.01
0 0.815060 0.585989 0.01 0.01
0 0.803810 0.621283 0.01 0.01
0 0.811089 0.670694 0.01 0.01
0 0.834913 0.635400 0.01 0.01
0 0.870648 0.647165 0.01 0.01
0 0.830942 0.160106 0.01 0.01
0 0.848148 0.116577 0.01 0.01
0 0.833589 0.115400 0.01 0.01
0 0.813074 0.105989 0.01 0.01
0 0.810427 0.124812 0.01 0.01
0 0.807780 0.107165 0.01 0.01
0 0.790574 0.098930 0.01 0.01
0 0.781972 0.102459 0.01 0.01
0 0.778001 0.087165 0.01 0.01
0 0.773369 0.097753 0.01 0.01
0 0.769398 0.088342 0.01 0.01
0 0.740280 0.093047 0.01 0.01
0 0.730354 0.084812 0.01 0.01
0 0.716457 0.085989 0.01 0.01
0 0.713148 0.094224 0.01 0.01
0 0.697266 0.070694 0.01 0.01
0 0.686677 0.094224 0.01 0.01
0 0.678736 0.093047 0.01 0.01
0 0.667486 0.074224 0.01 0.01
0 0.693957 0.144812 0.01 0.01
0 0.723074 0.122459 0.01 0.01
0 0.740942 0.165989 0.01 0.01
0 0.756824 0.167165 0.01 0.01
0 0.732339 0.265989 0.01 0.01
0 0.689986 0.224812 0.01 0.01
0 0.649619 0.289518 0.01 0.01
0 0.652927 0.338930 0.01 0.01
0 0.621163 0.278930 0.01 0.01
0 0.609913 0.222459 0.01 0.01
0 0.617854 0.097753 0.01 0.01
0 0.606604 0.085989 0.01 0.01
0 0.596677 0.094224 0.01 0.01
0 0.560942 0.097753 0.01 0.01
0 0.564913 0.163636 0.01 0.01
0 0.545060 0.178930 0.01 0.01
0 0.504692 0.194224 0.01 0.01
0 0.493442 0.170694 0.01 0.01
0 0.493442 0.138930 0.01 0.01
0 0.498736 0.102459 0.01 0.01
0 0.517927 0.090694 0.01 0.01
0 0.533810 0.090694 0.01 0.01
0 0.484839 0.083636 0.01 0.01
0 0.490133 0.056577 0.01 0.01
0 0.466971 0.103636 0.01 0.01
0 0.461016 0.091871 0.01 0.01
0 0.450427 0.150694 0.01 0.01
0 0.454398 0.169518 0.01 0.01
0 0.414692 0.093047 0.01 0.01
0 0.406089 0.091871 0.01 0.01
0 0.384251 0.100106 0.01 0.01
0 0.380280 0.093047 0.01 0.01
0 0.390207 0.180106 0.01 0.01
0 0.365060 0.198930 0.01 0.01
0 0.358442 0.170694 0.01 0.01
0 0.367707 0.165989 0.01 0.01
0 0.341236 0.153047 0.01 0.01
0 0.326016 0.147165 0.01 0.01
0 0.314766 0.143636 0.01 0.01
0 0.339913 0.114224 0.01 0.01
0 0.322045 0.098930 0.01 0.01
0 0.314766 0.102459 0.01 0.01
0 0.291604 0.089518 0.01 0.01
0 0.292927 0.053047 0.01 0.01
0 0.281016 0.069518 0.01 0.01
0 0.279030 0.091871 0.01 0.01
0 0.274398 0.096577 0.01 0.01
0 0.272413 0.131871 0.01 0.01
0 0.271751 0.183636 0.01 0.01
0 0.724398 0.235400 0.01 0.01
0 0.435869 0.249518 0.01 0.01
0 0.382927 0.267165 0.01 0.01
0 0.472266 0.270694 0.01 0.01
0 0.298883 0.275400 0.01 0.01
0 0.286972 0.280106 0.01 0.01
0 0.271089 0.302459 0.01 0.01
0 0.295574 0.224812 0.01 0.01
0 0.242633 0.096577 0.01 0.01
0 0.244619 0.093047 0.01 0.01
0 0.231383 0.091871 0.01 0.01
0 0.224766 0.054224 0.01 0.01
0 0.200942 0.058930 0.01 0.01
0 0.189692 0.069518 0.01 0.01
0 0.159913 0.094224 0.01 0.01
0 0.196310 0.125989 0.01 0.01
0 0.202927 0.133047 0.01 0.01
0 0.206236 0.118930 0.01 0.01
0 0.220795 0.121283 0.01 0.01
0 0.212192 0.141283 0.01 0.01
0 0.194324 0.151871 0.01 0.01
0 0.189692 0.203636 0.01 0.01
0 0.181089 0.198930 0.01 0.01
0 0.189030 0.262459 0.01 0.01
0 0.187707 0.304812 0.01 0.01
0 0.220795 0.294224 0.01 0.01
0 0.193001 0.383636 0.01 0.01
0 0.187045 0.401283 0.01 0.01
0 0.189692 0.421283 0.01 0.01
0 0.212854 0.404812 0.01 0.01
0 0.189692 0.442459 0.01 0.01
0 0.183074 0.433047 0.01 0.01
0 0.189692 0.470694 0.01 0.01
0 0.161236 0.461283 0.01 0.01
0 0.157266 0.491871 0.01 0.01
0 0.141383 0.501283 0.01 0.01
0 0.185060 0.513047 0.01 0.01
0 0.191677 0.510694 0.01 0.01
0 0.187707 0.537753 0.01 0.01
0 0.236677 0.480106 0.01 0.01
0 0.248589 0.443636 0.01 0.01
0 0.321383 0.429518 0.01 0.01
0 0.303516 0.511871 0.01 0.01
0 0.330648 0.501283 0.01 0.01
0 0.292266 0.556577 0.01 0.01
0 0.403442 0.455400 0.01 0.01
0 0.435869 0.484812 0.01 0.01
0 0.453736 0.390694 0.01 0.01
0 0.490133 0.395400 0.01 0.01
0 0.495427 0.407165 0.01 0.01
0 0.500722 0.397753 0.01 0.01
0 0.530501 0.391871 0.01 0.01
0 0.528516 0.405989 0.01 0.01
0 0.521898 0.437753 0.01 0.01
0 0.531824 0.453047 0.01 0.01
0 0.499398 0.309518 0.01 0.01
0 0.541751 0.322459 0.01 0.01
0 0.572854 0.298930 0.01 0.01
0 0.674104 0.383636 0.01 0.01
0 0.668810 0.455400 0.01 0.01
0 0.672780 0.417753 0.01 0.01
0 0.639030 0.442459 0.01 0.01
0 0.564913 0.294224 0.01 0.01
0 0.729030 0.401283 0.01 0.01
0 0.657560 0.516577 0.01 0.01
0 0.324692 0.600106 0.01 0.01
0 0.311457 0.605989 0.01 0.01
0 0.324692 0.651871 0.01 0.01
0 0.300869 0.680106 0.01 0.01
0 0.340574 0.721283 0.01 0.01
0 0.247927 0.601283 0.01 0.01
0 0.231383 0.650694 0.01 0.01
0 0.192339 0.643636 0.01 0.01
0 0.184398 0.623636 0.01 0.01
0 0.187707 0.588342 0.01 0.01
0 0.184398 0.668342 0.01 0.01
0 0.186383 0.682459 0.01 0.01
0 0.185060 0.728342 0.01 0.01
0 0.184398 0.740106 0.01 0.01
0 0.187707 0.751871 0.01 0.01
0 0.216824 0.783636 0.01 0.01
0 0.232045 0.787165 0.01 0.01
0 0.239986 0.773047 0.01 0.01
0 0.220133 0.741283 0.01 0.01
0 0.230722 0.736577 0.01 0.01
0 0.281677 0.735400 0.01 0.01
0 0.213516 0.825989 0.01 0.01
0 0.216824 0.855400 0.01 0.01
0 0.222780 0.853047 0.01 0.01
0 0.210869 0.868342 0.01 0.01
0 0.190354 0.863636 0.01 0.01
0 0.173810 0.810694 0.01 0.01
0 0.177780 0.809518 0.01 0.01
0 0.187045 0.821283 0.01 0.01
0 0.200942 0.807165 0.01 0.01
0 0.207560 0.918930 0.01 0.01
0 0.226089 0.881283 0.01 0.01
0 0.244619 0.890694 0.01 0.01
0 0.275060 0.910694 0.01 0.01
0 0.278369 0.888342 0.01 0.01
0 0.290280 0.884812 0.01 0.01
0 0.302192 0.898930 0.01 0.01
0 0.284324 0.850694 0.01 0.01
0 0.335942 0.943636 0.01 0.01
0 0.361089 0.897753 0.01 0.01
0 0.369030 0.890694 0.01 0.01
0 0.385574 0.889518 0.01 0.01
0 0.447780 0.889518 0.01 0.01
0 0.476236 0.847165 0.01 0.01
0 0.402119 0.813047 0.01 0.01
0 0.402119 0.775400 0.01 0.01
0 0.422633 0.727165 0.01 0.01
0 0.431898 0.722459 0.01 0.01
0 0.393516 0.627165 0.01 0.01
0 0.400133 0.604812 0.01 0.01
0 0.388222 0.588342 0.01 0.01
0 0.458369 0.683636 0.01 0.01
0 0.451751 0.641283 0.01 0.01
0 0.450427 0.527165 0.01 0.01
0 0.491457 0.557753 0.01 0.01
0 0.506677 0.555400 0.01 0.01
0 0.504030 0.583636 0.01 0.01
0 0.487486 0.590694 0.01 0.01
0 0.485501 0.633047 0.01 0.01
0 0.490133 0.717753 0.01 0.01
0 0.484177 0.745989 0.01 0.01
0 0.503369 0.778930 0.01 0.01
0 0.505354 0.715400 0.01 0.01
0 0.502707 0.855400 0.01 0.01
0 0.584104 0.724812 0.01 0.01
0 0.566898 0.684812 0.01 0.01
0 0.538442 0.643636 0.01 0.01
0 0.529177 0.615400 0.01 0.01
0 0.545722 0.631871 0.01 0.01
0 0.580795 0.620106 0.01 0.01
0 0.609251 0.638930 0.01 0.01
0 0.592707 0.589518 0.01 0.01
0 0.561604 0.567165 0.01 0.01
0 0.577486 0.556577 0.01 0.01
0 0.587413 0.543636 0.01 0.01
0 0.644324 0.617753 0.01 0.01
0 0.652266 0.589518 0.01 0.01
0 0.676089 0.596577 0.01 0.01
0 0.709839 0.661283 0.01 0.01
0 0.747560 0.663636 0.01 0.01
0 0.734324 0.748342 0.01 0.01
0 0.764104 0.724812 0.01 0.01
0 0.838883 0.756577 0.01 0.01
0 0.851457 0.753047 0.01 0.01
0 0.854766 0.778930 0.01 0.01
0 0.836236 0.784812 0.01 0.01
0 0.838222 0.802459 0.01 0.01
0 0.830280 0.842459 0.01 0.01
0 0.822339 0.850694 0.01 0.01
0 0.811089 0.873047 0.01 0.01
0 0.801824 0.928342 0.01 0.01
0 0.786604 0.803636 0.01 0.01
0 0.781972 0.807165 0.01 0.01
0 0.760133 0.809518 0.01 0.01
0 0.740942 0.829518 0.01 0.01
0 0.734324 0.885989 0.01 0.01
0 0.749545 0.902459 0.01 0.01
0 0.729692 0.893047 0.01 0.01
0 0.721751 0.894224 0.01 0.01
0 0.686016 0.891871 0.01 0.01
0 0.686016 0.836577 0.01 0.01
0 0.660869 0.885989 0.01 0.01
0 0.651604 0.890694 0.01 0.01
0 0.626457 0.890694 0.01 0.01
0 0.613222 0.937753 0.01 0.01
0 0.599986 0.893047 0.01 0.01
0 0.584104 0.907165 0.01 0.01
0 0.632413 0.601283 0.01 0.01
