0 0.525781 0.291667 0.01 0.01
0 0.525781 0.291667 0.01 0.01
0 0.586719 0.386111 0.01 0.01
0 0.685938 0.223611 0.01 0.01
0 0.787500 0.163889 0.01 0.01
0 0.803906 0.118056 0.01 0.01
0 0.801562 0.116667 0.01 0.01
0 0.791406 0.091667 0.01 0.01
0 0.775781 0.077778 0.01 0.01
0 0.759375 0.111111 0.01 0.01
0 0.737500 0.105556 0.01 0.01
0 0.728906 0.080556 0.01 0.01
0 0.712500 0.104167 0.01 0.01
0 0.696094 0.122222 0.01 0.01
0 0.814844 0.118056 0.01 0.01
0 0.830469 0.098611 0.01 0.01
0 0.836719 0.119444 0.01 0.01
0 0.850781 0.116667 0.01 0.01
0 0.877344 0.123611 0.01 0.01
0 0.888281 0.066667 0.01 0.01
0 0.885938 0.131944 0.01 0.01
0 0.892969 0.138889 0.01 0.01
0 0.900781 0.175000 0.01 0.01
0 0.911719 0.159722 0.01 0.01
0 0.919531 0.159722 0.01 0.01
0 0.901751 0.203636 0.01 0.01
0 0.941457 0.236577 0.01 0.01
0 0.901751 0.338930 0.01 0.01
0 0.852119 0.322459 0.01 0.01
0 0.831604 0.385989 0.01 0.01
0 0.782633 0.338930 0.01 0.01
0 0.779986 0.290694 0.01 0.01
0 0.781972 0.254224 0.01 0.01
0 0.905060 0.544812 0.01 0.01
0 0.917633 0.538930 0.01 0.01
0 0.904398 0.580106 0.01 0.01
0 0.904398 0.642459 0.01 0.01
0 0.903736 0.728342 0.01 0.01
0 0.850795 0.713047 0.01 0.01
0 0.851457 0.701283 0.01 0.01
0 0.891824 0.821283 0.01 0.01
0 0.905060 0.810694 0.01 0.01
0 0.924251 0.804812 0.01 0.01
0 0.943442 0.848342 0.01 0.01
0 0.931530 0.861283 0.01 0.01
0 0.905721 0.849518 0.01 0.01
0 0.900427 0.897753 0.01 0.01
0 0.885869 0.895400 0.01 0.01
0 0.874619 0.933047 0.01 0.01
0 0.849471 0.954224 0.01 0.01
0 0.834251 0.933047 0.01 0.01
0 0.816383 0.863636 0.01 0.01
0 0.779986 0.938930 0.01 0.01
0 0.750207 0.950694 0.01 0.01
0 0.735648 0.938930 0.01 0.01
0 0.700574 0.969518 0.01 0.01
0 0.683369 0.944812 0.01 0.01
0 0.650280 0.897753 0.01 0.01
0 0.676751 0.860106 0.01 0.01
0 0.685354 0.884812 0.01 0.01
0 0.719104 0.889518 0.01 0.01
0 0.723736 0.827165 0.01 0.01
0 0.779324 0.775400 0.01 0.01
0 0.771383 0.714224 0.01 0.01
0 0.772707 0.603636 0.01 0.01
0 0.802486 0.604812 0.01 0.01
0 0.723736 0.585989 0.01 0.01
0 0.709177 0.557753 0.01 0.01
0 0.707192 0.533047 0.01 0.01
0 0.690648 0.548342 0.01 0.01
0 0.689986 0.491871 0.01 0.01
0 0.717119 0.433047 0.01 0.01
0 0.679398 0.468341 0.01 0.01
0 0.659545 0.442459 0.01 0.01
0 0.619177 0.438930 0.01 0.01
0 0.622486 0.520106 0.01 0.01
0 0.629104 0.642459 0.01 0.01
0 0.641016 0.645989 0.01 0.01
0 0.648957 0.707165 0.01 0.01
0 0.583442 0.809518 0.01 0.01
0 0.560942 0.771871 0.01 0.01
0 0.562927 0.743636 0.01 0.01
0 0.541751 0.584812 0.01 0.01
0 0.530501 0.430694 0.01 0.01
0 0.605942 0.149518 0.01 0.01
0 0.606604 0.114224 0.01 0.01
0 0.620501 0.127165 0.01 0.01
0 0.574839 0.121283 0.01 0.01
0 0.568222 0.113047 0.01 0.01
0 0.529839 0.218930 0.01 0.01
0 0.511972 0.189518 0.01 0.01
0 0.505354 0.115400 0.01 0.01
0 0.484839 0.085989 0.01 0.01
0 0.455722 0.109518 0.01 0.01
0 0.439177 0.243636 0.01 0.01
0 0.372339 0.210694 0.01 0.01
0 0.362413 0.121283 0.01 0.01
0 0.346530 0.107165 0.01 0.01
0 0.318736 0.108342 0.01 0.01
0 0.288295 0.097753 0.01 0.01
0 0.296898 0.115400 0.01 0.01
0 0.255207 0.143636 0.01 0.01
0 0.249251 0.137753 0.01 0.01
0 0.209545 0.138930 0.01 0.01
0 0.212854 0.181283 0.01 0.01
0 0.230722 0.215400 0.01 0.01
0 0.238663 0.193047 0.01 0.01
0 0.239986 0.214224 0.01 0.01
0 0.249251 0.180106 0.01 0.01
0 0.302192 0.195400 0.01 0.01
0 0.315427 0.198930 0.01 0.01
0 0.224104 0.273047 0.01 0.01
0 0.237339 0.303636 0.01 0.01
0 0.234030 0.324812 0.01 0.01
0 0.234030 0.348341 0.01 0.01
0 0.355795 0.295400 0.01 0.01
0 0.374324 0.349518 0.01 0.01
0 0.418663 0.304812 0.01 0.01
0 0.468295 0.362459 0.01 0.01
0 0.471604 0.404812 0.01 0.01
0 0.474913 0.444812 0.01 0.01
0 0.493442 0.527165 0.01 0.01
0 0.468295 0.568341 0.01 0.01
0 0.464324 0.707165 0.01 0.01
0 0.513295 0.780106 0.01 0.01
0 0.511310 0.885989 0.01 0.01
0 0.529839 0.931871 0.01 0.01
0 0.553663 0.933047 0.01 0.01
0 0.488148 0.945989 0.01 0.01
0 0.404104 0.914224 0.01 0.01
0 0.395501 0.921283 0.01 0.01
0 0.394177 0.933047 0.01 0.01
0 0.376310 0.931871 0.01 0.01
0 0.355133 0.928342 0.01 0.01
0 0.369030 0.860106 0.01 0.01
0 0.387560 0.849518 0.01 0.01
0 0.410721 0.867165 0.01 0.01
0 0.420648 0.803636 0.01 0.01
0 0.363074 0.785989 0.01 0.01
0 0.365060 0.738930 0.01 0.01
0 0.369692 0.728342 0.01 0.01
0 0.359104 0.704812 0.01 0.01
0 0.339913 0.581283 0.01 0.01
0 0.298883 0.534224 0.01 0.01
0 0.237339 0.420106 0.01 0.01
0 0.232045 0.424812 0.01 0.01
0 0.237339 0.481283 0.01 0.01
0 0.236016 0.520106 0.01 0.01
0 0.243295 0.554224 0.01 0.01
0 0.234030 0.595400 0.01 0.01
0 0.268442 0.651871 0.01 0.01
0 0.324692 0.636577 0.01 0.01
0 0.326677 0.633047 0.01 0.01
0 0.306163 0.718930 0.01 0.01
0 0.235354 0.751871 0.01 0.01
0 0.249251 0.780106 0.01 0.01
0 0.243295 0.780106 0.01 0.01
0 0.235354 0.787165 0.01 0.01
0 0.220795 0.814224 0.01 0.01
0 0.184398 0.856577 0.01 0.01
0 0.194324 0.945989 0.01 0.01
0 0.199619 0.956577 0.01 0.01
0 0.283663 0.973047 0.01 0.01
0 0.298883 0.924812 0.01 0.01
0 0.305501 0.903636 0.01 0.01
0 0.283663 0.867165 0.01 0.01
0 0.273074 0.921283 0.01 0.01
0 0.255207 0.897753 0.01 0.01
0 0.247266 0.896577 0.01 0.01
0 0.245280 0.884812 0.01 0.01
0 0.253222 0.878930 0.01 0.01
0 0.236677 0.855400 0.01 0.01
0 0.236016 0.830694 0.01 0.01
0 0.263810 0.833047 0.01 0.01
