0 0.769398 0.187165 0.01 0.01
0 0.776016 0.173047 0.01 0.01
0 0.780648 0.075400 0.01 0.01
0 0.854104 0.210694 0.01 0.01
0 0.827633 0.356577 0.01 0.01
0 0.654913 0.345989 0.01 0.01
0 0.648295 0.194224 0.01 0.01
0 0.615207 0.147165 0.01 0.01
0 0.509324 0.050694 0.01 0.01
0 0.437192 0.093047 0.01 0.01
0 0.400795 0.078930 0.01 0.01
0 0.297560 0.270694 0.01 0.01
0 0.376972 0.411871 0.01 0.01
0 0.371677 0.553047 0.01 0.01
0 0.212192 0.663636 0.01 0.01
0 0.390207 0.740106 0.01 0.01
0 0.386236 0.884812 0.01 0.01
0 0.456383 0.950694 0.01 0.01
0 0.450427 0.808341 0.01 0.01
0 0.472266 0.677753 0.01 0.01
0 0.537780 0.823636 0.01 0.01
0 0.517927 0.918930 0.01 0.01
0 0.657560 0.548342 0.01 0.01
0 0.704545 0.461283 0.01 0.01
0 0.715795 0.501283 0.01 0.01
0 0.850795 0.591871 0.01 0.01
0 0.856089 0.689518 0.01 0.01
0 0.845501 0.871871 0.01 0.01
0 0.840207 0.897753 0.01 0.01
0 0.746236 0.845989 0.01 0.01
