0 0.800501 0.831871 0.01 0.01
0 0.800501 0.822459 0.01 0.01
0 0.801824 0.795400 0.01 0.01
0 0.818369 0.776577 0.01 0.01
0 0.822339 0.773047 0.01 0.01
0 0.811751 0.754224 0.01 0.01
0 0.820354 0.725989 0.01 0.01
0 0.823001 0.667165 0.01 0.01
0 0.846163 0.649518 0.01 0.01
0 0.850795 0.608342 0.01 0.01
0 0.815060 0.569518 0.01 0.01
0 0.809104 0.533047 0.01 0.01
0 0.807780 0.510694 0.01 0.01
0 0.796530 0.502459 0.01 0.01
0 0.815722 0.490694 0.01 0.01
0 0.826310 0.457753 0.01 0.01
0 0.841530 0.462459 0.01 0.01
0 0.757486 0.450694 0.01 0.01
0 0.704545 0.614224 0.01 0.01
0 0.691971 0.680106 0.01 0.01
0 0.750207 0.690694 0.01 0.01
0 0.747560 0.711871 0.01 0.01
0 0.764766 0.838930 0.01 0.01
0 0.831604 0.838930 0.01 0.01
0 0.834251 0.809518 0.01 0.01
0 0.750207 0.845989 0.01 0.01
0 0.717119 0.847165 0.01 0.01
0 0.717119 0.797753 0.01 0.01
0 0.691971 0.843636 0.01 0.01
0 0.665501 0.849518 0.01 0.01
0 0.660207 0.884812 0.01 0.01
0 0.615207 0.841283 0.01 0.01
0 0.575501 0.837753 0.01 0.01
0 0.565574 0.881283 0.01 0.01
0 0.498074 0.868342 0.01 0.01
0 0.482854 0.841283 0.01 0.01
0 0.457045 0.830694 0.01 0.01
0 0.448442 0.841283 0.01 0.01
0 0.437854 0.841283 0.01 0.01
0 0.442486 0.777753 0.01 0.01
0 0.441163 0.722459 0.01 0.01
0 0.460354 0.741283 0.01 0.01
0 0.455722 0.700106 0.01 0.01
0 0.487486 0.798930 0.01 0.01
0 0.551677 0.790694 0.01 0.01
0 0.551677 0.765989 0.01 0.01
0 0.574839 0.758930 0.01 0.01
0 0.612560 0.741283 0.01 0.01
0 0.568222 0.683636 0.01 0.01
0 0.558295 0.656577 0.01 0.01
0 0.565574 0.602459 0.01 0.01
0 0.589398 0.589518 0.01 0.01
0 0.701898 0.491871 0.01 0.01
0 0.662854 0.489518 0.01 0.01
0 0.644324 0.489518 0.01 0.01
0 0.640354 0.462459 0.01 0.01
0 0.597339 0.462459 0.01 0.01
0 0.625133 0.391871 0.01 0.01
0 0.650942 0.371871 0.01 0.01
0 0.665501 0.374224 0.01 0.01
0 0.553001 0.422459 0.01 0.01
0 0.539766 0.505989 0.01 0.01
0 0.509986 0.614224 0.01 0.01
0 0.490133 0.650694 0.01 0.01
0 0.458369 0.594224 0.01 0.01
0 0.482192 0.543636 0.01 0.01
0 0.480207 0.501283 0.01 0.01
0 0.563589 0.343636 0.01 0.01
0 0.571530 0.307165 0.01 0.01
0 0.583442 0.235400 0.01 0.01
0 0.682045 0.311871 0.01 0.01
0 0.746898 0.224812 0.01 0.01
0 0.748883 0.209518 0.01 0.01
0 0.819692 0.314224 0.01 0.01
0 0.812413 0.284812 0.01 0.01
0 0.807119 0.202459 0.01 0.01
0 0.807780 0.183636 0.01 0.01
0 0.817045 0.168342 0.01 0.01
0 0.819692 0.150694 0.01 0.01
0 0.811089 0.129518 0.01 0.01
0 0.815060 0.116577 0.01 0.01
0 0.810427 0.105989 0.01 0.01
0 0.803810 0.100106 0.01 0.01
0 0.797854 0.054224 0.01 0.01
0 0.789251 0.068342 0.01 0.01
0 0.772045 0.087165 0.01 0.01
0 0.756824 0.141283 0.01 0.01
0 0.764766 0.067165 0.01 0.01
0 0.758810 0.062459 0.01 0.01
0 0.749545 0.060106 0.01 0.01
0 0.736310 0.062459 0.01 0.01
0 0.725721 0.054224 0.01 0.01
0 0.714472 0.053047 0.01 0.01
0 0.706530 0.070694 0.01 0.01
0 0.702560 0.061283 0.01 0.01
0 0.691310 0.063636 0.01 0.01
0 0.684030 0.056577 0.01 0.01
0 0.672780 0.050694 0.01 0.01
0 0.683369 0.129518 0.01 0.01
0 0.662854 0.144812 0.01 0.01
0 0.644324 0.094224 0.01 0.01
0 0.635722 0.100106 0.01 0.01
0 0.630427 0.063636 0.01 0.01
0 0.619177 0.055400 0.01 0.01
0 0.596677 0.055400 0.01 0.01
0 0.600648 0.124812 0.01 0.01
0 0.571530 0.089518 0.01 0.01
0 0.578148 0.068342 0.01 0.01
0 0.572854 0.163636 0.01 0.01
0 0.541751 0.165989 0.01 0.01
0 0.519913 0.191871 0.01 0.01
0 0.529177 0.074224 0.01 0.01
0 0.504692 0.057753 0.01 0.01
0 0.513295 0.318930 0.01 0.01
0 0.524545 0.293047 0.01 0.01
0 0.513295 0.245989 0.01 0.01
0 0.497413 0.249518 0.01 0.01
0 0.486824 0.173047 0.01 0.01
0 0.471604 0.140106 0.01 0.01
0 0.482192 0.104812 0.01 0.01
0 0.463001 0.084812 0.01 0.01
0 0.469619 0.043636 0.01 0.01
0 0.450427 0.054224 0.01 0.01
0 0.437854 0.068342 0.01 0.01
0 0.438516 0.103636 0.01 0.01
0 0.422633 0.043636 0.01 0.01
0 0.400795 0.062459 0.01 0.01
0 0.388222 0.061283 0.01 0.01
0 0.359766 0.062459 0.01 0.01
0 0.343883 0.089518 0.01 0.01
0 0.321383 0.075400 0.01 0.01
0 0.326016 0.055400 0.01 0.01
0 0.336604 0.187165 0.01 0.01
0 0.378957 0.167165 0.01 0.01
0 0.427266 0.280106 0.01 0.01
0 0.455060 0.284812 0.01 0.01
0 0.445133 0.370694 0.01 0.01
0 0.462339 0.389518 0.01 0.01
0 0.418001 0.473047 0.01 0.01
0 0.429251 0.530694 0.01 0.01
0 0.420648 0.543636 0.01 0.01
0 0.394177 0.513047 0.01 0.01
0 0.386898 0.470694 0.01 0.01
0 0.378295 0.387165 0.01 0.01
0 0.376972 0.549518 0.01 0.01
0 0.370354 0.569518 0.01 0.01
0 0.419986 0.657753 0.01 0.01
0 0.386898 0.820106 0.01 0.01
0 0.370354 0.838930 0.01 0.01
0 0.349177 0.797753 0.01 0.01
0 0.332633 0.824812 0.01 0.01
0 0.289619 0.842459 0.01 0.01
0 0.277045 0.835400 0.01 0.01
0 0.265795 0.836577 0.01 0.01
0 0.245280 0.836577 0.01 0.01
0 0.213516 0.858930 0.01 0.01
0 0.164545 0.894224 0.01 0.01
0 0.165207 0.855400 0.01 0.01
0 0.185722 0.843636 0.01 0.01
0 0.204913 0.830694 0.01 0.01
0 0.209545 0.821283 0.01 0.01
0 0.199619 0.824812 0.01 0.01
0 0.191677 0.818930 0.01 0.01
0 0.182413 0.790694 0.01 0.01
0 0.173810 0.775400 0.01 0.01
0 0.171824 0.780106 0.01 0.01
0 0.178442 0.762459 0.01 0.01
0 0.173810 0.741283 0.01 0.01
0 0.163883 0.728342 0.01 0.01
0 0.183074 0.727165 0.01 0.01
0 0.174472 0.720106 0.01 0.01
0 0.165207 0.683636 0.01 0.01
0 0.129472 0.674224 0.01 0.01
0 0.178442 0.677753 0.01 0.01
0 0.189030 0.665989 0.01 0.01
0 0.178442 0.638930 0.01 0.01
0 0.189030 0.702459 0.01 0.01
0 0.212854 0.776577 0.01 0.01
0 0.234030 0.763636 0.01 0.01
0 0.243957 0.747165 0.01 0.01
0 0.229398 0.710694 0.01 0.01
0 0.237339 0.702459 0.01 0.01
0 0.278369 0.721283 0.01 0.01
0 0.337266 0.683636 0.01 0.01
0 0.331971 0.627165 0.01 0.01
0 0.301530 0.635400 0.01 0.01
0 0.265795 0.653047 0.01 0.01
0 0.277045 0.616577 0.01 0.01
0 0.263810 0.596577 0.01 0.01
0 0.308148 0.541283 0.01 0.01
0 0.261824 0.511871 0.01 0.01
0 0.237339 0.558930 0.01 0.01
0 0.202927 0.563636 0.01 0.01
0 0.204913 0.542459 0.01 0.01
0 0.169839 0.551871 0.01 0.01
0 0.179766 0.528342 0.01 0.01
0 0.198957 0.509518 0.01 0.01
0 0.183074 0.476577 0.01 0.01
0 0.167192 0.416577 0.01 0.01
0 0.180427 0.387165 0.01 0.01
0 0.183736 0.375400 0.01 0.01
0 0.216824 0.422459 0.01 0.01
0 0.266457 0.410694 0.01 0.01
0 0.239986 0.374224 0.01 0.01
0 0.255869 0.342459 0.01 0.01
0 0.293589 0.342459 0.01 0.01
0 0.296898 0.229518 0.01 0.01
0 0.246604 0.250694 0.01 0.01
0 0.202927 0.321283 0.01 0.01
0 0.177119 0.325989 0.01 0.01
0 0.168516 0.329518 0.01 0.01
0 0.181089 0.293047 0.01 0.01
0 0.171824 0.284812 0.01 0.01
0 0.183074 0.264812 0.01 0.01
0 0.179766 0.241283 0.01 0.01
0 0.198295 0.265989 0.01 0.01
0 0.177780 0.156577 0.01 0.01
0 0.185722 0.136577 0.01 0.01
0 0.193001 0.150694 0.01 0.01
0 0.200280 0.156577 0.01 0.01
0 0.206236 0.144812 0.01 0.01
0 0.209545 0.140106 0.01 0.01
0 0.232045 0.121283 0.01 0.01
0 0.181089 0.116577 0.01 0.01
0 0.191677 0.105989 0.01 0.01
0 0.191677 0.094224 0.01 0.01
0 0.184398 0.060106 0.01 0.01
0 0.169839 0.069518 0.01 0.01
0 0.157927 0.085989 0.01 0.01
0 0.151972 0.088342 0.01 0.01
0 0.142045 0.085989 0.01 0.01
0 0.204913 0.075400 0.01 0.01
0 0.220133 0.077753 0.01 0.01
0 0.215501 0.070694 0.01 0.01
0 0.221457 0.051871 0.01 0.01
0 0.230722 0.053047 0.01 0.01
0 0.233369 0.068342 0.01 0.01
0 0.238663 0.063636 0.01 0.01
0 0.245280 0.057753 0.01 0.01
0 0.253883 0.062459 0.01 0.01
0 0.249251 0.070694 0.01 0.01
0 0.250574 0.082459 0.01 0.01
0 0.265795 0.062459 0.01 0.01
0 0.396163 0.331871 0.01 0.01
0 0.551016 0.385989 0.01 0.01
