0 0.786719 0.068056 0.01 0.01
0 0.785156 0.118056 0.01 0.01
0 0.791406 0.194444 0.01 0.01
0 0.828906 0.261111 0.01 0.01
0 0.853906 0.155556 0.01 0.01
0 0.700781 0.200000 0.01 0.01
0 0.626562 0.077778 0.01 0.01
0 0.603906 0.168056 0.01 0.01
0 0.591406 0.069444 0.01 0.01
0 0.499219 0.134722 0.01 0.01
0 0.292969 0.044444 0.01 0.01
0 0.290625 0.188889 0.01 0.01
0 0.391406 0.379167 0.01 0.01
0 0.373437 0.538889 0.01 0.01
0 0.429688 0.541667 0.01 0.01
0 0.387500 0.737500 0.01 0.01
0 0.211719 0.670833 0.01 0.01
0 0.342969 0.936111 0.01 0.01
0 0.508594 0.945833 0.01 0.01
0 0.475000 0.893056 0.01 0.01
0 0.543750 0.827778 0.01 0.01
0 0.540625 0.763889 0.01 0.01
0 0.483594 0.675000 0.01 0.01
0 0.631250 0.541667 0.01 0.01
0 0.728906 0.480556 0.01 0.01
0 0.727344 0.445833 0.01 0.01
0 0.842188 0.543056 0.01 0.01
0 0.872656 0.576389 0.01 0.01
0 0.855469 0.651389 0.01 0.01
0 0.849219 0.816667 0.01 0.01
0 0.839844 0.868056 0.01 0.01
0 0.768750 0.834722 0.01 0.01
0 0.704687 0.533333 0.01 0.01
