0 0.707854 0.854224 0.01 0.01
0 0.710501 0.867165 0.01 0.01
0 0.739619 0.847165 0.01 0.01
0 0.761457 0.850694 0.01 0.01
0 0.774692 0.855400 0.01 0.01
0 0.810427 0.898930 0.01 0.01
0 0.806457 0.841283 0.01 0.01
0 0.815060 0.850694 0.01 0.01
0 0.811751 0.811871 0.01 0.01
0 0.838883 0.835400 0.01 0.01
0 0.850133 0.841283 0.01 0.01
0 0.833589 0.784812 0.01 0.01
0 0.865354 0.784812 0.01 0.01
0 0.864692 0.742459 0.01 0.01
0 0.833589 0.733047 0.01 0.01
0 0.839545 0.720106 0.01 0.01
0 0.830280 0.714224 0.01 0.01
0 0.832927 0.631871 0.01 0.01
0 0.827633 0.587165 0.01 0.01
0 0.828957 0.558930 0.01 0.01
0 0.825648 0.564812 0.01 0.01
0 0.821677 0.555400 0.01 0.01
0 0.811751 0.567165 0.01 0.01
0 0.778001 0.708342 0.01 0.01
0 0.737633 0.711871 0.01 0.01
0 0.703883 0.684812 0.01 0.01
0 0.680722 0.641283 0.01 0.01
0 0.639030 0.640106 0.01 0.01
0 0.641677 0.558930 0.01 0.01
0 0.653589 0.524812 0.01 0.01
0 0.658883 0.491871 0.01 0.01
0 0.692633 0.431871 0.01 0.01
0 0.793883 0.494224 0.01 0.01
0 0.859398 0.469518 0.01 0.01
0 0.857413 0.463636 0.01 0.01
0 0.831604 0.381283 0.01 0.01
0 0.796530 0.365989 0.01 0.01
0 0.827633 0.294224 0.01 0.01
0 0.750869 0.242459 0.01 0.01
0 0.852780 0.254224 0.01 0.01
0 0.832927 0.181283 0.01 0.01
0 0.827633 0.175400 0.01 0.01
0 0.832927 0.165989 0.01 0.01
0 0.805133 0.191871 0.01 0.01
0 0.831604 0.150694 0.01 0.01
0 0.823001 0.133047 0.01 0.01
0 0.836898 0.122459 0.01 0.01
0 0.837560 0.081283 0.01 0.01
0 0.822339 0.096577 0.01 0.01
0 0.819692 0.114224 0.01 0.01
0 0.815722 0.104812 0.01 0.01
0 0.785280 0.075400 0.01 0.01
0 0.771383 0.075400 0.01 0.01
0 0.761457 0.065989 0.01 0.01
0 0.736971 0.114224 0.01 0.01
0 0.752192 0.114224 0.01 0.01
0 0.727045 0.113047 0.01 0.01
0 0.700574 0.138930 0.01 0.01
0 0.654251 0.122459 0.01 0.01
0 0.743589 0.053047 0.01 0.01
0 0.740942 0.061283 0.01 0.01
0 0.736971 0.061283 0.01 0.01
0 0.724398 0.065989 0.01 0.01
0 0.711163 0.062459 0.01 0.01
0 0.701898 0.071871 0.01 0.01
0 0.689324 0.065989 0.01 0.01
0 0.675427 0.067165 0.01 0.01
0 0.668810 0.051871 0.01 0.01
0 0.662854 0.061283 0.01 0.01
0 0.650280 0.053047 0.01 0.01
0 0.604619 0.073047 0.01 0.01
0 0.590721 0.070694 0.01 0.01
0 0.588074 0.077753 0.01 0.01
0 0.616530 0.148342 0.01 0.01
0 0.568883 0.156577 0.01 0.01
0 0.572854 0.081283 0.01 0.01
0 0.538442 0.157753 0.01 0.01
0 0.500060 0.181283 0.01 0.01
0 0.475574 0.176577 0.01 0.01
0 0.501383 0.137753 0.01 0.01
0 0.461016 0.120106 0.01 0.01
0 0.466971 0.096577 0.01 0.01
0 0.489472 0.055400 0.01 0.01
0 0.511972 0.065989 0.01 0.01
0 0.525207 0.062459 0.01 0.01
0 0.542413 0.062459 0.01 0.01
0 0.450427 0.049518 0.01 0.01
0 0.437854 0.065989 0.01 0.01
0 0.428589 0.068342 0.01 0.01
0 0.403442 0.091871 0.01 0.01
0 0.371016 0.067165 0.01 0.01
0 0.350501 0.061283 0.01 0.01
0 0.334619 0.078930 0.01 0.01
0 0.325354 0.051871 0.01 0.01
0 0.352486 0.135400 0.01 0.01
0 0.359766 0.138930 0.01 0.01
0 0.263810 0.091871 0.01 0.01
0 0.268442 0.055400 0.01 0.01
0 0.261824 0.063636 0.01 0.01
0 0.247927 0.063636 0.01 0.01
0 0.236016 0.053047 0.01 0.01
0 0.172486 0.042459 0.01 0.01
0 0.192339 0.049518 0.01 0.01
0 0.212192 0.063636 0.01 0.01
0 0.218810 0.071871 0.01 0.01
0 0.217486 0.091871 0.01 0.01
0 0.211530 0.075400 0.01 0.01
0 0.210207 0.088342 0.01 0.01
0 0.206236 0.088342 0.01 0.01
0 0.211530 0.098930 0.01 0.01
0 0.204251 0.100106 0.01 0.01
0 0.202266 0.113047 0.01 0.01
0 0.193663 0.102459 0.01 0.01
0 0.199619 0.131871 0.01 0.01
0 0.209545 0.135400 0.01 0.01
0 0.221457 0.143636 0.01 0.01
0 0.181089 0.120106 0.01 0.01
0 0.169177 0.134224 0.01 0.01
0 0.173810 0.155400 0.01 0.01
0 0.197633 0.216577 0.01 0.01
0 0.194986 0.249518 0.01 0.01
0 0.193663 0.264812 0.01 0.01
0 0.191677 0.255400 0.01 0.01
0 0.195648 0.280106 0.01 0.01
0 0.193663 0.290694 0.01 0.01
0 0.184398 0.298930 0.01 0.01
0 0.175133 0.295400 0.01 0.01
0 0.245280 0.254224 0.01 0.01
0 0.238663 0.224812 0.01 0.01
0 0.293589 0.233047 0.01 0.01
0 0.306824 0.262459 0.01 0.01
0 0.407413 0.227165 0.01 0.01
0 0.378957 0.320106 0.01 0.01
0 0.427927 0.285989 0.01 0.01
0 0.253883 0.369518 0.01 0.01
0 0.206236 0.357753 0.01 0.01
0 0.193663 0.388342 0.01 0.01
0 0.193001 0.404812 0.01 0.01
0 0.185722 0.397753 0.01 0.01
0 0.175133 0.397753 0.01 0.01
0 0.265133 0.435400 0.01 0.01
0 0.270427 0.460106 0.01 0.01
0 0.341236 0.421283 0.01 0.01
0 0.194986 0.477753 0.01 0.01
0 0.194986 0.521283 0.01 0.01
0 0.144692 0.557753 0.01 0.01
0 0.650280 0.396577 0.01 0.01
0 0.662854 0.381283 0.01 0.01
0 0.640354 0.358930 0.01 0.01
0 0.637045 0.400106 0.01 0.01
0 0.582780 0.349518 0.01 0.01
0 0.595354 0.255400 0.01 0.01
0 0.586089 0.238930 0.01 0.01
0 0.563589 0.298930 0.01 0.01
0 0.556971 0.313047 0.01 0.01
0 0.510648 0.335400 0.01 0.01
0 0.510648 0.349518 0.01 0.01
0 0.512633 0.269518 0.01 0.01
0 0.482192 0.380106 0.01 0.01
0 0.472927 0.401283 0.01 0.01
0 0.451089 0.407165 0.01 0.01
0 0.424619 0.389518 0.01 0.01
0 0.443148 0.434224 0.01 0.01
0 0.473589 0.444812 0.01 0.01
0 0.533810 0.438930 0.01 0.01
0 0.607927 0.450694 0.01 0.01
0 0.545722 0.529518 0.01 0.01
0 0.590721 0.587165 0.01 0.01
0 0.578810 0.611871 0.01 0.01
0 0.572192 0.657753 0.01 0.01
0 0.578148 0.696577 0.01 0.01
0 0.584766 0.768341 0.01 0.01
0 0.605280 0.774224 0.01 0.01
0 0.635060 0.796577 0.01 0.01
0 0.609251 0.849518 0.01 0.01
0 0.588736 0.849518 0.01 0.01
0 0.586751 0.807165 0.01 0.01
0 0.527854 0.844812 0.01 0.01
0 0.516604 0.835400 0.01 0.01
0 0.493442 0.849518 0.01 0.01
0 0.475574 0.849518 0.01 0.01
0 0.449766 0.844812 0.01 0.01
0 0.425942 0.884812 0.01 0.01
0 0.425280 0.830694 0.01 0.01
0 0.410060 0.822459 0.01 0.01
0 0.396824 0.827165 0.01 0.01
0 0.474251 0.733047 0.01 0.01
0 0.466971 0.702459 0.01 0.01
0 0.522560 0.736577 0.01 0.01
0 0.510648 0.655400 0.01 0.01
0 0.491457 0.574224 0.01 0.01
0 0.494766 0.554224 0.01 0.01
0 0.479545 0.553047 0.01 0.01
0 0.466310 0.601283 0.01 0.01
0 0.452413 0.588342 0.01 0.01
0 0.432560 0.600106 0.01 0.01
0 0.375648 0.577753 0.01 0.01
0 0.351824 0.616577 0.01 0.01
0 0.322045 0.542459 0.01 0.01
0 0.292266 0.616577 0.01 0.01
0 0.286310 0.653047 0.01 0.01
0 0.278369 0.596577 0.01 0.01
0 0.253222 0.616577 0.01 0.01
0 0.251898 0.567165 0.01 0.01
0 0.297560 0.721283 0.01 0.01
0 0.298883 0.710694 0.01 0.01
0 0.329986 0.709518 0.01 0.01
0 0.247266 0.717753 0.01 0.01
0 0.239986 0.716577 0.01 0.01
0 0.259177 0.743636 0.01 0.01
0 0.243957 0.765989 0.01 0.01
0 0.289619 0.850694 0.01 0.01
0 0.333957 0.849518 0.01 0.01
0 0.266457 0.841283 0.01 0.01
0 0.260501 0.841283 0.01 0.01
0 0.237339 0.851871 0.01 0.01
0 0.230722 0.873047 0.01 0.01
0 0.191016 0.878930 0.01 0.01
0 0.191677 0.867165 0.01 0.01
0 0.177780 0.862459 0.01 0.01
0 0.181089 0.813047 0.01 0.01
0 0.138074 0.810694 0.01 0.01
0 0.140060 0.767165 0.01 0.01
0 0.157927 0.633047 0.01 0.01
0 0.176457 0.607165 0.01 0.01
0 0.193663 0.585989 0.01 0.01
0 0.189692 0.623636 0.01 0.01
0 0.189692 0.648341 0.01 0.01
0 0.193001 0.681283 0.01 0.01
0 0.167192 0.669518 0.01 0.01
0 0.191016 0.714224 0.01 0.01
0 0.215501 0.760106 0.01 0.01
0 0.191016 0.781283 0.01 0.01
0 0.185060 0.778930 0.01 0.01
0 0.194986 0.793047 0.01 0.01
0 0.199619 0.791871 0.01 0.01
0 0.194324 0.814224 0.01 0.01
0 0.204913 0.818930 0.01 0.01
0 0.204913 0.835400 0.01 0.01
0 0.210207 0.830694 0.01 0.01
0 0.221457 0.824812 0.01 0.01
0 0.221457 0.805989 0.01 0.01
