0 0.296094 0.043056 0.01 0.01
0 0.287500 0.187500 0.01 0.01
0 0.396094 0.384722 0.01 0.01
0 0.372656 0.545833 0.01 0.01
0 0.430469 0.536111 0.01 0.01
0 0.211719 0.673611 0.01 0.01
0 0.385156 0.741667 0.01 0.01
0 0.341406 0.927778 0.01 0.01
0 0.478125 0.898611 0.01 0.01
0 0.508594 0.950000 0.01 0.01
0 0.544531 0.823611 0.01 0.01
0 0.481250 0.680556 0.01 0.01
0 0.631250 0.547222 0.01 0.01
0 0.728906 0.483333 0.01 0.01
0 0.723437 0.441667 0.01 0.01
0 0.499219 0.133333 0.01 0.01
0 0.603906 0.168056 0.01 0.01
0 0.589844 0.076389 0.01 0.01
0 0.626562 0.079167 0.01 0.01
0 0.700000 0.209722 0.01 0.01
0 0.791406 0.195833 0.01 0.01
0 0.784375 0.119444 0.01 0.01
0 0.785156 0.076389 0.01 0.01
0 0.852344 0.161111 0.01 0.01
0 0.826563 0.258333 0.01 0.01
0 0.844531 0.545833 0.01 0.01
0 0.856250 0.651389 0.01 0.01
0 0.846094 0.806944 0.01 0.01
0 0.839844 0.868056 0.01 0.01
0 0.767187 0.837500 0.01 0.01
