0 0.798437 0.106944 0.01 0.01
0 0.807031 0.095833 0.01 0.01
0 0.817969 0.109722 0.01 0.01
0 0.824219 0.119444 0.01 0.01
0 0.834375 0.140278 0.01 0.01
0 0.841406 0.086111 0.01 0.01
0 0.842188 0.155556 0.01 0.01
0 0.837500 0.180556 0.01 0.01
0 0.855469 0.254167 0.01 0.01
0 0.832812 0.273611 0.01 0.01
0 0.831250 0.309722 0.01 0.01
0 0.824219 0.354167 0.01 0.01
0 0.835938 0.433333 0.01 0.01
0 0.865625 0.450000 0.01 0.01
0 0.853125 0.476389 0.01 0.01
0 0.788281 0.511111 0.01 0.01
0 0.830469 0.576389 0.01 0.01
0 0.819531 0.595833 0.01 0.01
0 0.829687 0.605556 0.01 0.01
0 0.834375 0.650000 0.01 0.01
0 0.721094 0.579167 0.01 0.01
0 0.714844 0.480556 0.01 0.01
0 0.653906 0.604167 0.01 0.01
0 0.617188 0.566667 0.01 0.01
0 0.661719 0.508333 0.01 0.01
0 0.666406 0.437500 0.01 0.01
0 0.650781 0.413889 0.01 0.01
0 0.642187 0.415278 0.01 0.01
0 0.610156 0.468056 0.01 0.01
0 0.582812 0.363889 0.01 0.01
0 0.656250 0.266667 0.01 0.01
0 0.622656 0.177778 0.01 0.01
0 0.620313 0.168056 0.01 0.01
0 0.664844 0.137500 0.01 0.01
0 0.674219 0.152778 0.01 0.01
0 0.723437 0.154167 0.01 0.01
0 0.750000 0.136111 0.01 0.01
0 0.807031 0.212500 0.01 0.01
0 0.786719 0.081944 0.01 0.01
0 0.775781 0.097222 0.01 0.01
0 0.774219 0.079167 0.01 0.01
0 0.751562 0.080556 0.01 0.01
0 0.716406 0.081944 0.01 0.01
0 0.702344 0.086111 0.01 0.01
0 0.696094 0.080556 0.01 0.01
0 0.685938 0.086111 0.01 0.01
0 0.711719 0.055556 0.01 0.01
0 0.732813 0.080556 0.01 0.01
0 0.672656 0.059722 0.01 0.01
0 0.667188 0.066667 0.01 0.01
0 0.648438 0.061111 0.01 0.01
0 0.646094 0.077778 0.01 0.01
0 0.603906 0.083333 0.01 0.01
0 0.589844 0.077778 0.01 0.01
0 0.571094 0.091667 0.01 0.01
0 0.575781 0.093056 0.01 0.01
0 0.561719 0.072222 0.01 0.01
0 0.525000 0.115278 0.01 0.01
0 0.527344 0.070833 0.01 0.01
0 0.481250 0.086111 0.01 0.01
0 0.488281 0.069444 0.01 0.01
0 0.481250 0.061111 0.01 0.01
0 0.436719 0.081944 0.01 0.01
0 0.424219 0.080556 0.01 0.01
0 0.385938 0.072222 0.01 0.01
0 0.356250 0.077778 0.01 0.01
0 0.337500 0.075000 0.01 0.01
0 0.339844 0.101389 0.01 0.01
0 0.373437 0.116667 0.01 0.01
0 0.400781 0.140278 0.01 0.01
0 0.460156 0.133333 0.01 0.01
0 0.478906 0.143056 0.01 0.01
0 0.502344 0.198611 0.01 0.01
0 0.570312 0.168056 0.01 0.01
0 0.591406 0.245833 0.01 0.01
0 0.558594 0.293056 0.01 0.01
0 0.510938 0.279167 0.01 0.01
0 0.516406 0.365278 0.01 0.01
0 0.510938 0.368056 0.01 0.01
0 0.480469 0.326389 0.01 0.01
0 0.490625 0.388889 0.01 0.01
0 0.475781 0.412500 0.01 0.01
0 0.458594 0.400000 0.01 0.01
0 0.453125 0.373611 0.01 0.01
0 0.428906 0.306944 0.01 0.01
0 0.383594 0.293056 0.01 0.01
0 0.400781 0.216667 0.01 0.01
0 0.313281 0.352778 0.01 0.01
0 0.426562 0.411111 0.01 0.01
0 0.414844 0.472222 0.01 0.01
0 0.387500 0.494444 0.01 0.01
0 0.375000 0.594444 0.01 0.01
0 0.351562 0.634722 0.01 0.01
0 0.403906 0.672222 0.01 0.01
0 0.436719 0.613889 0.01 0.01
0 0.479688 0.565278 0.01 0.01
0 0.495313 0.570833 0.01 0.01
0 0.467187 0.611111 0.01 0.01
0 0.489844 0.645833 0.01 0.01
0 0.510156 0.688889 0.01 0.01
0 0.553906 0.627778 0.01 0.01
0 0.575000 0.626389 0.01 0.01
0 0.575000 0.683333 0.01 0.01
0 0.798437 0.915278 0.01 0.01
0 0.815625 0.906944 0.01 0.01
0 0.836719 0.852778 0.01 0.01
0 0.864062 0.863889 0.01 0.01
0 0.869531 0.826389 0.01 0.01
0 0.832812 0.806944 0.01 0.01
0 0.836719 0.754167 0.01 0.01
0 0.834375 0.737500 0.01 0.01
0 0.853906 0.727778 0.01 0.01
0 0.820312 0.701389 0.01 0.01
0 0.777344 0.872222 0.01 0.01
0 0.759375 0.865278 0.01 0.01
0 0.756250 0.883333 0.01 0.01
0 0.767969 0.852778 0.01 0.01
0 0.807031 0.855556 0.01 0.01
0 0.817187 0.866667 0.01 0.01
0 0.776563 0.713889 0.01 0.01
0 0.763281 0.718056 0.01 0.01
0 0.729688 0.820833 0.01 0.01
0 0.703906 0.708333 0.01 0.01
0 0.660156 0.818056 0.01 0.01
0 0.699219 0.894444 0.01 0.01
0 0.605469 0.833333 0.01 0.01
0 0.594531 0.788889 0.01 0.01
0 0.585938 0.783333 0.01 0.01
0 0.577344 0.705556 0.01 0.01
0 0.539844 0.780556 0.01 0.01
0 0.555469 0.872222 0.01 0.01
0 0.557031 0.847222 0.01 0.01
0 0.589063 0.866667 0.01 0.01
0 0.575000 0.922222 0.01 0.01
0 0.528906 0.866667 0.01 0.01
0 0.515625 0.827778 0.01 0.01
0 0.503125 0.808333 0.01 0.01
0 0.496094 0.863889 0.01 0.01
0 0.476562 0.865278 0.01 0.01
0 0.424219 0.848611 0.01 0.01
0 0.459375 0.868056 0.01 0.01
0 0.396875 0.841667 0.01 0.01
0 0.363281 0.856944 0.01 0.01
0 0.366406 0.868056 0.01 0.01
0 0.341406 0.904167 0.01 0.01
0 0.292969 0.884722 0.01 0.01
0 0.278906 0.862500 0.01 0.01
0 0.282813 0.862500 0.01 0.01
0 0.290625 0.863889 0.01 0.01
0 0.214062 0.905556 0.01 0.01
0 0.169531 0.887500 0.01 0.01
0 0.179688 0.881944 0.01 0.01
0 0.198437 0.868056 0.01 0.01
0 0.191406 0.841667 0.01 0.01
0 0.200781 0.831944 0.01 0.01
0 0.214062 0.847222 0.01 0.01
0 0.218750 0.847222 0.01 0.01
0 0.223438 0.845833 0.01 0.01
0 0.242188 0.866667 0.01 0.01
0 0.156250 0.806944 0.01 0.01
0 0.146875 0.790278 0.01 0.01
0 0.138281 0.802778 0.01 0.01
0 0.146875 0.747222 0.01 0.01
0 0.166406 0.709722 0.01 0.01
0 0.187500 0.690278 0.01 0.01
0 0.190625 0.705556 0.01 0.01
0 0.194531 0.693056 0.01 0.01
0 0.182031 0.772222 0.01 0.01
0 0.189844 0.766667 0.01 0.01
0 0.193750 0.787500 0.01 0.01
0 0.193750 0.805556 0.01 0.01
0 0.196875 0.816667 0.01 0.01
0 0.244531 0.781944 0.01 0.01
0 0.253125 0.745833 0.01 0.01
0 0.247656 0.731944 0.01 0.01
0 0.238281 0.729167 0.01 0.01
0 0.223438 0.704167 0.01 0.01
0 0.261719 0.726389 0.01 0.01
0 0.264062 0.712500 0.01 0.01
0 0.329688 0.730556 0.01 0.01
0 0.285156 0.922222 0.01 0.01
0 0.144531 0.655556 0.01 0.01
0 0.195312 0.604167 0.01 0.01
0 0.253125 0.583333 0.01 0.01
0 0.255469 0.626389 0.01 0.01
0 0.278125 0.613889 0.01 0.01
0 0.288281 0.648611 0.01 0.01
0 0.321875 0.550000 0.01 0.01
0 0.285156 0.529167 0.01 0.01
0 0.191406 0.516667 0.01 0.01
0 0.192969 0.480556 0.01 0.01
0 0.180469 0.444444 0.01 0.01
0 0.192969 0.412500 0.01 0.01
0 0.192969 0.390278 0.01 0.01
0 0.178125 0.368056 0.01 0.01
0 0.190625 0.356944 0.01 0.01
0 0.174219 0.313889 0.01 0.01
0 0.189063 0.304167 0.01 0.01
0 0.192188 0.312500 0.01 0.01
0 0.195312 0.293056 0.01 0.01
0 0.196875 0.266667 0.01 0.01
0 0.194531 0.245833 0.01 0.01
0 0.196094 0.231944 0.01 0.01
0 0.196094 0.205556 0.01 0.01
0 0.168750 0.193056 0.01 0.01
0 0.192188 0.170833 0.01 0.01
0 0.185937 0.141667 0.01 0.01
0 0.192969 0.130556 0.01 0.01
0 0.200781 0.138889 0.01 0.01
0 0.197656 0.148611 0.01 0.01
0 0.211719 0.151389 0.01 0.01
0 0.223438 0.162500 0.01 0.01
0 0.213281 0.137500 0.01 0.01
0 0.217969 0.140278 0.01 0.01
0 0.282813 0.336111 0.01 0.01
0 0.267188 0.343056 0.01 0.01
0 0.234375 0.402778 0.01 0.01
0 0.270312 0.227778 0.01 0.01
0 0.219531 0.115278 0.01 0.01
0 0.190625 0.093056 0.01 0.01
0 0.200781 0.059722 0.01 0.01
0 0.213281 0.031944 0.01 0.01
0 0.214062 0.097222 0.01 0.01
0 0.219531 0.090278 0.01 0.01
0 0.225781 0.093056 0.01 0.01
0 0.233594 0.083333 0.01 0.01
0 0.244531 0.088889 0.01 0.01
0 0.247656 0.077778 0.01 0.01
0 0.264062 0.081944 0.01 0.01
0 0.277344 0.076389 0.01 0.01
0 0.275000 0.062500 0.01 0.01
0 0.545313 0.533333 0.01 0.01
0 0.510156 0.447222 0.01 0.01
