0 0.228906 0.029167 0.01 0.01
0 0.242188 0.094444 0.01 0.01
0 0.245312 0.108333 0.01 0.01
0 0.229687 0.134722 0.01 0.01
0 0.219531 0.145833 0.01 0.01
0 0.220313 0.176389 0.01 0.01
0 0.289062 0.318056 0.01 0.01
0 0.278906 0.144444 0.01 0.01
0 0.314844 0.080556 0.01 0.01
0 0.374219 0.177778 0.01 0.01
0 0.399219 0.133333 0.01 0.01
0 0.420312 0.116667 0.01 0.01
0 0.475000 0.170833 0.01 0.01
0 0.492969 0.165278 0.01 0.01
0 0.522656 0.211111 0.01 0.01
0 0.521094 0.237500 0.01 0.01
0 0.500000 0.222222 0.01 0.01
0 0.398438 0.447222 0.01 0.01
0 0.596094 0.251389 0.01 0.01
0 0.583594 0.222222 0.01 0.01
0 0.602344 0.211111 0.01 0.01
0 0.546875 0.154167 0.01 0.01
0 0.528906 0.090278 0.01 0.01
0 0.584375 0.090278 0.01 0.01
0 0.649219 0.113889 0.01 0.01
0 0.675000 0.188889 0.01 0.01
0 0.738281 0.091667 0.01 0.01
0 0.804688 0.084722 0.01 0.01
0 0.812500 0.098611 0.01 0.01
0 0.826563 0.102778 0.01 0.01
0 0.846094 0.122222 0.01 0.01
0 0.852344 0.118056 0.01 0.01
0 0.862500 0.136111 0.01 0.01
0 0.871094 0.193056 0.01 0.01
0 0.866406 0.193056 0.01 0.01
0 0.845312 0.191667 0.01 0.01
0 0.876562 0.230556 0.01 0.01
0 0.857031 0.270833 0.01 0.01
0 0.828906 0.331944 0.01 0.01
0 0.804688 0.247222 0.01 0.01
0 0.867188 0.444444 0.01 0.01
0 0.647656 0.422222 0.01 0.01
0 0.632031 0.409722 0.01 0.01
0 0.622656 0.366667 0.01 0.01
0 0.590625 0.459722 0.01 0.01
0 0.529688 0.470833 0.01 0.01
0 0.482031 0.554167 0.01 0.01
0 0.476562 0.572222 0.01 0.01
0 0.446875 0.587500 0.01 0.01
0 0.442969 0.643056 0.01 0.01
0 0.525781 0.638889 0.01 0.01
0 0.574219 0.654167 0.01 0.01
0 0.564844 0.618056 0.01 0.01
0 0.589063 0.563889 0.01 0.01
0 0.607031 0.655556 0.01 0.01
0 0.611719 0.640278 0.01 0.01
0 0.586719 0.713889 0.01 0.01
0 0.627344 0.697222 0.01 0.01
0 0.681250 0.645833 0.01 0.01
0 0.704687 0.650000 0.01 0.01
0 0.731250 0.618056 0.01 0.01
0 0.759375 0.586111 0.01 0.01
0 0.771094 0.493056 0.01 0.01
0 0.817187 0.550000 0.01 0.01
0 0.861719 0.591667 0.01 0.01
0 0.875000 0.634722 0.01 0.01
0 0.857813 0.701389 0.01 0.01
0 0.773438 0.776389 0.01 0.01
0 0.764063 0.790278 0.01 0.01
0 0.747656 0.765278 0.01 0.01
0 0.749219 0.731944 0.01 0.01
0 0.881250 0.915278 0.01 0.01
0 0.893750 0.850000 0.01 0.01
0 0.851562 0.831944 0.01 0.01
0 0.847656 0.859722 0.01 0.01
0 0.835156 0.840278 0.01 0.01
0 0.783594 0.919444 0.01 0.01
0 0.774219 0.900000 0.01 0.01
0 0.757812 0.909722 0.01 0.01
0 0.741406 0.897222 0.01 0.01
0 0.728125 0.897222 0.01 0.01
0 0.739062 0.856944 0.01 0.01
0 0.714063 0.869444 0.01 0.01
0 0.635938 0.775000 0.01 0.01
0 0.619531 0.881944 0.01 0.01
0 0.567969 0.840278 0.01 0.01
0 0.558594 0.881944 0.01 0.01
0 0.538281 0.886111 0.01 0.01
0 0.522656 0.752778 0.01 0.01
0 0.483594 0.798611 0.01 0.01
0 0.460938 0.866667 0.01 0.01
0 0.437500 0.876389 0.01 0.01
0 0.479688 0.869444 0.01 0.01
0 0.403125 0.891667 0.01 0.01
0 0.372656 0.870833 0.01 0.01
0 0.360938 0.872222 0.01 0.01
0 0.326562 0.830556 0.01 0.01
0 0.363281 0.798611 0.01 0.01
0 0.334375 0.768056 0.01 0.01
0 0.338281 0.751389 0.01 0.01
0 0.332812 0.697222 0.01 0.01
0 0.381250 0.690278 0.01 0.01
0 0.361719 0.597222 0.01 0.01
0 0.260156 0.612500 0.01 0.01
0 0.207813 0.663889 0.01 0.01
0 0.210156 0.662500 0.01 0.01
0 0.221875 0.722222 0.01 0.01
0 0.242188 0.715278 0.01 0.01
0 0.292188 0.743056 0.01 0.01
0 0.308594 0.744444 0.01 0.01
0 0.207813 0.762500 0.01 0.01
0 0.210156 0.754167 0.01 0.01
0 0.206250 0.744444 0.01 0.01
0 0.185156 0.854167 0.01 0.01
0 0.214844 0.804167 0.01 0.01
0 0.229687 0.844444 0.01 0.01
0 0.254687 0.875000 0.01 0.01
0 0.262500 0.869444 0.01 0.01
0 0.289062 0.870833 0.01 0.01
0 0.299219 0.862500 0.01 0.01
