0 0.816383 0.796577 0.01 0.01
0 0.842854 0.818930 0.01 0.01
0 0.817045 0.773047 0.01 0.01
0 0.819692 0.754224 0.01 0.01
0 0.824324 0.753047 0.01 0.01
0 0.834251 0.729518 0.01 0.01
0 0.800501 0.702459 0.01 0.01
0 0.793222 0.674224 0.01 0.01
0 0.750869 0.709518 0.01 0.01
0 0.769398 0.841283 0.01 0.01
0 0.742266 0.841283 0.01 0.01
0 0.734324 0.845989 0.01 0.01
0 0.729030 0.841283 0.01 0.01
0 0.727707 0.821283 0.01 0.01
0 0.719766 0.777753 0.01 0.01
0 0.697266 0.884812 0.01 0.01
0 0.651604 0.838930 0.01 0.01
0 0.637707 0.838930 0.01 0.01
0 0.627119 0.851871 0.01 0.01
0 0.594692 0.885989 0.01 0.01
0 0.560942 0.877753 0.01 0.01
0 0.533810 0.843636 0.01 0.01
0 0.582780 0.843636 0.01 0.01
0 0.822339 0.571871 0.01 0.01
0 0.852119 0.567165 0.01 0.01
0 0.850795 0.524812 0.01 0.01
0 0.853442 0.461283 0.01 0.01
0 0.810427 0.510694 0.01 0.01
0 0.805133 0.517753 0.01 0.01
0 0.807119 0.540106 0.01 0.01
0 0.789913 0.458930 0.01 0.01
0 0.817707 0.335400 0.01 0.01
0 0.768736 0.367165 0.01 0.01
0 0.745574 0.367165 0.01 0.01
0 0.815060 0.285989 0.01 0.01
0 0.799839 0.267165 0.01 0.01
0 0.818369 0.214224 0.01 0.01
0 0.820354 0.202459 0.01 0.01
0 0.813074 0.190694 0.01 0.01
0 0.815722 0.164812 0.01 0.01
0 0.818369 0.155400 0.01 0.01
0 0.825648 0.149518 0.01 0.01
0 0.815722 0.128342 0.01 0.01
0 0.805133 0.102459 0.01 0.01
0 0.796530 0.081283 0.01 0.01
0 0.800501 0.053047 0.01 0.01
0 0.789913 0.071871 0.01 0.01
0 0.783957 0.073047 0.01 0.01
0 0.760133 0.083636 0.01 0.01
0 0.756824 0.068342 0.01 0.01
0 0.767413 0.069518 0.01 0.01
0 0.766089 0.053047 0.01 0.01
0 0.762780 0.055400 0.01 0.01
0 0.750207 0.023636 0.01 0.01
0 0.750869 0.053047 0.01 0.01
0 0.729692 0.061283 0.01 0.01
0 0.719766 0.063636 0.01 0.01
0 0.712486 0.053047 0.01 0.01
0 0.719766 0.110694 0.01 0.01
0 0.688001 0.098930 0.01 0.01
0 0.675427 0.114224 0.01 0.01
0 0.654913 0.058930 0.01 0.01
0 0.641677 0.053047 0.01 0.01
0 0.624472 0.067165 0.01 0.01
0 0.624472 0.082459 0.01 0.01
0 0.598663 0.063636 0.01 0.01
0 0.591383 0.067165 0.01 0.01
0 0.588736 0.057753 0.01 0.01
0 0.583442 0.067165 0.01 0.01
0 0.577486 0.060106 0.01 0.01
0 0.566236 0.075400 0.01 0.01
0 0.508663 0.078930 0.01 0.01
0 0.512633 0.040106 0.01 0.01
0 0.493442 0.051871 0.01 0.01
0 0.479545 0.104812 0.01 0.01
0 0.444472 0.069518 0.01 0.01
0 0.446457 0.056577 0.01 0.01
0 0.450427 0.038930 0.01 0.01
0 0.422633 0.045989 0.01 0.01
0 0.385574 0.056577 0.01 0.01
0 0.367045 0.069518 0.01 0.01
0 0.334619 0.077753 0.01 0.01
0 0.329986 0.042459 0.01 0.01
0 0.305501 0.063636 0.01 0.01
0 0.303516 0.102459 0.01 0.01
0 0.289619 0.057753 0.01 0.01
0 0.277707 0.057753 0.01 0.01
0 0.273074 0.067165 0.01 0.01
0 0.257192 0.049518 0.01 0.01
0 0.253883 0.053047 0.01 0.01
0 0.252560 0.053047 0.01 0.01
0 0.245942 0.060106 0.01 0.01
0 0.236016 0.055400 0.01 0.01
0 0.230060 0.055400 0.01 0.01
0 0.233369 0.067165 0.01 0.01
0 0.222119 0.067165 0.01 0.01
0 0.208222 0.068342 0.01 0.01
0 0.197633 0.031871 0.01 0.01
0 0.193001 0.047165 0.01 0.01
0 0.167854 0.051871 0.01 0.01
0 0.152633 0.047165 0.01 0.01
0 0.147339 0.069518 0.01 0.01
0 0.186383 0.088342 0.01 0.01
0 0.184398 0.104812 0.01 0.01
0 0.189692 0.104812 0.01 0.01
0 0.193663 0.117753 0.01 0.01
0 0.183074 0.118930 0.01 0.01
0 0.215501 0.140106 0.01 0.01
0 0.208883 0.144812 0.01 0.01
0 0.182413 0.180106 0.01 0.01
0 0.251898 0.220106 0.01 0.01
0 0.309472 0.227165 0.01 0.01
0 0.226751 0.238930 0.01 0.01
0 0.200280 0.263636 0.01 0.01
0 0.183736 0.271871 0.01 0.01
0 0.171163 0.264812 0.01 0.01
0 0.176457 0.237753 0.01 0.01
0 0.183074 0.289518 0.01 0.01
0 0.181089 0.302459 0.01 0.01
0 0.216824 0.344812 0.01 0.01
0 0.238001 0.370694 0.01 0.01
0 0.183074 0.391871 0.01 0.01
0 0.174472 0.436577 0.01 0.01
0 0.182413 0.450694 0.01 0.01
0 0.182413 0.477753 0.01 0.01
0 0.165869 0.493047 0.01 0.01
0 0.204251 0.465989 0.01 0.01
0 0.221457 0.438930 0.01 0.01
0 0.229398 0.428342 0.01 0.01
0 0.224104 0.515400 0.01 0.01
0 0.183074 0.518930 0.01 0.01
0 0.181751 0.558930 0.01 0.01
0 0.183074 0.573047 0.01 0.01
0 0.180427 0.594224 0.01 0.01
0 0.172486 0.589518 0.01 0.01
0 0.178442 0.627165 0.01 0.01
0 0.171824 0.647165 0.01 0.01
0 0.132119 0.636577 0.01 0.01
0 0.175133 0.678930 0.01 0.01
0 0.181089 0.685989 0.01 0.01
0 0.181089 0.716577 0.01 0.01
0 0.173148 0.734224 0.01 0.01
0 0.171824 0.758930 0.01 0.01
0 0.171163 0.797753 0.01 0.01
0 0.158589 0.856577 0.01 0.01
0 0.212192 0.897753 0.01 0.01
0 0.220133 0.857753 0.01 0.01
0 0.212192 0.829518 0.01 0.01
0 0.196310 0.813047 0.01 0.01
0 0.185722 0.797753 0.01 0.01
0 0.201604 0.765989 0.01 0.01
0 0.215501 0.777753 0.01 0.01
0 0.241310 0.778930 0.01 0.01
0 0.245280 0.754224 0.01 0.01
0 0.251236 0.716577 0.01 0.01
0 0.234692 0.713047 0.01 0.01
0 0.231383 0.847165 0.01 0.01
0 0.247927 0.845989 0.01 0.01
0 0.249251 0.845989 0.01 0.01
0 0.268442 0.844812 0.01 0.01
0 0.282339 0.843636 0.01 0.01
0 0.312780 0.842459 0.01 0.01
0 0.338589 0.857753 0.01 0.01
0 0.411383 0.843636 0.01 0.01
0 0.435869 0.838930 0.01 0.01
0 0.447119 0.843636 0.01 0.01
0 0.474251 0.851871 0.01 0.01
0 0.229398 0.593047 0.01 0.01
0 0.241310 0.562459 0.01 0.01
0 0.270427 0.601283 0.01 0.01
0 0.279030 0.621283 0.01 0.01
0 0.282339 0.694224 0.01 0.01
0 0.322045 0.628341 0.01 0.01
0 0.308810 0.564812 0.01 0.01
0 0.310795 0.540106 0.01 0.01
0 0.348516 0.436577 0.01 0.01
0 0.374324 0.271871 0.01 0.01
0 0.419986 0.263636 0.01 0.01
0 0.459692 0.157753 0.01 0.01
0 0.472266 0.150694 0.01 0.01
0 0.486163 0.157753 0.01 0.01
0 0.492119 0.171871 0.01 0.01
0 0.487486 0.208342 0.01 0.01
0 0.518589 0.269518 0.01 0.01
0 0.542413 0.200106 0.01 0.01
0 0.562266 0.211871 0.01 0.01
0 0.599986 0.237753 0.01 0.01
0 0.613222 0.242459 0.01 0.01
0 0.659545 0.216577 0.01 0.01
0 0.676751 0.331871 0.01 0.01
0 0.654251 0.378930 0.01 0.01
0 0.628442 0.389518 0.01 0.01
0 0.648957 0.476577 0.01 0.01
0 0.676089 0.447165 0.01 0.01
0 0.715133 0.517753 0.01 0.01
0 0.749545 0.522459 0.01 0.01
0 0.734324 0.621283 0.01 0.01
0 0.696604 0.622459 0.01 0.01
0 0.700574 0.684812 0.01 0.01
0 0.692633 0.680106 0.01 0.01
0 0.607927 0.533047 0.01 0.01
0 0.611236 0.508341 0.01 0.01
0 0.595354 0.355400 0.01 0.01
0 0.574839 0.308342 0.01 0.01
0 0.562266 0.354224 0.01 0.01
0 0.535133 0.313047 0.01 0.01
0 0.519913 0.321283 0.01 0.01
0 0.456383 0.324812 0.01 0.01
0 0.434545 0.345989 0.01 0.01
0 0.427266 0.397753 0.01 0.01
0 0.462339 0.390694 0.01 0.01
0 0.451751 0.482459 0.01 0.01
0 0.487486 0.505989 0.01 0.01
0 0.486163 0.521283 0.01 0.01
0 0.485501 0.543636 0.01 0.01
0 0.551016 0.454224 0.01 0.01
0 0.568222 0.453047 0.01 0.01
0 0.571530 0.598930 0.01 0.01
0 0.562927 0.645989 0.01 0.01
0 0.570207 0.685989 0.01 0.01
0 0.582119 0.754224 0.01 0.01
0 0.535133 0.775400 0.01 0.01
0 0.468295 0.774224 0.01 0.01
0 0.479545 0.724812 0.01 0.01
0 0.461016 0.700106 0.01 0.01
0 0.457045 0.713047 0.01 0.01
0 0.515942 0.703636 0.01 0.01
0 0.498074 0.673047 0.01 0.01
0 0.528516 0.638930 0.01 0.01
0 0.484177 0.618930 0.01 0.01
0 0.460354 0.585989 0.01 0.01
0 0.419986 0.678930 0.01 0.01
0 0.400133 0.669518 0.01 0.01
0 0.382927 0.722459 0.01 0.01
0 0.394839 0.616577 0.01 0.01
0 0.372339 0.601283 0.01 0.01
0 0.382927 0.573047 0.01 0.01
0 0.386898 0.569518 0.01 0.01
0 0.378295 0.553047 0.01 0.01
0 0.283001 0.475400 0.01 0.01
