0 0.448438 0.820833 0.01 0.01
0 0.435156 0.775000 0.01 0.01
0 0.403125 0.737500 0.01 0.01
0 0.230469 0.625000 0.01 0.01
0 0.372656 0.454167 0.01 0.01
0 0.391406 0.529167 0.01 0.01
0 0.511719 0.409722 0.01 0.01
0 0.478906 0.679167 0.01 0.01
0 0.546875 0.812500 0.01 0.01
0 0.598437 0.856944 0.01 0.01
0 0.713281 0.851389 0.01 0.01
0 0.803125 0.940278 0.01 0.01
0 0.859375 0.865278 0.01 0.01
0 0.869531 0.751389 0.01 0.01
0 0.864844 0.588889 0.01 0.01
0 0.710156 0.591667 0.01 0.01
0 0.669531 0.455556 0.01 0.01
0 0.681250 0.373611 0.01 0.01
0 0.619531 0.363889 0.01 0.01
0 0.646875 0.258333 0.01 0.01
0 0.841406 0.388889 0.01 0.01
0 0.866406 0.275000 0.01 0.01
0 0.774219 0.197222 0.01 0.01
0 0.789062 0.061111 0.01 0.01
0 0.476562 0.040278 0.01 0.01
0 0.619531 0.134722 0.01 0.01
0 0.300000 0.201389 0.01 0.01
0 0.276563 0.265278 0.01 0.01
