0 0.825000 0.058333 0.01 0.01
0 0.815625 0.073611 0.01 0.01
0 0.792188 0.072222 0.01 0.01
0 0.785937 0.066667 0.01 0.01
0 0.742188 0.086111 0.01 0.01
0 0.841406 0.119444 0.01 0.01
0 0.821094 0.154167 0.01 0.01
0 0.813281 0.284722 0.01 0.01
0 0.842188 0.330556 0.01 0.01
0 0.868750 0.250000 0.01 0.01
0 0.881250 0.200000 0.01 0.01
0 0.867969 0.168056 0.01 0.01
0 0.870313 0.143056 0.01 0.01
0 0.865625 0.388889 0.01 0.01
0 0.864062 0.570833 0.01 0.01
0 0.862500 0.470833 0.01 0.01
0 0.824219 0.505556 0.01 0.01
0 0.778125 0.475000 0.01 0.01
0 0.646094 0.395833 0.01 0.01
0 0.581250 0.386111 0.01 0.01
0 0.608594 0.333333 0.01 0.01
0 0.614062 0.337500 0.01 0.01
0 0.643750 0.288889 0.01 0.01
0 0.605469 0.213889 0.01 0.01
0 0.590625 0.237500 0.01 0.01
0 0.577344 0.231944 0.01 0.01
0 0.631250 0.093056 0.01 0.01
0 0.582031 0.072222 0.01 0.01
0 0.533594 0.066667 0.01 0.01
0 0.500000 0.061111 0.01 0.01
0 0.407813 0.059722 0.01 0.01
0 0.393750 0.069444 0.01 0.01
0 0.406250 0.101389 0.01 0.01
0 0.294531 0.054167 0.01 0.01
0 0.287500 0.059722 0.01 0.01
0 0.265625 0.008333 0.01 0.01
0 0.224219 0.102778 0.01 0.01
0 0.220313 0.113889 0.01 0.01
0 0.216406 0.141667 0.01 0.01
0 0.367969 0.200000 0.01 0.01
0 0.487500 0.195833 0.01 0.01
0 0.508594 0.234722 0.01 0.01
0 0.494531 0.240278 0.01 0.01
0 0.522656 0.279167 0.01 0.01
0 0.489844 0.309722 0.01 0.01
0 0.300781 0.376389 0.01 0.01
0 0.211719 0.486111 0.01 0.01
0 0.285937 0.526389 0.01 0.01
0 0.374219 0.444444 0.01 0.01
0 0.449219 0.563889 0.01 0.01
0 0.459375 0.534722 0.01 0.01
0 0.551562 0.536111 0.01 0.01
0 0.572656 0.463889 0.01 0.01
0 0.600781 0.580556 0.01 0.01
0 0.626562 0.591667 0.01 0.01
0 0.619531 0.644444 0.01 0.01
0 0.632812 0.659722 0.01 0.01
0 0.624219 0.693056 0.01 0.01
0 0.612500 0.691667 0.01 0.01
0 0.582031 0.629167 0.01 0.01
0 0.733594 0.620833 0.01 0.01
0 0.742969 0.640278 0.01 0.01
0 0.884375 0.730556 0.01 0.01
0 0.876562 0.745833 0.01 0.01
0 0.858594 0.788889 0.01 0.01
0 0.845312 0.680556 0.01 0.01
0 0.757812 0.781944 0.01 0.01
0 0.755469 0.748611 0.01 0.01
0 0.720312 0.731944 0.01 0.01
0 0.657812 0.719444 0.01 0.01
0 0.625781 0.756944 0.01 0.01
0 0.648438 0.838889 0.01 0.01
0 0.653906 0.868056 0.01 0.01
0 0.667969 0.873611 0.01 0.01
0 0.710156 0.856944 0.01 0.01
0 0.717188 0.837500 0.01 0.01
0 0.738281 0.872222 0.01 0.01
0 0.738281 0.879167 0.01 0.01
0 0.797656 0.894444 0.01 0.01
0 0.817969 0.869444 0.01 0.01
0 0.821094 0.937500 0.01 0.01
0 0.548437 0.820833 0.01 0.01
0 0.521094 0.827778 0.01 0.01
0 0.517969 0.859722 0.01 0.01
0 0.515625 0.847222 0.01 0.01
0 0.512500 0.848611 0.01 0.01
0 0.479688 0.862500 0.01 0.01
0 0.466406 0.855556 0.01 0.01
0 0.436719 0.866667 0.01 0.01
0 0.391406 0.822222 0.01 0.01
0 0.361719 0.855556 0.01 0.01
0 0.339844 0.826389 0.01 0.01
0 0.357031 0.788889 0.01 0.01
0 0.378125 0.781944 0.01 0.01
0 0.369531 0.697222 0.01 0.01
0 0.404687 0.659722 0.01 0.01
0 0.491406 0.651389 0.01 0.01
0 0.478125 0.588889 0.01 0.01
0 0.347656 0.669444 0.01 0.01
0 0.322656 0.751389 0.01 0.01
0 0.293750 0.844444 0.01 0.01
0 0.271875 0.844444 0.01 0.01
0 0.269531 0.850000 0.01 0.01
0 0.259375 0.851389 0.01 0.01
0 0.247656 0.826389 0.01 0.01
0 0.210938 0.779167 0.01 0.01
0 0.209375 0.762500 0.01 0.01
0 0.207813 0.745833 0.01 0.01
0 0.203125 0.705556 0.01 0.01
0 0.208594 0.665278 0.01 0.01
0 0.242969 0.647222 0.01 0.01
0 0.265625 0.697222 0.01 0.01
0 0.292188 0.723611 0.01 0.01
