0 0.219531 0.088889 0.01 0.01
0 0.212500 0.168056 0.01 0.01
0 0.221875 0.211111 0.01 0.01
0 0.222656 0.244444 0.01 0.01
0 0.260156 0.213889 0.01 0.01
0 0.259375 0.170833 0.01 0.01
0 0.250781 0.148611 0.01 0.01
0 0.277344 0.122222 0.01 0.01
0 0.364062 0.175000 0.01 0.01
0 0.420312 0.133333 0.01 0.01
0 0.440625 0.127778 0.01 0.01
0 0.445312 0.194444 0.01 0.01
0 0.377344 0.305556 0.01 0.01
0 0.432031 0.381944 0.01 0.01
0 0.458594 0.416667 0.01 0.01
0 0.510156 0.451389 0.01 0.01
0 0.524219 0.270833 0.01 0.01
0 0.522656 0.248611 0.01 0.01
0 0.536719 0.229167 0.01 0.01
0 0.524219 0.134722 0.01 0.01
0 0.582031 0.181944 0.01 0.01
0 0.618750 0.133333 0.01 0.01
0 0.619531 0.223611 0.01 0.01
0 0.589063 0.269444 0.01 0.01
0 0.587500 0.254167 0.01 0.01
0 0.564844 0.269444 0.01 0.01
0 0.650000 0.405556 0.01 0.01
0 0.732813 0.293056 0.01 0.01
0 0.704687 0.186111 0.01 0.01
0 0.755469 0.122222 0.01 0.01
0 0.769531 0.143056 0.01 0.01
0 0.832812 0.154167 0.01 0.01
0 0.846094 0.172222 0.01 0.01
0 0.853125 0.193056 0.01 0.01
0 0.859375 0.212500 0.01 0.01
0 0.866406 0.198611 0.01 0.01
0 0.862500 0.233333 0.01 0.01
0 0.847656 0.261111 0.01 0.01
0 0.857031 0.305556 0.01 0.01
0 0.867969 0.308333 0.01 0.01
0 0.876562 0.261111 0.01 0.01
0 0.782812 0.333333 0.01 0.01
0 0.582031 0.530556 0.01 0.01
0 0.597656 0.513889 0.01 0.01
0 0.653906 0.468056 0.01 0.01
0 0.632031 0.398611 0.01 0.01
0 0.735937 0.544444 0.01 0.01
0 0.767969 0.536111 0.01 0.01
0 0.814062 0.591667 0.01 0.01
0 0.856250 0.631944 0.01 0.01
0 0.858594 0.552778 0.01 0.01
0 0.853906 0.747222 0.01 0.01
0 0.871094 0.786111 0.01 0.01
0 0.748438 0.698611 0.01 0.01
0 0.728125 0.622222 0.01 0.01
0 0.661719 0.669444 0.01 0.01
0 0.629687 0.726389 0.01 0.01
0 0.646094 0.826389 0.01 0.01
0 0.730469 0.894444 0.01 0.01
0 0.769531 0.868056 0.01 0.01
0 0.767969 0.811111 0.01 0.01
0 0.740625 0.800000 0.01 0.01
0 0.730469 0.947222 0.01 0.01
0 0.741406 0.937500 0.01 0.01
0 0.747656 0.931944 0.01 0.01
0 0.765625 0.934722 0.01 0.01
0 0.784375 0.956944 0.01 0.01
0 0.801562 0.940278 0.01 0.01
0 0.804688 0.916667 0.01 0.01
0 0.845312 0.891667 0.01 0.01
0 0.847656 0.879167 0.01 0.01
0 0.883594 0.916667 0.01 0.01
0 0.882031 0.938889 0.01 0.01
0 0.631250 0.919444 0.01 0.01
0 0.608594 0.927778 0.01 0.01
0 0.575781 0.859722 0.01 0.01
0 0.557031 0.773611 0.01 0.01
0 0.550000 0.687500 0.01 0.01
0 0.589063 0.690278 0.01 0.01
0 0.575781 0.650000 0.01 0.01
0 0.549219 0.627778 0.01 0.01
0 0.499219 0.562500 0.01 0.01
0 0.416406 0.606944 0.01 0.01
0 0.456250 0.718056 0.01 0.01
0 0.457812 0.780556 0.01 0.01
0 0.464063 0.841667 0.01 0.01
0 0.447656 0.905556 0.01 0.01
0 0.428906 0.759722 0.01 0.01
0 0.373437 0.729167 0.01 0.01
0 0.379687 0.797222 0.01 0.01
0 0.362500 0.827778 0.01 0.01
0 0.350781 0.908333 0.01 0.01
0 0.361719 0.909722 0.01 0.01
0 0.361719 0.930556 0.01 0.01
0 0.383594 0.911111 0.01 0.01
0 0.336719 0.793056 0.01 0.01
0 0.317187 0.898611 0.01 0.01
0 0.296875 0.901389 0.01 0.01
0 0.269531 0.883333 0.01 0.01
0 0.259375 0.905556 0.01 0.01
0 0.250000 0.925000 0.01 0.01
0 0.246094 0.891667 0.01 0.01
0 0.191406 0.926389 0.01 0.01
0 0.217969 0.859722 0.01 0.01
0 0.215625 0.838889 0.01 0.01
0 0.196094 0.844444 0.01 0.01
0 0.204688 0.830556 0.01 0.01
0 0.205469 0.784722 0.01 0.01
0 0.207813 0.775000 0.01 0.01
0 0.209375 0.756944 0.01 0.01
0 0.292969 0.772222 0.01 0.01
0 0.306250 0.704167 0.01 0.01
0 0.269531 0.588889 0.01 0.01
0 0.215625 0.586111 0.01 0.01
0 0.239063 0.456944 0.01 0.01
