0 0.771383 0.187165 0.01 0.01
0 0.775354 0.173047 0.01 0.01
0 0.784619 0.081283 0.01 0.01
0 0.854766 0.203636 0.01 0.01
0 0.828295 0.349518 0.01 0.01
0 0.850795 0.583636 0.01 0.01
0 0.856089 0.687165 0.01 0.01
0 0.847486 0.870694 0.01 0.01
0 0.842192 0.891871 0.01 0.01
0 0.746236 0.843636 0.01 0.01
0 0.517927 0.922459 0.01 0.01
0 0.452413 0.949518 0.01 0.01
0 0.384913 0.875400 0.01 0.01
0 0.451751 0.803636 0.01 0.01
0 0.537780 0.820106 0.01 0.01
0 0.471604 0.683636 0.01 0.01
0 0.389545 0.737753 0.01 0.01
0 0.212192 0.662459 0.01 0.01
0 0.374986 0.555400 0.01 0.01
0 0.377633 0.410694 0.01 0.01
0 0.297560 0.263636 0.01 0.01
0 0.296236 0.233047 0.01 0.01
0 0.403442 0.077753 0.01 0.01
0 0.432560 0.090694 0.01 0.01
0 0.510648 0.055400 0.01 0.01
0 0.615207 0.141283 0.01 0.01
0 0.648957 0.193047 0.01 0.01
0 0.653589 0.342459 0.01 0.01
0 0.491457 0.484812 0.01 0.01
0 0.658222 0.549518 0.01 0.01
0 0.716457 0.497753 0.01 0.01
0 0.703883 0.460106 0.01 0.01
