0 0.224219 0.240278 0.01 0.01
0 0.223438 0.205556 0.01 0.01
0 0.212500 0.165278 0.01 0.01
0 0.215625 0.081944 0.01 0.01
0 0.249219 0.145833 0.01 0.01
0 0.257031 0.169444 0.01 0.01
0 0.259375 0.212500 0.01 0.01
0 0.278906 0.116667 0.01 0.01
0 0.367188 0.169444 0.01 0.01
0 0.446094 0.194444 0.01 0.01
0 0.425000 0.133333 0.01 0.01
0 0.444531 0.134722 0.01 0.01
0 0.525781 0.130556 0.01 0.01
0 0.619531 0.130556 0.01 0.01
0 0.582031 0.180556 0.01 0.01
0 0.618750 0.220833 0.01 0.01
0 0.588281 0.251389 0.01 0.01
0 0.587500 0.268056 0.01 0.01
0 0.564844 0.266667 0.01 0.01
0 0.535937 0.225000 0.01 0.01
0 0.520312 0.247222 0.01 0.01
0 0.525781 0.268056 0.01 0.01
0 0.455469 0.411111 0.01 0.01
0 0.432031 0.383333 0.01 0.01
0 0.376563 0.298611 0.01 0.01
0 0.240625 0.456944 0.01 0.01
0 0.269531 0.583333 0.01 0.01
0 0.511719 0.452778 0.01 0.01
0 0.580469 0.530556 0.01 0.01
0 0.598437 0.513889 0.01 0.01
0 0.653906 0.468056 0.01 0.01
0 0.650781 0.397222 0.01 0.01
0 0.732031 0.291667 0.01 0.01
0 0.705469 0.184722 0.01 0.01
0 0.751562 0.122222 0.01 0.01
0 0.769531 0.145833 0.01 0.01
0 0.831250 0.150000 0.01 0.01
0 0.845312 0.170833 0.01 0.01
0 0.852344 0.191667 0.01 0.01
0 0.860156 0.206944 0.01 0.01
0 0.861719 0.230556 0.01 0.01
0 0.875781 0.261111 0.01 0.01
0 0.870313 0.301389 0.01 0.01
0 0.857031 0.301389 0.01 0.01
0 0.846094 0.258333 0.01 0.01
0 0.784375 0.334722 0.01 0.01
0 0.735937 0.541667 0.01 0.01
0 0.767969 0.531944 0.01 0.01
0 0.810156 0.588889 0.01 0.01
0 0.854688 0.634722 0.01 0.01
0 0.857813 0.552778 0.01 0.01
0 0.730469 0.623611 0.01 0.01
0 0.214062 0.584722 0.01 0.01
0 0.210938 0.756944 0.01 0.01
0 0.209375 0.777778 0.01 0.01
0 0.206250 0.777778 0.01 0.01
0 0.196094 0.840278 0.01 0.01
0 0.205469 0.827778 0.01 0.01
0 0.216406 0.838889 0.01 0.01
0 0.219531 0.856944 0.01 0.01
0 0.191406 0.926389 0.01 0.01
0 0.250000 0.918056 0.01 0.01
0 0.247656 0.890278 0.01 0.01
0 0.262500 0.902778 0.01 0.01
0 0.267969 0.879167 0.01 0.01
0 0.296875 0.895833 0.01 0.01
0 0.317969 0.898611 0.01 0.01
0 0.334375 0.787500 0.01 0.01
0 0.290625 0.773611 0.01 0.01
0 0.303906 0.704167 0.01 0.01
0 0.373437 0.726389 0.01 0.01
0 0.416406 0.604167 0.01 0.01
0 0.500781 0.559722 0.01 0.01
0 0.468750 0.586111 0.01 0.01
0 0.456250 0.715278 0.01 0.01
0 0.459375 0.779167 0.01 0.01
0 0.426562 0.756944 0.01 0.01
0 0.379687 0.798611 0.01 0.01
0 0.361719 0.823611 0.01 0.01
0 0.351562 0.902778 0.01 0.01
0 0.362500 0.908333 0.01 0.01
0 0.362500 0.925000 0.01 0.01
0 0.385938 0.908333 0.01 0.01
0 0.446094 0.904167 0.01 0.01
0 0.464844 0.840278 0.01 0.01
0 0.515625 0.672222 0.01 0.01
0 0.548437 0.626389 0.01 0.01
0 0.576563 0.650000 0.01 0.01
0 0.589844 0.687500 0.01 0.01
0 0.549219 0.687500 0.01 0.01
0 0.559375 0.770833 0.01 0.01
0 0.576563 0.856944 0.01 0.01
0 0.606250 0.931944 0.01 0.01
0 0.630469 0.916667 0.01 0.01
0 0.646094 0.820833 0.01 0.01
0 0.629687 0.723611 0.01 0.01
0 0.660156 0.669444 0.01 0.01
0 0.746875 0.698611 0.01 0.01
0 0.742969 0.800000 0.01 0.01
0 0.767969 0.811111 0.01 0.01
0 0.768750 0.869444 0.01 0.01
0 0.727344 0.897222 0.01 0.01
0 0.738281 0.931944 0.01 0.01
0 0.746094 0.926389 0.01 0.01
0 0.764844 0.926389 0.01 0.01
0 0.779688 0.956944 0.01 0.01
0 0.800000 0.936111 0.01 0.01
0 0.801562 0.916667 0.01 0.01
0 0.843750 0.897222 0.01 0.01
0 0.844531 0.873611 0.01 0.01
0 0.881250 0.937500 0.01 0.01
0 0.881250 0.911111 0.01 0.01
0 0.868750 0.780556 0.01 0.01
0 0.851562 0.747222 0.01 0.01
