0 0.788589 0.075400 0.01 0.01
0 0.778663 0.133047 0.01 0.01
0 0.791236 0.203636 0.01 0.01
0 0.851457 0.175400 0.01 0.01
0 0.823001 0.278930 0.01 0.01
0 0.688663 0.233047 0.01 0.01
0 0.603957 0.163636 0.01 0.01
0 0.627780 0.094224 0.01 0.01
0 0.625795 0.009518 0.01 0.01
0 0.570869 0.074224 0.01 0.01
0 0.484839 0.120106 0.01 0.01
0 0.328663 0.038930 0.01 0.01
0 0.331971 0.021283 0.01 0.01
0 0.289619 0.191871 0.01 0.01
0 0.389545 0.382459 0.01 0.01
0 0.367707 0.544812 0.01 0.01
0 0.430574 0.578930 0.01 0.01
0 0.384913 0.740106 0.01 0.01
0 0.204251 0.671871 0.01 0.01
0 0.345207 0.940106 0.01 0.01
0 0.484177 0.953047 0.01 0.01
0 0.478222 0.903636 0.01 0.01
0 0.539766 0.822459 0.01 0.01
0 0.468957 0.694224 0.01 0.01
0 0.632413 0.548342 0.01 0.01
0 0.721751 0.491871 0.01 0.01
0 0.718442 0.455400 0.01 0.01
0 0.846163 0.560106 0.01 0.01
0 0.870648 0.578930 0.01 0.01
0 0.852780 0.681283 0.01 0.01
0 0.846163 0.820106 0.01 0.01
0 0.836898 0.869518 0.01 0.01
0 0.766751 0.834224 0.01 0.01
