0 0.843516 0.822459 0.01 0.01
0 0.821016 0.810694 0.01 0.01
0 0.813736 0.803636 0.01 0.01
0 0.816383 0.794224 0.01 0.01
0 0.821677 0.782459 0.01 0.01
0 0.815722 0.771871 0.01 0.01
0 0.838883 0.767165 0.01 0.01
0 0.821016 0.750694 0.01 0.01
0 0.821016 0.720106 0.01 0.01
0 0.766089 0.849518 0.01 0.01
0 0.754839 0.856577 0.01 0.01
0 0.778663 0.803636 0.01 0.01
0 0.850133 0.581283 0.01 0.01
0 0.848810 0.548342 0.01 0.01
0 0.853442 0.533047 0.01 0.01
0 0.810427 0.522459 0.01 0.01
0 0.804471 0.525989 0.01 0.01
0 0.803810 0.548342 0.01 0.01
0 0.817707 0.581283 0.01 0.01
0 0.777339 0.593047 0.01 0.01
0 0.758148 0.616577 0.01 0.01
0 0.742266 0.647165 0.01 0.01
0 0.750207 0.724812 0.01 0.01
0 0.716457 0.789518 0.01 0.01
0 0.721751 0.860106 0.01 0.01
0 0.703221 0.861283 0.01 0.01
0 0.648957 0.893047 0.01 0.01
0 0.650942 0.853047 0.01 0.01
0 0.643001 0.854224 0.01 0.01
0 0.623148 0.851871 0.01 0.01
0 0.603957 0.897753 0.01 0.01
0 0.577486 0.853047 0.01 0.01
0 0.551016 0.877753 0.01 0.01
0 0.691971 0.702459 0.01 0.01
0 0.691971 0.689518 0.01 0.01
0 0.700574 0.634224 0.01 0.01
0 0.734324 0.510694 0.01 0.01
0 0.824324 0.464812 0.01 0.01
0 0.818369 0.401283 0.01 0.01
0 0.815060 0.290694 0.01 0.01
0 0.817707 0.271871 0.01 0.01
0 0.818369 0.249518 0.01 0.01
0 0.809104 0.197753 0.01 0.01
0 0.813736 0.182459 0.01 0.01
0 0.817045 0.165989 0.01 0.01
0 0.824324 0.162459 0.01 0.01
0 0.819030 0.140106 0.01 0.01
0 0.813074 0.140106 0.01 0.01
0 0.807119 0.114224 0.01 0.01
0 0.795207 0.105989 0.01 0.01
0 0.781972 0.096577 0.01 0.01
0 0.798516 0.088342 0.01 0.01
0 0.795869 0.081283 0.01 0.01
0 0.799839 0.065989 0.01 0.01
0 0.768736 0.074224 0.01 0.01
0 0.763442 0.071871 0.01 0.01
0 0.755501 0.071871 0.01 0.01
0 0.754839 0.088342 0.01 0.01
0 0.748883 0.025989 0.01 0.01
0 0.733663 0.069518 0.01 0.01
0 0.729692 0.075400 0.01 0.01
0 0.707854 0.094224 0.01 0.01
0 0.710501 0.061283 0.01 0.01
0 0.695280 0.074224 0.01 0.01
0 0.691310 0.065989 0.01 0.01
0 0.654251 0.074224 0.01 0.01
0 0.652927 0.057753 0.01 0.01
0 0.622486 0.124812 0.01 0.01
0 0.609251 0.098930 0.01 0.01
0 0.574177 0.098930 0.01 0.01
0 0.570207 0.065989 0.01 0.01
0 0.580795 0.061283 0.01 0.01
0 0.582780 0.078930 0.01 0.01
0 0.594692 0.077753 0.01 0.01
0 0.599324 0.069518 0.01 0.01
0 0.678736 0.151871 0.01 0.01
0 0.691971 0.229518 0.01 0.01
0 0.756824 0.284812 0.01 0.01
0 0.738957 0.356577 0.01 0.01
0 0.677413 0.364812 0.01 0.01
0 0.672780 0.453047 0.01 0.01
0 0.646310 0.489518 0.01 0.01
0 0.615207 0.517753 0.01 0.01
0 0.608589 0.488342 0.01 0.01
0 0.625795 0.401283 0.01 0.01
0 0.652266 0.387165 0.01 0.01
0 0.513295 0.853047 0.01 0.01
0 0.480207 0.863636 0.01 0.01
0 0.535133 0.780106 0.01 0.01
0 0.580133 0.767165 0.01 0.01
0 0.568883 0.688341 0.01 0.01
0 0.560942 0.653047 0.01 0.01
0 0.569545 0.615400 0.01 0.01
0 0.527854 0.621283 0.01 0.01
0 0.550354 0.464812 0.01 0.01
0 0.554324 0.448341 0.01 0.01
0 0.566236 0.355400 0.01 0.01
0 0.565574 0.325989 0.01 0.01
0 0.573516 0.318930 0.01 0.01
0 0.541751 0.331871 0.01 0.01
0 0.513957 0.325989 0.01 0.01
0 0.589398 0.243636 0.01 0.01
0 0.592707 0.183636 0.01 0.01
0 0.546383 0.203636 0.01 0.01
0 0.526530 0.248342 0.01 0.01
0 0.524545 0.223636 0.01 0.01
0 0.506677 0.194224 0.01 0.01
0 0.489472 0.184812 0.01 0.01
0 0.455060 0.211871 0.01 0.01
0 0.435869 0.183636 0.01 0.01
0 0.467633 0.154224 0.01 0.01
0 0.472927 0.149518 0.01 0.01
0 0.479545 0.114224 0.01 0.01
0 0.510648 0.130694 0.01 0.01
0 0.498736 0.071871 0.01 0.01
0 0.510648 0.058930 0.01 0.01
0 0.455060 0.049518 0.01 0.01
0 0.443148 0.070694 0.01 0.01
0 0.419986 0.058930 0.01 0.01
0 0.410060 0.067165 0.01 0.01
0 0.394839 0.068342 0.01 0.01
0 0.377633 0.070694 0.01 0.01
0 0.372339 0.071871 0.01 0.01
0 0.314104 0.081283 0.01 0.01
0 0.326677 0.058930 0.01 0.01
0 0.340574 0.083636 0.01 0.01
0 0.293589 0.122459 0.01 0.01
0 0.272413 0.077753 0.01 0.01
0 0.263810 0.063636 0.01 0.01
0 0.260501 0.058930 0.01 0.01
0 0.251236 0.062459 0.01 0.01
0 0.241310 0.074224 0.01 0.01
0 0.231383 0.074224 0.01 0.01
0 0.236677 0.055400 0.01 0.01
0 0.230060 0.061283 0.01 0.01
0 0.238663 0.063636 0.01 0.01
0 0.236016 0.068342 0.01 0.01
0 0.208222 0.077753 0.01 0.01
0 0.191016 0.058930 0.01 0.01
0 0.187045 0.049518 0.01 0.01
0 0.166530 0.062459 0.01 0.01
0 0.149986 0.063636 0.01 0.01
0 0.143369 0.090694 0.01 0.01
0 0.187707 0.096577 0.01 0.01
0 0.194986 0.101283 0.01 0.01
0 0.186383 0.115400 0.01 0.01
0 0.181751 0.129518 0.01 0.01
0 0.185060 0.140106 0.01 0.01
0 0.210207 0.151871 0.01 0.01
0 0.215501 0.144812 0.01 0.01
0 0.182413 0.191871 0.01 0.01
0 0.222780 0.229518 0.01 0.01
0 0.239324 0.238930 0.01 0.01
0 0.290942 0.235400 0.01 0.01
0 0.365722 0.250694 0.01 0.01
0 0.200942 0.267165 0.01 0.01
0 0.183074 0.277753 0.01 0.01
0 0.181751 0.295400 0.01 0.01
0 0.171163 0.289518 0.01 0.01
0 0.182413 0.240106 0.01 0.01
0 0.138074 0.376577 0.01 0.01
0 0.142045 0.513047 0.01 0.01
0 0.130133 0.662459 0.01 0.01
0 0.181751 0.396577 0.01 0.01
0 0.169177 0.435400 0.01 0.01
0 0.185722 0.443636 0.01 0.01
0 0.194324 0.408342 0.01 0.01
0 0.244619 0.342459 0.01 0.01
0 0.237339 0.389518 0.01 0.01
0 0.234692 0.411871 0.01 0.01
0 0.274398 0.457753 0.01 0.01
0 0.218148 0.478930 0.01 0.01
0 0.212192 0.496577 0.01 0.01
0 0.179766 0.530694 0.01 0.01
0 0.180427 0.573047 0.01 0.01
0 0.175133 0.574224 0.01 0.01
0 0.238663 0.567165 0.01 0.01
0 0.198295 0.610694 0.01 0.01
0 0.177119 0.622459 0.01 0.01
0 0.173810 0.663636 0.01 0.01
0 0.175795 0.677753 0.01 0.01
0 0.177780 0.688341 0.01 0.01
0 0.174472 0.703636 0.01 0.01
0 0.178442 0.725989 0.01 0.01
0 0.233369 0.714224 0.01 0.01
0 0.251236 0.756577 0.01 0.01
0 0.243295 0.760106 0.01 0.01
0 0.238001 0.777753 0.01 0.01
0 0.216163 0.781283 0.01 0.01
0 0.200280 0.768341 0.01 0.01
0 0.179766 0.778930 0.01 0.01
0 0.174472 0.767165 0.01 0.01
0 0.175133 0.757753 0.01 0.01
0 0.173148 0.823636 0.01 0.01
0 0.159913 0.869518 0.01 0.01
0 0.192339 0.828341 0.01 0.01
0 0.199619 0.907165 0.01 0.01
0 0.220795 0.863636 0.01 0.01
0 0.212192 0.834224 0.01 0.01
0 0.208222 0.840106 0.01 0.01
0 0.232045 0.849518 0.01 0.01
0 0.244619 0.850694 0.01 0.01
0 0.260501 0.851871 0.01 0.01
0 0.265133 0.850694 0.01 0.01
0 0.270427 0.803636 0.01 0.01
0 0.279692 0.845989 0.01 0.01
0 0.329986 0.840106 0.01 0.01
0 0.388222 0.842459 0.01 0.01
0 0.410060 0.847165 0.01 0.01
0 0.337266 0.855400 0.01 0.01
0 0.433883 0.845989 0.01 0.01
0 0.442486 0.844812 0.01 0.01
0 0.468295 0.783636 0.01 0.01
0 0.462339 0.773047 0.01 0.01
0 0.253222 0.633047 0.01 0.01
0 0.278369 0.621283 0.01 0.01
0 0.268442 0.602459 0.01 0.01
0 0.319398 0.635400 0.01 0.01
0 0.308148 0.544812 0.01 0.01
0 0.331971 0.580106 0.01 0.01
0 0.339913 0.617753 0.01 0.01
0 0.359766 0.611871 0.01 0.01
0 0.394839 0.611871 0.01 0.01
0 0.378295 0.558930 0.01 0.01
0 0.394839 0.541283 0.01 0.01
0 0.360427 0.410694 0.01 0.01
0 0.394177 0.667165 0.01 0.01
0 0.406751 0.714224 0.01 0.01
0 0.410060 0.767165 0.01 0.01
0 0.457045 0.709518 0.01 0.01
0 0.438516 0.669518 0.01 0.01
0 0.466971 0.661283 0.01 0.01
0 0.498074 0.684812 0.01 0.01
0 0.486824 0.635400 0.01 0.01
0 0.459692 0.603636 0.01 0.01
0 0.481530 0.551871 0.01 0.01
0 0.484177 0.525989 0.01 0.01
0 0.464324 0.507165 0.01 0.01
0 0.431236 0.504812 0.01 0.01
0 0.423957 0.373047 0.01 0.01
0 0.427927 0.329518 0.01 0.01
0 0.451751 0.322459 0.01 0.01
0 0.463001 0.397753 0.01 0.01
0 0.424619 0.389518 0.01 0.01
