0 0.843516 0.088342 0.01 0.01
0 0.844177 0.113047 0.01 0.01
0 0.844177 0.157753 0.01 0.01
0 0.834251 0.162459 0.01 0.01
0 0.839545 0.182459 0.01 0.01
0 0.834913 0.134224 0.01 0.01
0 0.824986 0.131871 0.01 0.01
0 0.824986 0.117753 0.01 0.01
0 0.807780 0.209518 0.01 0.01
0 0.796530 0.118930 0.01 0.01
0 0.811751 0.098930 0.01 0.01
0 0.783295 0.081283 0.01 0.01
0 0.776016 0.081283 0.01 0.01
0 0.771383 0.077753 0.01 0.01
0 0.768074 0.091871 0.01 0.01
0 0.749545 0.140106 0.01 0.01
0 0.752192 0.083636 0.01 0.01
0 0.742927 0.076577 0.01 0.01
0 0.724398 0.084812 0.01 0.01
0 0.717119 0.084812 0.01 0.01
0 0.713810 0.054224 0.01 0.01
0 0.705207 0.060106 0.01 0.01
0 0.705207 0.089518 0.01 0.01
0 0.700574 0.083636 0.01 0.01
0 0.689986 0.089518 0.01 0.01
0 0.672119 0.071871 0.01 0.01
0 0.656236 0.082459 0.01 0.01
0 0.648957 0.125989 0.01 0.01
0 0.682045 0.153047 0.01 0.01
0 0.735648 0.177753 0.01 0.01
0 0.830280 0.314224 0.01 0.01
0 0.836236 0.276577 0.01 0.01
0 0.858074 0.262459 0.01 0.01
0 0.647633 0.234224 0.01 0.01
0 0.631751 0.173047 0.01 0.01
0 0.621824 0.168342 0.01 0.01
0 0.603957 0.089518 0.01 0.01
0 0.595354 0.084812 0.01 0.01
0 0.586089 0.098930 0.01 0.01
0 0.572854 0.103636 0.01 0.01
0 0.560280 0.073047 0.01 0.01
0 0.527192 0.073047 0.01 0.01
0 0.532486 0.136577 0.01 0.01
0 0.572192 0.169518 0.01 0.01
0 0.502045 0.202459 0.01 0.01
0 0.484177 0.175400 0.01 0.01
0 0.483516 0.163636 0.01 0.01
0 0.463001 0.140106 0.01 0.01
0 0.435869 0.085989 0.01 0.01
0 0.429251 0.084812 0.01 0.01
0 0.468957 0.067165 0.01 0.01
0 0.486163 0.087165 0.01 0.01
0 0.492119 0.074224 0.01 0.01
0 0.374324 0.120106 0.01 0.01
0 0.389545 0.135400 0.01 0.01
0 0.373001 0.084812 0.01 0.01
0 0.391530 0.068342 0.01 0.01
0 0.404104 0.215400 0.01 0.01
0 0.386236 0.294224 0.01 0.01
0 0.429913 0.307165 0.01 0.01
0 0.488810 0.330694 0.01 0.01
0 0.513295 0.281283 0.01 0.01
0 0.560280 0.307165 0.01 0.01
0 0.592045 0.253047 0.01 0.01
0 0.520574 0.365989 0.01 0.01
0 0.511972 0.373047 0.01 0.01
0 0.492119 0.388342 0.01 0.01
0 0.477560 0.416577 0.01 0.01
0 0.455060 0.397753 0.01 0.01
0 0.444472 0.423636 0.01 0.01
0 0.427266 0.413047 0.01 0.01
0 0.413369 0.473047 0.01 0.01
0 0.431898 0.494224 0.01 0.01
0 0.610574 0.469518 0.01 0.01
0 0.598001 0.457753 0.01 0.01
0 0.585427 0.364812 0.01 0.01
0 0.643663 0.416577 0.01 0.01
0 0.647633 0.420106 0.01 0.01
0 0.652927 0.415400 0.01 0.01
0 0.667486 0.396577 0.01 0.01
0 0.806457 0.383636 0.01 0.01
0 0.838883 0.420106 0.01 0.01
0 0.868001 0.464812 0.01 0.01
0 0.860060 0.480106 0.01 0.01
0 0.794545 0.515400 0.01 0.01
0 0.717780 0.474224 0.01 0.01
0 0.716457 0.551871 0.01 0.01
0 0.661530 0.509518 0.01 0.01
0 0.620501 0.571871 0.01 0.01
0 0.656236 0.609518 0.01 0.01
0 0.559619 0.633047 0.01 0.01
0 0.541089 0.557753 0.01 0.01
0 0.513957 0.629518 0.01 0.01
0 0.495427 0.573047 0.01 0.01
0 0.482854 0.567165 0.01 0.01
0 0.466971 0.617753 0.01 0.01
0 0.435869 0.616577 0.01 0.01
0 0.425280 0.695400 0.01 0.01
0 0.377633 0.598930 0.01 0.01
0 0.511310 0.688341 0.01 0.01
0 0.575501 0.689518 0.01 0.01
0 0.578810 0.713047 0.01 0.01
0 0.706530 0.713047 0.01 0.01
0 0.764104 0.722459 0.01 0.01
0 0.820354 0.698930 0.01 0.01
0 0.835574 0.653047 0.01 0.01
0 0.832266 0.609518 0.01 0.01
0 0.821016 0.601283 0.01 0.01
0 0.828957 0.582459 0.01 0.01
0 0.834913 0.583636 0.01 0.01
0 0.836236 0.736577 0.01 0.01
0 0.836898 0.742459 0.01 0.01
0 0.873295 0.809518 0.01 0.01
0 0.867339 0.867165 0.01 0.01
0 0.839545 0.856577 0.01 0.01
0 0.832266 0.810694 0.01 0.01
0 0.823001 0.903636 0.01 0.01
0 0.813074 0.873047 0.01 0.01
0 0.809766 0.860106 0.01 0.01
0 0.801163 0.923636 0.01 0.01
0 0.778001 0.875400 0.01 0.01
0 0.764766 0.871871 0.01 0.01
0 0.724398 0.833047 0.01 0.01
0 0.681383 0.781283 0.01 0.01
0 0.605942 0.784812 0.01 0.01
0 0.597339 0.794224 0.01 0.01
0 0.587413 0.787165 0.01 0.01
0 0.598001 0.835400 0.01 0.01
0 0.598001 0.869518 0.01 0.01
0 0.588736 0.869518 0.01 0.01
0 0.578148 0.877753 0.01 0.01
0 0.566236 0.847165 0.01 0.01
0 0.537780 0.777753 0.01 0.01
0 0.528516 0.831871 0.01 0.01
0 0.530501 0.870694 0.01 0.01
0 0.517266 0.821283 0.01 0.01
0 0.497413 0.864812 0.01 0.01
0 0.482854 0.873047 0.01 0.01
0 0.477560 0.868342 0.01 0.01
0 0.463001 0.870694 0.01 0.01
0 0.424619 0.854224 0.01 0.01
0 0.398148 0.842459 0.01 0.01
0 0.382266 0.862459 0.01 0.01
0 0.368369 0.902459 0.01 0.01
0 0.366383 0.869518 0.01 0.01
0 0.176457 0.902459 0.01 0.01
0 0.183074 0.884812 0.01 0.01
0 0.212854 0.905989 0.01 0.01
0 0.203589 0.869518 0.01 0.01
0 0.192339 0.851871 0.01 0.01
0 0.140722 0.816577 0.01 0.01
0 0.147339 0.788342 0.01 0.01
0 0.155280 0.787165 0.01 0.01
0 0.148663 0.738930 0.01 0.01
0 0.184398 0.763636 0.01 0.01
0 0.191016 0.771871 0.01 0.01
0 0.192339 0.790694 0.01 0.01
0 0.195648 0.820106 0.01 0.01
0 0.200942 0.818930 0.01 0.01
0 0.199619 0.833047 0.01 0.01
0 0.213516 0.850694 0.01 0.01
0 0.216824 0.844812 0.01 0.01
0 0.224766 0.844812 0.01 0.01
0 0.238001 0.867165 0.01 0.01
0 0.243295 0.867165 0.01 0.01
0 0.274398 0.887165 0.01 0.01
0 0.274398 0.865989 0.01 0.01
0 0.279692 0.867165 0.01 0.01
0 0.291604 0.869518 0.01 0.01
0 0.322045 0.870694 0.01 0.01
0 0.246604 0.785989 0.01 0.01
0 0.256530 0.749518 0.01 0.01
0 0.248589 0.736577 0.01 0.01
0 0.240648 0.733047 0.01 0.01
0 0.192339 0.707165 0.01 0.01
0 0.195648 0.695400 0.01 0.01
0 0.189692 0.674224 0.01 0.01
0 0.189692 0.658930 0.01 0.01
0 0.172486 0.689518 0.01 0.01
0 0.144692 0.634224 0.01 0.01
0 0.195648 0.605989 0.01 0.01
0 0.230722 0.676577 0.01 0.01
0 0.264472 0.733047 0.01 0.01
0 0.271089 0.715400 0.01 0.01
0 0.322045 0.834224 0.01 0.01
0 0.332633 0.731871 0.01 0.01
0 0.354472 0.634224 0.01 0.01
0 0.291604 0.650694 0.01 0.01
0 0.266457 0.648341 0.01 0.01
0 0.279030 0.620106 0.01 0.01
0 0.254545 0.587165 0.01 0.01
0 0.234692 0.590694 0.01 0.01
0 0.323369 0.554224 0.01 0.01
0 0.284986 0.517753 0.01 0.01
0 0.194324 0.524812 0.01 0.01
0 0.194986 0.490694 0.01 0.01
0 0.182413 0.447165 0.01 0.01
0 0.195648 0.417753 0.01 0.01
0 0.238001 0.423636 0.01 0.01
0 0.195648 0.400106 0.01 0.01
0 0.177780 0.382459 0.01 0.01
0 0.193663 0.347165 0.01 0.01
0 0.172486 0.318930 0.01 0.01
0 0.189030 0.311871 0.01 0.01
0 0.196972 0.293047 0.01 0.01
0 0.196972 0.268342 0.01 0.01
0 0.195648 0.247165 0.01 0.01
0 0.198957 0.235400 0.01 0.01
0 0.200280 0.208342 0.01 0.01
0 0.169177 0.182459 0.01 0.01
0 0.174472 0.190694 0.01 0.01
0 0.199619 0.157753 0.01 0.01
0 0.199619 0.153047 0.01 0.01
0 0.200942 0.142459 0.01 0.01
0 0.190354 0.141283 0.01 0.01
0 0.192339 0.133047 0.01 0.01
0 0.202927 0.131871 0.01 0.01
0 0.210207 0.137753 0.01 0.01
0 0.210869 0.124812 0.01 0.01
0 0.214839 0.155400 0.01 0.01
0 0.224104 0.165989 0.01 0.01
0 0.222119 0.113047 0.01 0.01
0 0.220133 0.104812 0.01 0.01
0 0.220133 0.091871 0.01 0.01
0 0.224104 0.096577 0.01 0.01
0 0.213516 0.096577 0.01 0.01
0 0.201604 0.085989 0.01 0.01
0 0.202927 0.063636 0.01 0.01
0 0.210869 0.035400 0.01 0.01
0 0.236016 0.085989 0.01 0.01
0 0.247266 0.096577 0.01 0.01
0 0.249913 0.080106 0.01 0.01
0 0.266457 0.081283 0.01 0.01
0 0.276383 0.076577 0.01 0.01
0 0.287633 0.064812 0.01 0.01
0 0.341236 0.075400 0.01 0.01
0 0.339913 0.097753 0.01 0.01
0 0.273074 0.228342 0.01 0.01
0 0.283663 0.317753 0.01 0.01
0 0.267119 0.353047 0.01 0.01
0 0.318074 0.357753 0.01 0.01
0 0.321383 0.516577 0.01 0.01
0 0.357780 0.134224 0.01 0.01
