0 0.828295 0.317753 0.01 0.01
0 0.864692 0.296577 0.01 0.01
0 0.857413 0.391871 0.01 0.01
0 0.818369 0.430694 0.01 0.01
0 0.826310 0.404812 0.01 0.01
0 0.832927 0.474224 0.01 0.01
0 0.868663 0.648341 0.01 0.01
0 0.832927 0.265989 0.01 0.01
0 0.833589 0.255400 0.01 0.01
0 0.821677 0.242459 0.01 0.01
0 0.832927 0.220106 0.01 0.01
0 0.831604 0.161283 0.01 0.01
0 0.846163 0.110694 0.01 0.01
0 0.832927 0.113047 0.01 0.01
0 0.815060 0.115400 0.01 0.01
0 0.811089 0.120106 0.01 0.01
0 0.806457 0.103636 0.01 0.01
0 0.787266 0.100106 0.01 0.01
0 0.781972 0.101283 0.01 0.01
0 0.777339 0.083636 0.01 0.01
0 0.768074 0.088342 0.01 0.01
0 0.772045 0.100106 0.01 0.01
0 0.753516 0.160106 0.01 0.01
0 0.730354 0.155400 0.01 0.01
0 0.693957 0.144812 0.01 0.01
0 0.674766 0.091871 0.01 0.01
0 0.685354 0.089518 0.01 0.01
0 0.667486 0.074224 0.01 0.01
0 0.697266 0.068342 0.01 0.01
0 0.715133 0.084812 0.01 0.01
0 0.711824 0.096577 0.01 0.01
0 0.740280 0.091871 0.01 0.01
0 0.731016 0.083636 0.01 0.01
0 0.724398 0.120106 0.01 0.01
0 0.686677 0.228342 0.01 0.01
0 0.725060 0.270694 0.01 0.01
0 0.619839 0.100106 0.01 0.01
0 0.609913 0.084812 0.01 0.01
0 0.590721 0.091871 0.01 0.01
0 0.562266 0.093047 0.01 0.01
0 0.527192 0.097753 0.01 0.01
0 0.513957 0.096577 0.01 0.01
0 0.497413 0.107165 0.01 0.01
0 0.489472 0.053047 0.01 0.01
0 0.482854 0.077753 0.01 0.01
0 0.464324 0.100106 0.01 0.01
0 0.453736 0.088342 0.01 0.01
0 0.416016 0.097753 0.01 0.01
0 0.402119 0.097753 0.01 0.01
0 0.388222 0.096577 0.01 0.01
0 0.376972 0.088342 0.01 0.01
0 0.492119 0.136577 0.01 0.01
0 0.336604 0.114224 0.01 0.01
0 0.323369 0.089518 0.01 0.01
0 0.313442 0.103636 0.01 0.01
0 0.310795 0.137753 0.01 0.01
0 0.298222 0.091871 0.01 0.01
0 0.298883 0.054224 0.01 0.01
0 0.285648 0.063636 0.01 0.01
0 0.279030 0.089518 0.01 0.01
0 0.274398 0.098930 0.01 0.01
0 0.271089 0.128342 0.01 0.01
0 0.243957 0.094224 0.01 0.01
0 0.233369 0.089518 0.01 0.01
0 0.233369 0.062459 0.01 0.01
0 0.224766 0.051871 0.01 0.01
0 0.200942 0.057753 0.01 0.01
0 0.160574 0.096577 0.01 0.01
0 0.204913 0.122459 0.01 0.01
0 0.210207 0.137753 0.01 0.01
0 0.218810 0.114224 0.01 0.01
0 0.206236 0.115400 0.01 0.01
0 0.198295 0.125989 0.01 0.01
0 0.196310 0.156577 0.01 0.01
0 0.191016 0.202459 0.01 0.01
0 0.177780 0.193047 0.01 0.01
0 0.187707 0.262459 0.01 0.01
0 0.186383 0.311871 0.01 0.01
0 0.225427 0.296577 0.01 0.01
0 0.269766 0.298930 0.01 0.01
0 0.296236 0.264812 0.01 0.01
0 0.285648 0.270694 0.01 0.01
0 0.293589 0.230694 0.01 0.01
0 0.272413 0.175400 0.01 0.01
0 0.329986 0.151871 0.01 0.01
0 0.338589 0.149518 0.01 0.01
0 0.357119 0.171871 0.01 0.01
0 0.365060 0.156577 0.01 0.01
0 0.359766 0.201283 0.01 0.01
0 0.396163 0.183636 0.01 0.01
0 0.381604 0.267165 0.01 0.01
0 0.433222 0.253047 0.01 0.01
0 0.453736 0.170694 0.01 0.01
0 0.446457 0.153047 0.01 0.01
0 0.469619 0.267165 0.01 0.01
0 0.484177 0.173047 0.01 0.01
0 0.504692 0.193047 0.01 0.01
0 0.547045 0.180106 0.01 0.01
0 0.563589 0.160106 0.01 0.01
0 0.610574 0.222459 0.01 0.01
0 0.615869 0.278930 0.01 0.01
0 0.646310 0.301283 0.01 0.01
0 0.652266 0.327165 0.01 0.01
0 0.569545 0.297753 0.01 0.01
0 0.543074 0.314224 0.01 0.01
0 0.494766 0.305989 0.01 0.01
0 0.674104 0.382459 0.01 0.01
0 0.671457 0.417753 0.01 0.01
0 0.665501 0.454224 0.01 0.01
0 0.639692 0.436577 0.01 0.01
0 0.722413 0.395400 0.01 0.01
0 0.816383 0.581283 0.01 0.01
0 0.835574 0.622459 0.01 0.01
0 0.805133 0.622459 0.01 0.01
0 0.800501 0.674224 0.01 0.01
0 0.839545 0.749518 0.01 0.01
0 0.850795 0.742459 0.01 0.01
0 0.853442 0.784812 0.01 0.01
0 0.834251 0.783636 0.01 0.01
0 0.835574 0.802459 0.01 0.01
0 0.827633 0.837753 0.01 0.01
0 0.825648 0.847165 0.01 0.01
0 0.822339 0.860106 0.01 0.01
0 0.809104 0.873047 0.01 0.01
0 0.799839 0.934224 0.01 0.01
0 0.743589 0.904812 0.01 0.01
0 0.721089 0.896577 0.01 0.01
0 0.729692 0.894224 0.01 0.01
0 0.736310 0.871871 0.01 0.01
0 0.738957 0.830694 0.01 0.01
0 0.756163 0.803636 0.01 0.01
0 0.781972 0.802459 0.01 0.01
0 0.764766 0.725989 0.01 0.01
0 0.733663 0.741283 0.01 0.01
0 0.705207 0.717753 0.01 0.01
0 0.709839 0.663636 0.01 0.01
0 0.746236 0.664812 0.01 0.01
0 0.692633 0.834224 0.01 0.01
0 0.682045 0.890694 0.01 0.01
0 0.656898 0.893047 0.01 0.01
0 0.617854 0.887165 0.01 0.01
0 0.596016 0.889518 0.01 0.01
0 0.579471 0.901283 0.01 0.01
0 0.611236 0.931871 0.01 0.01
0 0.670795 0.594224 0.01 0.01
0 0.652927 0.514224 0.01 0.01
0 0.648957 0.593047 0.01 0.01
0 0.639030 0.617753 0.01 0.01
0 0.607927 0.641283 0.01 0.01
0 0.577486 0.727165 0.01 0.01
0 0.566898 0.685989 0.01 0.01
0 0.535133 0.655400 0.01 0.01
0 0.548369 0.621283 0.01 0.01
0 0.580133 0.620106 0.01 0.01
0 0.590721 0.589518 0.01 0.01
0 0.589398 0.547165 0.01 0.01
0 0.578148 0.548342 0.01 0.01
0 0.562927 0.558930 0.01 0.01
0 0.531163 0.460106 0.01 0.01
0 0.520574 0.435400 0.01 0.01
0 0.525869 0.400106 0.01 0.01
0 0.500722 0.397753 0.01 0.01
0 0.494104 0.401283 0.01 0.01
0 0.485501 0.402459 0.01 0.01
0 0.504692 0.557753 0.01 0.01
0 0.490133 0.558930 0.01 0.01
0 0.483516 0.583636 0.01 0.01
0 0.500060 0.578930 0.01 0.01
0 0.526530 0.602459 0.01 0.01
0 0.489472 0.643636 0.01 0.01
0 0.451089 0.642459 0.01 0.01
0 0.464986 0.682459 0.01 0.01
0 0.485501 0.716577 0.01 0.01
0 0.504030 0.714224 0.01 0.01
0 0.489472 0.735400 0.01 0.01
0 0.502045 0.775400 0.01 0.01
0 0.502707 0.847165 0.01 0.01
0 0.472266 0.850694 0.01 0.01
0 0.449766 0.888342 0.01 0.01
0 0.391530 0.891871 0.01 0.01
0 0.371016 0.891871 0.01 0.01
0 0.360427 0.894224 0.01 0.01
0 0.333957 0.936577 0.01 0.01
0 0.303516 0.898930 0.01 0.01
0 0.289619 0.887165 0.01 0.01
0 0.277045 0.882459 0.01 0.01
0 0.275060 0.913047 0.01 0.01
0 0.284324 0.842459 0.01 0.01
0 0.243295 0.889518 0.01 0.01
0 0.202266 0.915400 0.01 0.01
0 0.221457 0.877753 0.01 0.01
0 0.214177 0.863636 0.01 0.01
0 0.208883 0.867165 0.01 0.01
0 0.189030 0.871871 0.01 0.01
0 0.213516 0.842459 0.01 0.01
0 0.212192 0.835400 0.01 0.01
0 0.203589 0.809518 0.01 0.01
0 0.194324 0.808341 0.01 0.01
0 0.189030 0.821283 0.01 0.01
0 0.171824 0.821283 0.01 0.01
0 0.175795 0.803636 0.01 0.01
0 0.187045 0.753047 0.01 0.01
0 0.182413 0.742459 0.01 0.01
0 0.185722 0.728342 0.01 0.01
0 0.228736 0.741283 0.01 0.01
0 0.235354 0.769518 0.01 0.01
0 0.228736 0.782459 0.01 0.01
0 0.278369 0.734224 0.01 0.01
0 0.338589 0.720106 0.01 0.01
0 0.300869 0.678930 0.01 0.01
0 0.327339 0.650694 0.01 0.01
0 0.326677 0.595400 0.01 0.01
0 0.316089 0.601283 0.01 0.01
0 0.300207 0.555400 0.01 0.01
0 0.302192 0.504812 0.01 0.01
0 0.318736 0.431871 0.01 0.01
0 0.328001 0.509518 0.01 0.01
0 0.403442 0.463636 0.01 0.01
0 0.431898 0.483636 0.01 0.01
0 0.451751 0.522459 0.01 0.01
0 0.455060 0.383636 0.01 0.01
0 0.386236 0.588342 0.01 0.01
0 0.395501 0.611871 0.01 0.01
0 0.400133 0.628341 0.01 0.01
0 0.431898 0.727165 0.01 0.01
0 0.419324 0.716577 0.01 0.01
0 0.400795 0.765989 0.01 0.01
0 0.394839 0.809518 0.01 0.01
0 0.185722 0.683636 0.01 0.01
0 0.185060 0.674224 0.01 0.01
0 0.191016 0.640106 0.01 0.01
0 0.182413 0.627165 0.01 0.01
0 0.230060 0.642459 0.01 0.01
0 0.247266 0.604812 0.01 0.01
0 0.185060 0.537753 0.01 0.01
0 0.191016 0.510694 0.01 0.01
0 0.185060 0.502459 0.01 0.01
0 0.153957 0.505989 0.01 0.01
0 0.141383 0.498930 0.01 0.01
0 0.162560 0.461283 0.01 0.01
0 0.189030 0.470694 0.01 0.01
0 0.189692 0.442459 0.01 0.01
0 0.179766 0.437753 0.01 0.01
0 0.185722 0.422459 0.01 0.01
0 0.187707 0.415400 0.01 0.01
0 0.185060 0.391871 0.01 0.01
0 0.190354 0.380106 0.01 0.01
0 0.210207 0.405989 0.01 0.01
0 0.234692 0.480106 0.01 0.01
0 0.729692 0.404812 0.01 0.01
