0 0.787500 0.052778 0.01 0.01
0 0.796094 0.069444 0.01 0.01
0 0.852344 0.125000 0.01 0.01
0 0.858594 0.193056 0.01 0.01
0 0.746875 0.137500 0.01 0.01
0 0.660937 0.105556 0.01 0.01
0 0.635156 0.070833 0.01 0.01
0 0.533594 0.265278 0.01 0.01
0 0.730469 0.429167 0.01 0.01
0 0.747656 0.425000 0.01 0.01
0 0.821875 0.501389 0.01 0.01
0 0.857031 0.575000 0.01 0.01
0 0.625781 0.554167 0.01 0.01
0 0.405469 0.354167 0.01 0.01
0 0.294531 0.180556 0.01 0.01
0 0.363281 0.554167 0.01 0.01
0 0.428906 0.598611 0.01 0.01
0 0.380469 0.758333 0.01 0.01
0 0.465625 0.793056 0.01 0.01
0 0.520312 0.715278 0.01 0.01
0 0.547656 0.840278 0.01 0.01
0 0.776563 0.830556 0.01 0.01
0 0.846094 0.862500 0.01 0.01
0 0.853125 0.808333 0.01 0.01
0 0.561719 0.936111 0.01 0.01
0 0.308594 0.920833 0.01 0.01
0 0.224219 0.702778 0.01 0.01
0 0.150781 0.037500 0.01 0.01
