0 0.788589 0.074224 0.01 0.01
0 0.780648 0.145989 0.01 0.01
0 0.778663 0.178930 0.01 0.01
0 0.851457 0.196577 0.01 0.01
0 0.823001 0.320106 0.01 0.01
0 0.637045 0.151871 0.01 0.01
0 0.611236 0.149518 0.01 0.01
0 0.537780 0.062459 0.01 0.01
0 0.454398 0.034224 0.01 0.01
0 0.451089 0.093047 0.01 0.01
0 0.396824 0.044812 0.01 0.01
0 0.300207 0.214224 0.01 0.01
0 0.293589 0.231871 0.01 0.01
0 0.382927 0.402459 0.01 0.01
0 0.371677 0.547165 0.01 0.01
0 0.210207 0.663636 0.01 0.01
0 0.386236 0.742459 0.01 0.01
0 0.359766 0.916577 0.01 0.01
0 0.462339 0.954224 0.01 0.01
0 0.497413 0.931871 0.01 0.01
0 0.542413 0.828341 0.01 0.01
0 0.457045 0.760106 0.01 0.01
0 0.468295 0.689518 0.01 0.01
0 0.640354 0.551871 0.01 0.01
0 0.723074 0.495400 0.01 0.01
0 0.715795 0.468341 0.01 0.01
0 0.671457 0.295400 0.01 0.01
0 0.846824 0.576577 0.01 0.01
0 0.852119 0.693047 0.01 0.01
0 0.847486 0.856577 0.01 0.01
0 0.841530 0.876577 0.01 0.01
0 0.754177 0.845989 0.01 0.01
