0 0.848148 0.103636 0.01 0.01
0 0.848810 0.122459 0.01 0.01
0 0.828295 0.123636 0.01 0.01
0 0.815722 0.115400 0.01 0.01
0 0.813736 0.109518 0.01 0.01
0 0.819030 0.101283 0.01 0.01
0 0.796530 0.102459 0.01 0.01
0 0.789913 0.087165 0.01 0.01
0 0.783957 0.078930 0.01 0.01
0 0.783957 0.094224 0.01 0.01
0 0.808442 0.185989 0.01 0.01
0 0.759472 0.157753 0.01 0.01
0 0.837560 0.211871 0.01 0.01
0 0.840207 0.231871 0.01 0.01
0 0.834913 0.282459 0.01 0.01
0 0.835574 0.309518 0.01 0.01
0 0.812413 0.327165 0.01 0.01
0 0.821016 0.371871 0.01 0.01
0 0.873295 0.353047 0.01 0.01
0 0.871971 0.370694 0.01 0.01
0 0.818369 0.568341 0.01 0.01
0 0.811751 0.589518 0.01 0.01
0 0.836236 0.607165 0.01 0.01
0 0.872633 0.638930 0.01 0.01
0 0.837560 0.687165 0.01 0.01
0 0.842854 0.709518 0.01 0.01
0 0.836898 0.744812 0.01 0.01
0 0.848810 0.784812 0.01 0.01
0 0.838222 0.804812 0.01 0.01
0 0.846163 0.887165 0.01 0.01
0 0.832927 0.910694 0.01 0.01
0 0.819030 0.851871 0.01 0.01
0 0.817045 0.869518 0.01 0.01
0 0.809104 0.847165 0.01 0.01
0 0.779986 0.844812 0.01 0.01
0 0.736310 0.871871 0.01 0.01
0 0.735648 0.803636 0.01 0.01
0 0.740280 0.725989 0.01 0.01
0 0.776016 0.633047 0.01 0.01
0 0.754177 0.650694 0.01 0.01
0 0.716457 0.656577 0.01 0.01
0 0.719766 0.554224 0.01 0.01
0 0.718442 0.560106 0.01 0.01
0 0.666824 0.509518 0.01 0.01
0 0.659545 0.467165 0.01 0.01
0 0.679398 0.418930 0.01 0.01
0 0.681383 0.350694 0.01 0.01
0 0.642339 0.381283 0.01 0.01
0 0.639692 0.415400 0.01 0.01
0 0.689986 0.185989 0.01 0.01
0 0.701898 0.148342 0.01 0.01
0 0.696604 0.134224 0.01 0.01
0 0.723074 0.108342 0.01 0.01
0 0.744913 0.075400 0.01 0.01
0 0.720427 0.075400 0.01 0.01
0 0.715795 0.071871 0.01 0.01
0 0.691310 0.083636 0.01 0.01
0 0.675427 0.076577 0.01 0.01
0 0.688001 0.060106 0.01 0.01
0 0.619839 0.082459 0.01 0.01
0 0.610574 0.082459 0.01 0.01
0 0.596016 0.173047 0.01 0.01
0 0.563589 0.156577 0.01 0.01
0 0.556971 0.084812 0.01 0.01
0 0.541751 0.081283 0.01 0.01
0 0.529177 0.081283 0.01 0.01
0 0.547045 0.194224 0.01 0.01
0 0.563589 0.241283 0.01 0.01
0 0.622486 0.270694 0.01 0.01
0 0.548369 0.311871 0.01 0.01
0 0.501383 0.298930 0.01 0.01
0 0.507339 0.187165 0.01 0.01
0 0.498736 0.129518 0.01 0.01
0 0.483516 0.085989 0.01 0.01
0 0.475574 0.077753 0.01 0.01
0 0.466310 0.167165 0.01 0.01
0 0.459692 0.129518 0.01 0.01
0 0.402780 0.188341 0.01 0.01
0 0.415354 0.087165 0.01 0.01
0 0.406751 0.071871 0.01 0.01
0 0.359766 0.150694 0.01 0.01
0 0.359104 0.133047 0.01 0.01
0 0.357119 0.113047 0.01 0.01
0 0.374324 0.083636 0.01 0.01
0 0.334619 0.143636 0.01 0.01
0 0.344545 0.075400 0.01 0.01
0 0.339251 0.084812 0.01 0.01
0 0.327339 0.074224 0.01 0.01
0 0.292927 0.082459 0.01 0.01
0 0.284324 0.083636 0.01 0.01
0 0.278369 0.083636 0.01 0.01
0 0.275060 0.083636 0.01 0.01
0 0.268442 0.085989 0.01 0.01
0 0.272413 0.043636 0.01 0.01
0 0.252560 0.074224 0.01 0.01
0 0.231383 0.045989 0.01 0.01
0 0.204913 0.053047 0.01 0.01
0 0.189692 0.042459 0.01 0.01
0 0.181751 0.082459 0.01 0.01
0 0.224104 0.093047 0.01 0.01
0 0.202927 0.113047 0.01 0.01
0 0.193001 0.137753 0.01 0.01
0 0.213516 0.133047 0.01 0.01
0 0.220795 0.154224 0.01 0.01
0 0.255207 0.148342 0.01 0.01
0 0.271751 0.144812 0.01 0.01
0 0.294913 0.114224 0.01 0.01
0 0.157927 0.238930 0.01 0.01
0 0.192339 0.265989 0.01 0.01
0 0.193001 0.298930 0.01 0.01
0 0.179766 0.293047 0.01 0.01
0 0.189692 0.320106 0.01 0.01
0 0.218148 0.289518 0.01 0.01
0 0.241972 0.263636 0.01 0.01
0 0.187045 0.341283 0.01 0.01
0 0.200280 0.370694 0.01 0.01
0 0.220795 0.396577 0.01 0.01
0 0.261824 0.385989 0.01 0.01
0 0.298883 0.420106 0.01 0.01
0 0.237339 0.463636 0.01 0.01
0 0.220795 0.458930 0.01 0.01
0 0.196310 0.425989 0.01 0.01
0 0.193001 0.398930 0.01 0.01
0 0.193663 0.464812 0.01 0.01
0 0.195648 0.488342 0.01 0.01
0 0.191016 0.524812 0.01 0.01
0 0.231383 0.508341 0.01 0.01
0 0.193001 0.540106 0.01 0.01
0 0.189692 0.555400 0.01 0.01
0 0.159251 0.537753 0.01 0.01
0 0.147339 0.531871 0.01 0.01
0 0.195648 0.605989 0.01 0.01
0 0.191677 0.625989 0.01 0.01
0 0.194324 0.668342 0.01 0.01
0 0.189030 0.693047 0.01 0.01
0 0.216824 0.687165 0.01 0.01
0 0.187707 0.703636 0.01 0.01
0 0.235354 0.663636 0.01 0.01
0 0.254545 0.587165 0.01 0.01
0 0.372339 0.445989 0.01 0.01
0 0.336604 0.518930 0.01 0.01
0 0.322707 0.493047 0.01 0.01
0 0.331310 0.568341 0.01 0.01
0 0.316751 0.588342 0.01 0.01
0 0.331310 0.637753 0.01 0.01
0 0.302192 0.667165 0.01 0.01
0 0.314104 0.749518 0.01 0.01
0 0.314766 0.877753 0.01 0.01
0 0.298222 0.873047 0.01 0.01
0 0.281677 0.874224 0.01 0.01
0 0.286310 0.851871 0.01 0.01
0 0.284324 0.888342 0.01 0.01
0 0.288957 0.929518 0.01 0.01
0 0.269766 0.871871 0.01 0.01
0 0.259177 0.862459 0.01 0.01
0 0.251236 0.813047 0.01 0.01
0 0.253222 0.729518 0.01 0.01
0 0.244619 0.716577 0.01 0.01
0 0.230060 0.748342 0.01 0.01
0 0.227413 0.805989 0.01 0.01
0 0.224104 0.813047 0.01 0.01
0 0.202927 0.789518 0.01 0.01
0 0.196310 0.814224 0.01 0.01
0 0.202266 0.827165 0.01 0.01
0 0.200942 0.834224 0.01 0.01
0 0.206236 0.835400 0.01 0.01
0 0.216163 0.871871 0.01 0.01
0 0.164545 0.873047 0.01 0.01
0 0.352486 0.760106 0.01 0.01
0 0.395501 0.713047 0.01 0.01
0 0.403442 0.591871 0.01 0.01
0 0.392192 0.578930 0.01 0.01
0 0.418663 0.540106 0.01 0.01
0 0.441824 0.473047 0.01 0.01
0 0.449766 0.411871 0.01 0.01
0 0.481530 0.404812 0.01 0.01
0 0.418663 0.342459 0.01 0.01
0 0.460354 0.317753 0.01 0.01
0 0.470942 0.318930 0.01 0.01
0 0.500060 0.363636 0.01 0.01
0 0.520574 0.370694 0.01 0.01
0 0.537780 0.375400 0.01 0.01
0 0.549030 0.395400 0.01 0.01
0 0.554324 0.429518 0.01 0.01
0 0.543074 0.497753 0.01 0.01
0 0.535795 0.493047 0.01 0.01
0 0.515942 0.482459 0.01 0.01
0 0.505354 0.538930 0.01 0.01
0 0.498736 0.541283 0.01 0.01
0 0.497413 0.570694 0.01 0.01
0 0.695280 0.858930 0.01 0.01
0 0.686016 0.882459 0.01 0.01
0 0.675427 0.874224 0.01 0.01
0 0.645648 0.870694 0.01 0.01
0 0.635060 0.878930 0.01 0.01
0 0.601310 0.925989 0.01 0.01
0 0.592707 0.877753 0.01 0.01
0 0.605280 0.874224 0.01 0.01
0 0.605280 0.824812 0.01 0.01
0 0.586751 0.711871 0.01 0.01
0 0.571530 0.670694 0.01 0.01
0 0.583442 0.633047 0.01 0.01
0 0.641677 0.610694 0.01 0.01
0 0.600648 0.541283 0.01 0.01
0 0.586089 0.529518 0.01 0.01
0 0.566236 0.548342 0.01 0.01
0 0.531163 0.625989 0.01 0.01
0 0.522560 0.673047 0.01 0.01
0 0.515942 0.718930 0.01 0.01
0 0.536457 0.768341 0.01 0.01
0 0.570207 0.810694 0.01 0.01
0 0.506677 0.784812 0.01 0.01
0 0.502045 0.820106 0.01 0.01
0 0.486824 0.807165 0.01 0.01
0 0.471604 0.815400 0.01 0.01
0 0.438516 0.870694 0.01 0.01
0 0.414030 0.809518 0.01 0.01
0 0.439177 0.725989 0.01 0.01
0 0.451089 0.701283 0.01 0.01
0 0.438516 0.634224 0.01 0.01
0 0.464986 0.621283 0.01 0.01
0 0.472927 0.614224 0.01 0.01
0 0.645648 0.135400 0.01 0.01
0 0.713148 0.223636 0.01 0.01
0 0.807780 0.489518 0.01 0.01
