0 0.788281 0.070833 0.01 0.01
0 0.789062 0.108333 0.01 0.01
0 0.852344 0.136111 0.01 0.01
0 0.839844 0.230556 0.01 0.01
0 0.792188 0.201389 0.01 0.01
0 0.710938 0.179167 0.01 0.01
0 0.627344 0.079167 0.01 0.01
0 0.613281 0.080556 0.01 0.01
0 0.507031 0.161111 0.01 0.01
0 0.395312 0.377778 0.01 0.01
0 0.728125 0.437500 0.01 0.01
0 0.739062 0.456944 0.01 0.01
0 0.843750 0.870833 0.01 0.01
0 0.850781 0.811111 0.01 0.01
0 0.859375 0.623611 0.01 0.01
0 0.840625 0.534722 0.01 0.01
0 0.770312 0.827778 0.01 0.01
0 0.632812 0.547222 0.01 0.01
0 0.499219 0.652778 0.01 0.01
0 0.543750 0.840278 0.01 0.01
0 0.522656 0.945833 0.01 0.01
0 0.470313 0.876389 0.01 0.01
0 0.378906 0.747222 0.01 0.01
0 0.427344 0.531944 0.01 0.01
0 0.372656 0.544444 0.01 0.01
0 0.215625 0.677778 0.01 0.01
0 0.291406 0.180556 0.01 0.01
0 0.255469 0.031944 0.01 0.01
