0 0.853442 0.258930 0.01 0.01
0 0.826310 0.302459 0.01 0.01
0 0.748222 0.234224 0.01 0.01
0 0.713810 0.202459 0.01 0.01
0 0.700574 0.143636 0.01 0.01
0 0.742266 0.128342 0.01 0.01
0 0.762780 0.121283 0.01 0.01
0 0.802486 0.198930 0.01 0.01
0 0.832927 0.183636 0.01 0.01
0 0.834251 0.171871 0.01 0.01
0 0.836898 0.138930 0.01 0.01
0 0.836898 0.125989 0.01 0.01
0 0.824986 0.130694 0.01 0.01
0 0.821677 0.118930 0.01 0.01
0 0.825648 0.102459 0.01 0.01
0 0.816383 0.098930 0.01 0.01
0 0.838883 0.087165 0.01 0.01
0 0.794545 0.078930 0.01 0.01
0 0.789913 0.078930 0.01 0.01
0 0.781310 0.070694 0.01 0.01
0 0.772045 0.084812 0.01 0.01
0 0.770722 0.074224 0.01 0.01
0 0.763442 0.076577 0.01 0.01
0 0.756163 0.067165 0.01 0.01
0 0.741604 0.065989 0.01 0.01
0 0.731677 0.054224 0.01 0.01
0 0.727045 0.070694 0.01 0.01
0 0.719766 0.070694 0.01 0.01
0 0.703221 0.078930 0.01 0.01
0 0.689324 0.078930 0.01 0.01
0 0.675427 0.070694 0.01 0.01
0 0.670133 0.071871 0.01 0.01
0 0.658883 0.070694 0.01 0.01
0 0.669472 0.055400 0.01 0.01
0 0.649619 0.056577 0.01 0.01
0 0.649619 0.136577 0.01 0.01
0 0.618516 0.160106 0.01 0.01
0 0.590721 0.091871 0.01 0.01
0 0.601310 0.081283 0.01 0.01
0 0.593369 0.067165 0.01 0.01
0 0.572854 0.089518 0.01 0.01
0 0.569545 0.157753 0.01 0.01
0 0.536457 0.155400 0.01 0.01
0 0.526530 0.067165 0.01 0.01
0 0.493442 0.063636 0.01 0.01
0 0.476236 0.091871 0.01 0.01
0 0.461016 0.128342 0.01 0.01
0 0.489472 0.147165 0.01 0.01
0 0.475574 0.173047 0.01 0.01
0 0.498074 0.185989 0.01 0.01
0 0.451089 0.058930 0.01 0.01
0 0.439177 0.071871 0.01 0.01
0 0.429913 0.076577 0.01 0.01
0 0.392192 0.104812 0.01 0.01
0 0.396163 0.063636 0.01 0.01
0 0.371016 0.075400 0.01 0.01
0 0.371677 0.124812 0.01 0.01
0 0.360427 0.147165 0.01 0.01
0 0.348516 0.068342 0.01 0.01
0 0.335942 0.084812 0.01 0.01
0 0.315427 0.053047 0.01 0.01
0 0.590721 0.255400 0.01 0.01
0 0.601310 0.231871 0.01 0.01
0 0.827633 0.378930 0.01 0.01
0 0.796530 0.367165 0.01 0.01
0 0.855427 0.464812 0.01 0.01
0 0.859398 0.470694 0.01 0.01
0 0.790574 0.501283 0.01 0.01
0 0.823001 0.557753 0.01 0.01
0 0.825648 0.570694 0.01 0.01
0 0.830280 0.595400 0.01 0.01
0 0.808442 0.608342 0.01 0.01
0 0.832927 0.641283 0.01 0.01
0 0.639692 0.380106 0.01 0.01
0 0.639692 0.407165 0.01 0.01
0 0.649619 0.400106 0.01 0.01
0 0.665501 0.390694 0.01 0.01
0 0.701898 0.443636 0.01 0.01
0 0.660207 0.497753 0.01 0.01
0 0.666163 0.528342 0.01 0.01
0 0.636383 0.569518 0.01 0.01
0 0.609251 0.460106 0.01 0.01
0 0.584104 0.354224 0.01 0.01
0 0.558295 0.322459 0.01 0.01
0 0.539104 0.317753 0.01 0.01
0 0.509986 0.271871 0.01 0.01
0 0.513295 0.344812 0.01 0.01
0 0.510648 0.355400 0.01 0.01
0 0.485501 0.384812 0.01 0.01
0 0.474913 0.402459 0.01 0.01
0 0.464986 0.435400 0.01 0.01
0 0.456383 0.421283 0.01 0.01
0 0.449104 0.434224 0.01 0.01
0 0.427927 0.397753 0.01 0.01
0 0.429251 0.293047 0.01 0.01
0 0.402119 0.215400 0.01 0.01
0 0.382927 0.314224 0.01 0.01
0 0.334619 0.400106 0.01 0.01
0 0.639030 0.638930 0.01 0.01
0 0.680060 0.681283 0.01 0.01
0 0.702560 0.695400 0.01 0.01
0 0.746898 0.720106 0.01 0.01
0 0.832927 0.720106 0.01 0.01
0 0.834251 0.742459 0.01 0.01
0 0.829619 0.800106 0.01 0.01
0 0.869986 0.756577 0.01 0.01
0 0.866016 0.814224 0.01 0.01
0 0.846824 0.843636 0.01 0.01
0 0.836236 0.861283 0.01 0.01
0 0.803148 0.904812 0.01 0.01
0 0.815722 0.855400 0.01 0.01
0 0.809104 0.844812 0.01 0.01
0 0.802486 0.824812 0.01 0.01
0 0.795207 0.855400 0.01 0.01
0 0.776016 0.863636 0.01 0.01
0 0.761457 0.857753 0.01 0.01
0 0.740942 0.857753 0.01 0.01
0 0.713148 0.853047 0.01 0.01
0 0.707192 0.874224 0.01 0.01
0 0.605280 0.854224 0.01 0.01
0 0.589398 0.857753 0.01 0.01
0 0.586751 0.813047 0.01 0.01
0 0.592045 0.797753 0.01 0.01
0 0.621163 0.794224 0.01 0.01
0 0.586089 0.769518 0.01 0.01
0 0.576824 0.696577 0.01 0.01
0 0.572192 0.674224 0.01 0.01
0 0.580133 0.621283 0.01 0.01
0 0.590721 0.588342 0.01 0.01
0 0.543736 0.553047 0.01 0.01
0 0.510648 0.573047 0.01 0.01
0 0.494104 0.557753 0.01 0.01
0 0.480207 0.557753 0.01 0.01
0 0.451751 0.557753 0.01 0.01
0 0.435869 0.601283 0.01 0.01
0 0.465648 0.600106 0.01 0.01
0 0.508663 0.669518 0.01 0.01
0 0.468295 0.714224 0.01 0.01
0 0.463663 0.725989 0.01 0.01
0 0.521898 0.751871 0.01 0.01
0 0.547045 0.805989 0.01 0.01
0 0.529177 0.841283 0.01 0.01
0 0.520574 0.850694 0.01 0.01
0 0.493442 0.853047 0.01 0.01
0 0.474251 0.855400 0.01 0.01
0 0.456383 0.858930 0.01 0.01
0 0.412045 0.889518 0.01 0.01
0 0.402780 0.844812 0.01 0.01
0 0.395501 0.831871 0.01 0.01
0 0.425280 0.838930 0.01 0.01
0 0.339913 0.851871 0.01 0.01
0 0.331971 0.715400 0.01 0.01
0 0.351163 0.625989 0.01 0.01
0 0.375648 0.584812 0.01 0.01
0 0.322045 0.553047 0.01 0.01
0 0.222780 0.153047 0.01 0.01
0 0.212192 0.140106 0.01 0.01
0 0.199619 0.138930 0.01 0.01
0 0.174472 0.170694 0.01 0.01
0 0.167192 0.149518 0.01 0.01
0 0.183074 0.124812 0.01 0.01
0 0.185722 0.035400 0.01 0.01
0 0.194986 0.051871 0.01 0.01
0 0.231383 0.062459 0.01 0.01
0 0.248589 0.065989 0.01 0.01
0 0.261163 0.067165 0.01 0.01
0 0.269766 0.061283 0.01 0.01
0 0.257854 0.096577 0.01 0.01
0 0.218810 0.073047 0.01 0.01
0 0.214177 0.074224 0.01 0.01
0 0.216163 0.085989 0.01 0.01
0 0.219471 0.096577 0.01 0.01
0 0.210869 0.103636 0.01 0.01
0 0.206898 0.110694 0.01 0.01
0 0.206898 0.096577 0.01 0.01
0 0.202927 0.113047 0.01 0.01
0 0.198957 0.120106 0.01 0.01
0 0.196310 0.107165 0.01 0.01
0 0.189030 0.893047 0.01 0.01
0 0.198295 0.885989 0.01 0.01
0 0.179766 0.862459 0.01 0.01
0 0.136089 0.807165 0.01 0.01
0 0.142045 0.776577 0.01 0.01
0 0.161236 0.689518 0.01 0.01
0 0.143369 0.568341 0.01 0.01
0 0.157927 0.662459 0.01 0.01
0 0.171824 0.621283 0.01 0.01
0 0.195648 0.590694 0.01 0.01
0 0.190354 0.635400 0.01 0.01
0 0.185060 0.634224 0.01 0.01
0 0.186383 0.670694 0.01 0.01
0 0.193663 0.684812 0.01 0.01
0 0.185722 0.710694 0.01 0.01
0 0.187707 0.768341 0.01 0.01
0 0.200280 0.763636 0.01 0.01
0 0.191016 0.780106 0.01 0.01
0 0.185060 0.823636 0.01 0.01
0 0.198957 0.803636 0.01 0.01
0 0.202266 0.810694 0.01 0.01
0 0.210207 0.834224 0.01 0.01
0 0.206236 0.823636 0.01 0.01
0 0.202927 0.824812 0.01 0.01
0 0.206236 0.849518 0.01 0.01
0 0.220795 0.830694 0.01 0.01
0 0.235354 0.878930 0.01 0.01
0 0.236016 0.849518 0.01 0.01
0 0.261824 0.849518 0.01 0.01
0 0.264472 0.845989 0.01 0.01
0 0.245280 0.774224 0.01 0.01
0 0.257854 0.742459 0.01 0.01
0 0.247927 0.724812 0.01 0.01
0 0.238001 0.718930 0.01 0.01
0 0.287633 0.717753 0.01 0.01
0 0.299545 0.713047 0.01 0.01
0 0.287633 0.663636 0.01 0.01
0 0.289619 0.622459 0.01 0.01
0 0.277707 0.604812 0.01 0.01
0 0.243295 0.623636 0.01 0.01
0 0.252560 0.570694 0.01 0.01
0 0.192339 0.521283 0.01 0.01
0 0.196310 0.481283 0.01 0.01
0 0.185060 0.411871 0.01 0.01
0 0.193001 0.411871 0.01 0.01
0 0.193001 0.398930 0.01 0.01
0 0.174472 0.400106 0.01 0.01
0 0.206898 0.369518 0.01 0.01
0 0.275721 0.477753 0.01 0.01
0 0.257192 0.435400 0.01 0.01
0 0.251236 0.383636 0.01 0.01
0 0.295574 0.256577 0.01 0.01
0 0.295574 0.231871 0.01 0.01
0 0.259177 0.263636 0.01 0.01
0 0.226751 0.218930 0.01 0.01
0 0.198295 0.228342 0.01 0.01
0 0.193001 0.255400 0.01 0.01
0 0.191677 0.280106 0.01 0.01
0 0.193663 0.298930 0.01 0.01
0 0.183074 0.303636 0.01 0.01
0 0.172486 0.309518 0.01 0.01
