0 0.742969 0.079167 0.01 0.01
0 0.795313 0.069444 0.01 0.01
0 0.809375 0.062500 0.01 0.01
0 0.817187 0.077778 0.01 0.01
0 0.847656 0.068056 0.01 0.01
0 0.849219 0.086111 0.01 0.01
0 0.848437 0.126389 0.01 0.01
0 0.828906 0.155556 0.01 0.01
0 0.867969 0.141667 0.01 0.01
0 0.873438 0.165278 0.01 0.01
0 0.882031 0.197222 0.01 0.01
0 0.868750 0.263889 0.01 0.01
0 0.841406 0.325000 0.01 0.01
0 0.818750 0.277778 0.01 0.01
0 0.864844 0.390278 0.01 0.01
0 0.864844 0.576389 0.01 0.01
0 0.821875 0.518056 0.01 0.01
0 0.776563 0.475000 0.01 0.01
0 0.869531 0.497222 0.01 0.01
0 0.745313 0.623611 0.01 0.01
0 0.743750 0.641667 0.01 0.01
0 0.612500 0.641667 0.01 0.01
0 0.628125 0.591667 0.01 0.01
0 0.601562 0.576389 0.01 0.01
0 0.576563 0.633333 0.01 0.01
0 0.553906 0.536111 0.01 0.01
0 0.564844 0.462500 0.01 0.01
0 0.582031 0.393056 0.01 0.01
0 0.608594 0.331944 0.01 0.01
0 0.614844 0.336111 0.01 0.01
0 0.648438 0.397222 0.01 0.01
0 0.657812 0.256944 0.01 0.01
0 0.602344 0.200000 0.01 0.01
0 0.595312 0.223611 0.01 0.01
0 0.582031 0.238889 0.01 0.01
0 0.640625 0.077778 0.01 0.01
0 0.583594 0.069444 0.01 0.01
0 0.532031 0.068056 0.01 0.01
0 0.510938 0.066667 0.01 0.01
0 0.500781 0.191667 0.01 0.01
0 0.489844 0.191667 0.01 0.01
0 0.496094 0.240278 0.01 0.01
0 0.519531 0.263889 0.01 0.01
0 0.480469 0.269444 0.01 0.01
0 0.367188 0.197222 0.01 0.01
0 0.379687 0.106944 0.01 0.01
0 0.381250 0.077778 0.01 0.01
0 0.407031 0.056944 0.01 0.01
0 0.282813 0.048611 0.01 0.01
0 0.278125 0.059722 0.01 0.01
0 0.259375 0.006944 0.01 0.01
0 0.225781 0.102778 0.01 0.01
0 0.222656 0.113889 0.01 0.01
0 0.217969 0.145833 0.01 0.01
0 0.306250 0.120833 0.01 0.01
0 0.300781 0.370833 0.01 0.01
0 0.378906 0.443056 0.01 0.01
0 0.210938 0.533333 0.01 0.01
0 0.205469 0.647222 0.01 0.01
0 0.249219 0.634722 0.01 0.01
0 0.464063 0.545833 0.01 0.01
0 0.482812 0.619444 0.01 0.01
0 0.449219 0.587500 0.01 0.01
0 0.404687 0.654167 0.01 0.01
0 0.349219 0.704167 0.01 0.01
0 0.337500 0.666667 0.01 0.01
0 0.293750 0.725000 0.01 0.01
0 0.267188 0.690278 0.01 0.01
0 0.212500 0.780556 0.01 0.01
0 0.185937 0.773611 0.01 0.01
0 0.207031 0.759722 0.01 0.01
0 0.208594 0.752778 0.01 0.01
0 0.207031 0.741667 0.01 0.01
0 0.203906 0.701389 0.01 0.01
0 0.292188 0.563889 0.01 0.01
0 0.250000 0.838889 0.01 0.01
0 0.258594 0.850000 0.01 0.01
0 0.271094 0.850000 0.01 0.01
0 0.272656 0.827778 0.01 0.01
0 0.294531 0.844444 0.01 0.01
0 0.324219 0.754167 0.01 0.01
0 0.338281 0.808333 0.01 0.01
0 0.359375 0.791667 0.01 0.01
0 0.367969 0.779167 0.01 0.01
0 0.358594 0.851389 0.01 0.01
0 0.382812 0.829167 0.01 0.01
0 0.442187 0.865278 0.01 0.01
0 0.478906 0.861111 0.01 0.01
0 0.506250 0.861111 0.01 0.01
0 0.519531 0.858333 0.01 0.01
0 0.519531 0.840278 0.01 0.01
0 0.519531 0.826389 0.01 0.01
0 0.516406 0.781944 0.01 0.01
0 0.555469 0.823611 0.01 0.01
0 0.627344 0.754167 0.01 0.01
0 0.614062 0.688889 0.01 0.01
0 0.630469 0.659722 0.01 0.01
0 0.642187 0.693056 0.01 0.01
0 0.659375 0.705556 0.01 0.01
0 0.730469 0.744444 0.01 0.01
0 0.767187 0.754167 0.01 0.01
0 0.770312 0.790278 0.01 0.01
0 0.742188 0.879167 0.01 0.01
0 0.719531 0.888889 0.01 0.01
0 0.712500 0.852778 0.01 0.01
0 0.675781 0.850000 0.01 0.01
0 0.657812 0.880556 0.01 0.01
0 0.645312 0.865278 0.01 0.01
0 0.801562 0.894444 0.01 0.01
0 0.842188 0.938889 0.01 0.01
0 0.834375 0.850000 0.01 0.01
0 0.863281 0.783333 0.01 0.01
0 0.872656 0.756944 0.01 0.01
0 0.883594 0.766667 0.01 0.01
0 0.846094 0.686111 0.01 0.01
