0 0.292969 0.179167 0.01 0.01
0 0.229687 0.030556 0.01 0.01
0 0.519531 0.184722 0.01 0.01
0 0.631250 0.075000 0.01 0.01
0 0.626562 0.081944 0.01 0.01
0 0.606250 0.179167 0.01 0.01
0 0.400000 0.363889 0.01 0.01
0 0.374219 0.545833 0.01 0.01
0 0.427344 0.534722 0.01 0.01
0 0.521875 0.651389 0.01 0.01
0 0.629687 0.544444 0.01 0.01
0 0.215625 0.688889 0.01 0.01
0 0.382031 0.751389 0.01 0.01
0 0.468750 0.848611 0.01 0.01
0 0.542969 0.940278 0.01 0.01
0 0.546875 0.840278 0.01 0.01
0 0.773438 0.825000 0.01 0.01
0 0.846875 0.862500 0.01 0.01
0 0.853125 0.809722 0.01 0.01
0 0.861719 0.588889 0.01 0.01
0 0.833594 0.513889 0.01 0.01
0 0.745313 0.425000 0.01 0.01
0 0.730469 0.434722 0.01 0.01
0 0.791406 0.079167 0.01 0.01
0 0.789062 0.063889 0.01 0.01
0 0.715625 0.152778 0.01 0.01
0 0.852344 0.205556 0.01 0.01
0 0.853125 0.130556 0.01 0.01
