0 0.798437 0.066667 0.01 0.01
0 0.796875 0.077778 0.01 0.01
0 0.798437 0.088889 0.01 0.01
0 0.793750 0.101389 0.01 0.01
0 0.782812 0.094444 0.01 0.01
0 0.771094 0.076389 0.01 0.01
0 0.763281 0.063889 0.01 0.01
0 0.755469 0.072222 0.01 0.01
0 0.757031 0.083333 0.01 0.01
0 0.735156 0.069444 0.01 0.01
0 0.731250 0.072222 0.01 0.01
0 0.713281 0.063889 0.01 0.01
0 0.693750 0.073611 0.01 0.01
0 0.709375 0.097222 0.01 0.01
0 0.691406 0.062500 0.01 0.01
0 0.654688 0.055556 0.01 0.01
0 0.655469 0.070833 0.01 0.01
0 0.629687 0.069444 0.01 0.01
0 0.622656 0.133333 0.01 0.01
0 0.610937 0.105556 0.01 0.01
0 0.600000 0.070833 0.01 0.01
0 0.593750 0.080556 0.01 0.01
0 0.585938 0.062500 0.01 0.01
0 0.585938 0.076389 0.01 0.01
0 0.578906 0.095833 0.01 0.01
0 0.510938 0.052778 0.01 0.01
0 0.500781 0.068056 0.01 0.01
0 0.456250 0.044444 0.01 0.01
0 0.444531 0.070833 0.01 0.01
0 0.423438 0.058333 0.01 0.01
0 0.410937 0.068056 0.01 0.01
0 0.394531 0.069444 0.01 0.01
0 0.379687 0.068056 0.01 0.01
0 0.371094 0.069444 0.01 0.01
0 0.465625 0.152778 0.01 0.01
0 0.471875 0.148611 0.01 0.01
0 0.479688 0.111111 0.01 0.01
0 0.508594 0.126389 0.01 0.01
0 0.491406 0.177778 0.01 0.01
0 0.504687 0.193056 0.01 0.01
0 0.525781 0.223611 0.01 0.01
0 0.544531 0.201389 0.01 0.01
0 0.589844 0.179167 0.01 0.01
0 0.678906 0.151389 0.01 0.01
0 0.692969 0.226389 0.01 0.01
0 0.590625 0.245833 0.01 0.01
0 0.530469 0.251389 0.01 0.01
0 0.454688 0.212500 0.01 0.01
0 0.435156 0.190278 0.01 0.01
0 0.366406 0.255556 0.01 0.01
0 0.426562 0.384722 0.01 0.01
0 0.429688 0.333333 0.01 0.01
0 0.450000 0.325000 0.01 0.01
0 0.466406 0.393056 0.01 0.01
0 0.519531 0.326389 0.01 0.01
0 0.540625 0.331944 0.01 0.01
0 0.566406 0.352778 0.01 0.01
0 0.567187 0.327778 0.01 0.01
0 0.575000 0.316667 0.01 0.01
0 0.625781 0.402778 0.01 0.01
0 0.653125 0.383333 0.01 0.01
0 0.678906 0.363889 0.01 0.01
0 0.741406 0.354167 0.01 0.01
0 0.753906 0.291667 0.01 0.01
0 0.815625 0.294444 0.01 0.01
0 0.817187 0.270833 0.01 0.01
0 0.820312 0.250000 0.01 0.01
0 0.810938 0.198611 0.01 0.01
0 0.814844 0.177778 0.01 0.01
0 0.818750 0.165278 0.01 0.01
0 0.826563 0.158333 0.01 0.01
0 0.822656 0.147222 0.01 0.01
0 0.814062 0.136111 0.01 0.01
0 0.807813 0.112500 0.01 0.01
0 0.749219 0.023611 0.01 0.01
0 0.819531 0.398611 0.01 0.01
0 0.826563 0.461111 0.01 0.01
0 0.853125 0.529167 0.01 0.01
0 0.850781 0.551389 0.01 0.01
0 0.850781 0.581944 0.01 0.01
0 0.818750 0.579167 0.01 0.01
0 0.804688 0.551389 0.01 0.01
0 0.804688 0.523611 0.01 0.01
0 0.810938 0.516667 0.01 0.01
0 0.738281 0.511111 0.01 0.01
0 0.671094 0.454167 0.01 0.01
0 0.646094 0.491667 0.01 0.01
0 0.615625 0.516667 0.01 0.01
0 0.608594 0.494444 0.01 0.01
0 0.547656 0.466667 0.01 0.01
0 0.554688 0.443056 0.01 0.01
0 0.487500 0.520833 0.01 0.01
0 0.482031 0.550000 0.01 0.01
0 0.467187 0.508333 0.01 0.01
0 0.432813 0.497222 0.01 0.01
0 0.393750 0.545833 0.01 0.01
0 0.375000 0.561111 0.01 0.01
0 0.363281 0.606944 0.01 0.01
0 0.395312 0.609722 0.01 0.01
0 0.396875 0.672222 0.01 0.01
0 0.409375 0.711111 0.01 0.01
0 0.410937 0.765278 0.01 0.01
0 0.442187 0.668056 0.01 0.01
0 0.469531 0.659722 0.01 0.01
0 0.488281 0.631944 0.01 0.01
0 0.462500 0.598611 0.01 0.01
0 0.527344 0.623611 0.01 0.01
0 0.568750 0.609722 0.01 0.01
0 0.559375 0.658333 0.01 0.01
0 0.569531 0.690278 0.01 0.01
0 0.499219 0.680556 0.01 0.01
0 0.700781 0.630556 0.01 0.01
0 0.692187 0.698611 0.01 0.01
0 0.742188 0.641667 0.01 0.01
0 0.756250 0.605556 0.01 0.01
0 0.778125 0.595833 0.01 0.01
0 0.837500 0.765278 0.01 0.01
0 0.842969 0.822222 0.01 0.01
0 0.814844 0.804167 0.01 0.01
0 0.817969 0.790278 0.01 0.01
0 0.819531 0.768056 0.01 0.01
0 0.822656 0.752778 0.01 0.01
0 0.817969 0.711111 0.01 0.01
0 0.751562 0.723611 0.01 0.01
0 0.775781 0.800000 0.01 0.01
0 0.769531 0.848611 0.01 0.01
0 0.754687 0.851389 0.01 0.01
0 0.718750 0.790278 0.01 0.01
0 0.723437 0.851389 0.01 0.01
0 0.707812 0.861111 0.01 0.01
0 0.653906 0.890278 0.01 0.01
0 0.653906 0.852778 0.01 0.01
0 0.642187 0.850000 0.01 0.01
0 0.624219 0.847222 0.01 0.01
0 0.605469 0.891667 0.01 0.01
0 0.578125 0.848611 0.01 0.01
0 0.577344 0.766667 0.01 0.01
0 0.535156 0.777778 0.01 0.01
0 0.514063 0.851389 0.01 0.01
0 0.468750 0.783333 0.01 0.01
0 0.466406 0.768056 0.01 0.01
0 0.445312 0.845833 0.01 0.01
0 0.435937 0.845833 0.01 0.01
0 0.410156 0.847222 0.01 0.01
0 0.385156 0.845833 0.01 0.01
0 0.336719 0.855556 0.01 0.01
0 0.332031 0.838889 0.01 0.01
0 0.267188 0.845833 0.01 0.01
0 0.261719 0.850000 0.01 0.01
0 0.246875 0.847222 0.01 0.01
0 0.233594 0.847222 0.01 0.01
0 0.220313 0.861111 0.01 0.01
0 0.202344 0.902778 0.01 0.01
0 0.157813 0.865278 0.01 0.01
0 0.168750 0.822222 0.01 0.01
0 0.195312 0.822222 0.01 0.01
0 0.211719 0.833333 0.01 0.01
0 0.215625 0.781944 0.01 0.01
0 0.239063 0.772222 0.01 0.01
0 0.246875 0.750000 0.01 0.01
0 0.271094 0.801389 0.01 0.01
0 0.235156 0.709722 0.01 0.01
0 0.201562 0.768056 0.01 0.01
0 0.178125 0.775000 0.01 0.01
0 0.174219 0.765278 0.01 0.01
0 0.178906 0.719444 0.01 0.01
0 0.181250 0.698611 0.01 0.01
0 0.179688 0.686111 0.01 0.01
0 0.175781 0.672222 0.01 0.01
0 0.174219 0.663889 0.01 0.01
0 0.132031 0.659722 0.01 0.01
0 0.140625 0.512500 0.01 0.01
0 0.180469 0.530556 0.01 0.01
0 0.181250 0.572222 0.01 0.01
0 0.175781 0.572222 0.01 0.01
0 0.178906 0.616667 0.01 0.01
0 0.198437 0.611111 0.01 0.01
0 0.241406 0.568056 0.01 0.01
0 0.255469 0.627778 0.01 0.01
0 0.269531 0.601389 0.01 0.01
0 0.278906 0.622222 0.01 0.01
0 0.321875 0.634722 0.01 0.01
0 0.340625 0.615278 0.01 0.01
0 0.335156 0.579167 0.01 0.01
0 0.310937 0.548611 0.01 0.01
0 0.216406 0.495833 0.01 0.01
0 0.218750 0.475000 0.01 0.01
0 0.274219 0.455556 0.01 0.01
0 0.237500 0.408333 0.01 0.01
0 0.239844 0.387500 0.01 0.01
0 0.245312 0.340278 0.01 0.01
0 0.183594 0.390278 0.01 0.01
0 0.196094 0.416667 0.01 0.01
0 0.185156 0.447222 0.01 0.01
0 0.172656 0.433333 0.01 0.01
0 0.139062 0.376389 0.01 0.01
0 0.183594 0.294444 0.01 0.01
0 0.185156 0.272222 0.01 0.01
0 0.201562 0.266667 0.01 0.01
0 0.171875 0.287500 0.01 0.01
0 0.239844 0.238889 0.01 0.01
0 0.361719 0.422222 0.01 0.01
0 0.294531 0.227778 0.01 0.01
0 0.224219 0.225000 0.01 0.01
0 0.182031 0.237500 0.01 0.01
0 0.180469 0.186111 0.01 0.01
0 0.212500 0.150000 0.01 0.01
0 0.218750 0.143056 0.01 0.01
0 0.295312 0.119444 0.01 0.01
0 0.313281 0.075000 0.01 0.01
0 0.326562 0.044444 0.01 0.01
0 0.264062 0.063889 0.01 0.01
0 0.262500 0.056944 0.01 0.01
0 0.248437 0.056944 0.01 0.01
0 0.241406 0.062500 0.01 0.01
0 0.235156 0.051389 0.01 0.01
0 0.230469 0.062500 0.01 0.01
0 0.235156 0.075000 0.01 0.01
0 0.208594 0.072222 0.01 0.01
0 0.192969 0.097222 0.01 0.01
0 0.185937 0.112500 0.01 0.01
0 0.183594 0.126389 0.01 0.01
0 0.185156 0.138889 0.01 0.01
0 0.146875 0.086111 0.01 0.01
0 0.152344 0.058333 0.01 0.01
0 0.167187 0.056944 0.01 0.01
0 0.189063 0.043056 0.01 0.01
0 0.193750 0.056944 0.01 0.01
0 0.271875 0.076389 0.01 0.01
0 0.339844 0.090278 0.01 0.01
