0 0.172486 0.164812 0.01 0.01
0 0.169177 0.140106 0.01 0.01
0 0.179104 0.121283 0.01 0.01
0 0.193001 0.102459 0.01 0.01
0 0.190354 0.043636 0.01 0.01
0 0.169177 0.040106 0.01 0.01
0 0.198957 0.137753 0.01 0.01
0 0.210869 0.134224 0.01 0.01
0 0.223442 0.147165 0.01 0.01
0 0.200280 0.115400 0.01 0.01
0 0.202927 0.103636 0.01 0.01
0 0.209545 0.102459 0.01 0.01
0 0.216163 0.097753 0.01 0.01
0 0.214839 0.091871 0.01 0.01
0 0.210869 0.089518 0.01 0.01
0 0.205574 0.087165 0.01 0.01
0 0.210207 0.067165 0.01 0.01
0 0.211530 0.076577 0.01 0.01
0 0.218148 0.071871 0.01 0.01
0 0.218810 0.077753 0.01 0.01
0 0.220795 0.083636 0.01 0.01
0 0.234692 0.049518 0.01 0.01
0 0.247927 0.061283 0.01 0.01
0 0.259839 0.064812 0.01 0.01
0 0.262486 0.063636 0.01 0.01
0 0.266457 0.055400 0.01 0.01
0 0.263148 0.096577 0.01 0.01
0 0.196972 0.218930 0.01 0.01
0 0.193663 0.253047 0.01 0.01
0 0.190354 0.254224 0.01 0.01
0 0.193663 0.271871 0.01 0.01
0 0.193001 0.284812 0.01 0.01
0 0.191677 0.293047 0.01 0.01
0 0.182413 0.303636 0.01 0.01
0 0.173148 0.295400 0.01 0.01
0 0.239986 0.223636 0.01 0.01
0 0.243295 0.254224 0.01 0.01
0 0.308810 0.268342 0.01 0.01
0 0.251898 0.376577 0.01 0.01
0 0.193001 0.395400 0.01 0.01
0 0.191016 0.404812 0.01 0.01
0 0.185722 0.397753 0.01 0.01
0 0.172486 0.396577 0.01 0.01
0 0.204913 0.364812 0.01 0.01
0 0.193663 0.881283 0.01 0.01
0 0.192339 0.867165 0.01 0.01
0 0.175795 0.864812 0.01 0.01
0 0.135427 0.810694 0.01 0.01
0 0.139398 0.773047 0.01 0.01
0 0.189692 0.718930 0.01 0.01
0 0.185060 0.777753 0.01 0.01
0 0.189030 0.783636 0.01 0.01
0 0.194324 0.793047 0.01 0.01
0 0.196972 0.797753 0.01 0.01
0 0.196310 0.805989 0.01 0.01
0 0.193001 0.814224 0.01 0.01
0 0.179104 0.814224 0.01 0.01
0 0.204913 0.818930 0.01 0.01
0 0.209545 0.831871 0.01 0.01
0 0.202266 0.836577 0.01 0.01
0 0.228074 0.873047 0.01 0.01
0 0.234692 0.850694 0.01 0.01
0 0.220133 0.829518 0.01 0.01
0 0.221457 0.809518 0.01 0.01
0 0.216163 0.762459 0.01 0.01
0 0.191677 0.677753 0.01 0.01
0 0.168516 0.670694 0.01 0.01
0 0.191016 0.641283 0.01 0.01
0 0.188369 0.627165 0.01 0.01
0 0.157927 0.628341 0.01 0.01
0 0.143369 0.556577 0.01 0.01
0 0.173810 0.608342 0.01 0.01
0 0.193001 0.585989 0.01 0.01
0 0.194986 0.528342 0.01 0.01
0 0.192339 0.475400 0.01 0.01
0 0.249251 0.568341 0.01 0.01
0 0.250574 0.614224 0.01 0.01
0 0.275721 0.598930 0.01 0.01
0 0.269766 0.461283 0.01 0.01
0 0.266457 0.436577 0.01 0.01
0 0.343221 0.418930 0.01 0.01
0 0.853442 0.249518 0.01 0.01
0 0.805133 0.194224 0.01 0.01
0 0.830280 0.182459 0.01 0.01
0 0.828957 0.175400 0.01 0.01
0 0.832266 0.165989 0.01 0.01
0 0.832266 0.149518 0.01 0.01
0 0.823001 0.135400 0.01 0.01
0 0.835574 0.123636 0.01 0.01
0 0.819692 0.114224 0.01 0.01
0 0.817045 0.104812 0.01 0.01
0 0.819692 0.096577 0.01 0.01
0 0.835574 0.081283 0.01 0.01
0 0.786604 0.074224 0.01 0.01
0 0.772045 0.076577 0.01 0.01
0 0.764766 0.069518 0.01 0.01
0 0.744913 0.053047 0.01 0.01
0 0.740280 0.056577 0.01 0.01
0 0.731677 0.060106 0.01 0.01
0 0.726383 0.068342 0.01 0.01
0 0.711163 0.062459 0.01 0.01
0 0.704545 0.074224 0.01 0.01
0 0.686677 0.069518 0.01 0.01
0 0.674766 0.067165 0.01 0.01
0 0.668148 0.048342 0.01 0.01
0 0.660869 0.067165 0.01 0.01
0 0.648957 0.056577 0.01 0.01
0 0.654251 0.117753 0.01 0.01
0 0.697927 0.137753 0.01 0.01
0 0.723074 0.111871 0.01 0.01
0 0.750869 0.113047 0.01 0.01
0 0.825648 0.295400 0.01 0.01
0 0.746236 0.244812 0.01 0.01
0 0.715133 0.204812 0.01 0.01
0 0.795869 0.364812 0.01 0.01
0 0.830942 0.380106 0.01 0.01
0 0.859398 0.470694 0.01 0.01
0 0.857413 0.464812 0.01 0.01
0 0.793222 0.497753 0.01 0.01
0 0.821016 0.558930 0.01 0.01
0 0.826310 0.562459 0.01 0.01
0 0.826310 0.568341 0.01 0.01
0 0.812413 0.570694 0.01 0.01
0 0.824324 0.588342 0.01 0.01
0 0.831604 0.630694 0.01 0.01
0 0.830280 0.721283 0.01 0.01
0 0.837560 0.722459 0.01 0.01
0 0.834251 0.733047 0.01 0.01
0 0.867339 0.742459 0.01 0.01
0 0.864692 0.783636 0.01 0.01
0 0.830280 0.788342 0.01 0.01
0 0.841530 0.836577 0.01 0.01
0 0.850795 0.840106 0.01 0.01
0 0.811751 0.808341 0.01 0.01
0 0.815060 0.849518 0.01 0.01
0 0.805795 0.841283 0.01 0.01
0 0.813736 0.894224 0.01 0.01
0 0.775354 0.858930 0.01 0.01
0 0.762119 0.851871 0.01 0.01
0 0.740942 0.851871 0.01 0.01
0 0.710501 0.863636 0.01 0.01
0 0.709177 0.857753 0.01 0.01
0 0.736971 0.714224 0.01 0.01
0 0.776677 0.708342 0.01 0.01
0 0.701898 0.693047 0.01 0.01
0 0.678736 0.643636 0.01 0.01
0 0.638369 0.643636 0.01 0.01
0 0.572192 0.669518 0.01 0.01
0 0.576163 0.693047 0.01 0.01
0 0.427927 0.883636 0.01 0.01
0 0.257854 0.845989 0.01 0.01
0 0.265133 0.844812 0.01 0.01
0 0.331971 0.847165 0.01 0.01
0 0.242633 0.767165 0.01 0.01
0 0.257854 0.748342 0.01 0.01
0 0.247927 0.715400 0.01 0.01
0 0.236677 0.714224 0.01 0.01
0 0.296236 0.721283 0.01 0.01
0 0.300207 0.708342 0.01 0.01
0 0.329986 0.709518 0.01 0.01
0 0.286310 0.660106 0.01 0.01
0 0.262486 0.664812 0.01 0.01
0 0.289619 0.621283 0.01 0.01
0 0.603295 0.078930 0.01 0.01
0 0.591383 0.069518 0.01 0.01
0 0.590721 0.076577 0.01 0.01
0 0.583442 0.080106 0.01 0.01
0 0.572192 0.082459 0.01 0.01
0 0.542413 0.058930 0.01 0.01
0 0.525869 0.063636 0.01 0.01
0 0.490133 0.056577 0.01 0.01
0 0.466310 0.096577 0.01 0.01
0 0.461677 0.118930 0.01 0.01
0 0.437192 0.064812 0.01 0.01
0 0.449766 0.050694 0.01 0.01
0 0.429913 0.068342 0.01 0.01
0 0.406751 0.089518 0.01 0.01
0 0.397486 0.058930 0.01 0.01
0 0.369030 0.068342 0.01 0.01
0 0.351824 0.063636 0.01 0.01
0 0.333957 0.077753 0.01 0.01
0 0.324692 0.050694 0.01 0.01
0 0.351824 0.133047 0.01 0.01
0 0.361089 0.142459 0.01 0.01
0 0.407413 0.230694 0.01 0.01
0 0.425942 0.287165 0.01 0.01
0 0.378957 0.322459 0.01 0.01
0 0.474251 0.182459 0.01 0.01
0 0.499398 0.181283 0.01 0.01
0 0.502707 0.138930 0.01 0.01
0 0.536457 0.167165 0.01 0.01
0 0.568222 0.151871 0.01 0.01
0 0.619177 0.151871 0.01 0.01
0 0.585427 0.240106 0.01 0.01
0 0.594030 0.261283 0.01 0.01
0 0.565574 0.296577 0.01 0.01
0 0.558295 0.315400 0.01 0.01
0 0.509986 0.330694 0.01 0.01
0 0.511972 0.348341 0.01 0.01
0 0.509986 0.265989 0.01 0.01
0 0.482192 0.376577 0.01 0.01
0 0.472927 0.396577 0.01 0.01
0 0.449104 0.408342 0.01 0.01
0 0.445133 0.437753 0.01 0.01
0 0.424619 0.391871 0.01 0.01
0 0.474913 0.442459 0.01 0.01
0 0.529839 0.435400 0.01 0.01
0 0.582780 0.347165 0.01 0.01
0 0.637707 0.361283 0.01 0.01
0 0.639692 0.400106 0.01 0.01
0 0.648957 0.396577 0.01 0.01
0 0.663516 0.381283 0.01 0.01
0 0.689324 0.433047 0.01 0.01
0 0.658222 0.494224 0.01 0.01
0 0.649619 0.522459 0.01 0.01
0 0.642339 0.563636 0.01 0.01
0 0.606604 0.453047 0.01 0.01
0 0.578148 0.616577 0.01 0.01
0 0.545722 0.533047 0.01 0.01
0 0.494766 0.555400 0.01 0.01
0 0.488148 0.570694 0.01 0.01
0 0.480869 0.549518 0.01 0.01
0 0.463663 0.598930 0.01 0.01
0 0.450427 0.590694 0.01 0.01
0 0.435207 0.598930 0.01 0.01
0 0.373001 0.576577 0.01 0.01
0 0.350501 0.616577 0.01 0.01
0 0.318074 0.538930 0.01 0.01
0 0.466971 0.710694 0.01 0.01
0 0.471604 0.736577 0.01 0.01
0 0.519251 0.731871 0.01 0.01
0 0.508663 0.654224 0.01 0.01
0 0.393516 0.825989 0.01 0.01
0 0.411383 0.820106 0.01 0.01
0 0.423957 0.830694 0.01 0.01
0 0.447119 0.849518 0.01 0.01
0 0.472927 0.844812 0.01 0.01
0 0.474251 0.854224 0.01 0.01
0 0.493442 0.848342 0.01 0.01
0 0.518589 0.837753 0.01 0.01
0 0.525869 0.844812 0.01 0.01
0 0.558295 0.800106 0.01 0.01
0 0.586089 0.810694 0.01 0.01
0 0.592045 0.851871 0.01 0.01
0 0.609251 0.851871 0.01 0.01
0 0.606604 0.776577 0.01 0.01
0 0.583442 0.768341 0.01 0.01
0 0.637045 0.797753 0.01 0.01
