0 0.217187 0.088889 0.01 0.01
0 0.213281 0.165278 0.01 0.01
0 0.223438 0.211111 0.01 0.01
0 0.223438 0.241667 0.01 0.01
0 0.257812 0.172222 0.01 0.01
0 0.248437 0.145833 0.01 0.01
0 0.277344 0.116667 0.01 0.01
0 0.364062 0.175000 0.01 0.01
0 0.377344 0.308333 0.01 0.01
0 0.445312 0.193056 0.01 0.01
0 0.423438 0.134722 0.01 0.01
0 0.442187 0.129167 0.01 0.01
0 0.521094 0.130556 0.01 0.01
0 0.536719 0.225000 0.01 0.01
0 0.523438 0.245833 0.01 0.01
0 0.524219 0.268056 0.01 0.01
0 0.567187 0.268056 0.01 0.01
0 0.589063 0.268056 0.01 0.01
0 0.587500 0.252778 0.01 0.01
0 0.581250 0.184722 0.01 0.01
0 0.613281 0.131944 0.01 0.01
0 0.618750 0.227778 0.01 0.01
0 0.707031 0.188889 0.01 0.01
0 0.753125 0.120833 0.01 0.01
0 0.769531 0.141667 0.01 0.01
0 0.832812 0.154167 0.01 0.01
0 0.845312 0.170833 0.01 0.01
0 0.852344 0.193056 0.01 0.01
0 0.858594 0.208333 0.01 0.01
0 0.866406 0.200000 0.01 0.01
0 0.863281 0.231944 0.01 0.01
0 0.876562 0.263889 0.01 0.01
0 0.870313 0.306944 0.01 0.01
0 0.857813 0.309722 0.01 0.01
0 0.846875 0.256944 0.01 0.01
0 0.782812 0.336111 0.01 0.01
0 0.732031 0.295833 0.01 0.01
0 0.652344 0.400000 0.01 0.01
0 0.432813 0.383333 0.01 0.01
0 0.457031 0.415278 0.01 0.01
0 0.512500 0.454167 0.01 0.01
0 0.582031 0.525000 0.01 0.01
0 0.596875 0.515278 0.01 0.01
0 0.656250 0.466667 0.01 0.01
0 0.632031 0.405556 0.01 0.01
0 0.735156 0.544444 0.01 0.01
0 0.768750 0.534722 0.01 0.01
0 0.810938 0.588889 0.01 0.01
0 0.857031 0.631944 0.01 0.01
0 0.857813 0.555556 0.01 0.01
0 0.853906 0.743056 0.01 0.01
0 0.871094 0.784722 0.01 0.01
0 0.746094 0.698611 0.01 0.01
0 0.728125 0.622222 0.01 0.01
0 0.742969 0.801389 0.01 0.01
0 0.767969 0.811111 0.01 0.01
0 0.770312 0.866667 0.01 0.01
0 0.765625 0.930556 0.01 0.01
0 0.781250 0.955556 0.01 0.01
0 0.803125 0.938889 0.01 0.01
0 0.801562 0.920833 0.01 0.01
0 0.846875 0.895833 0.01 0.01
0 0.846875 0.879167 0.01 0.01
0 0.883594 0.915278 0.01 0.01
0 0.883594 0.936111 0.01 0.01
0 0.749219 0.931944 0.01 0.01
0 0.742188 0.931944 0.01 0.01
0 0.727344 0.950000 0.01 0.01
0 0.731250 0.894444 0.01 0.01
0 0.646875 0.826389 0.01 0.01
0 0.629687 0.725000 0.01 0.01
0 0.663281 0.668056 0.01 0.01
0 0.589844 0.688889 0.01 0.01
0 0.577344 0.652778 0.01 0.01
0 0.548437 0.626389 0.01 0.01
0 0.497656 0.561111 0.01 0.01
0 0.549219 0.687500 0.01 0.01
0 0.559375 0.773611 0.01 0.01
0 0.576563 0.858333 0.01 0.01
0 0.560156 0.890278 0.01 0.01
0 0.607813 0.927778 0.01 0.01
0 0.631250 0.918056 0.01 0.01
0 0.448438 0.902778 0.01 0.01
0 0.462500 0.843056 0.01 0.01
0 0.459375 0.779167 0.01 0.01
0 0.455469 0.718056 0.01 0.01
0 0.417188 0.606944 0.01 0.01
0 0.428125 0.758333 0.01 0.01
0 0.371875 0.729167 0.01 0.01
0 0.379687 0.795833 0.01 0.01
0 0.363281 0.823611 0.01 0.01
0 0.352344 0.908333 0.01 0.01
0 0.363281 0.934722 0.01 0.01
0 0.362500 0.908333 0.01 0.01
0 0.385156 0.911111 0.01 0.01
0 0.338281 0.797222 0.01 0.01
0 0.291406 0.773611 0.01 0.01
0 0.305469 0.705556 0.01 0.01
0 0.269531 0.587500 0.01 0.01
0 0.239844 0.461111 0.01 0.01
0 0.217187 0.586111 0.01 0.01
0 0.210938 0.751389 0.01 0.01
0 0.209375 0.775000 0.01 0.01
0 0.204688 0.780556 0.01 0.01
0 0.197656 0.843056 0.01 0.01
0 0.204688 0.831944 0.01 0.01
0 0.216406 0.837500 0.01 0.01
0 0.218750 0.859722 0.01 0.01
0 0.250000 0.922222 0.01 0.01
0 0.246094 0.890278 0.01 0.01
0 0.259375 0.902778 0.01 0.01
0 0.269531 0.873611 0.01 0.01
0 0.294531 0.901389 0.01 0.01
0 0.315625 0.897222 0.01 0.01
0 0.191406 0.925000 0.01 0.01
