0 0.840207 0.887165 0.01 0.01
0 0.848810 0.865989 0.01 0.01
0 0.853442 0.688341 0.01 0.01
0 0.848810 0.583636 0.01 0.01
0 0.752192 0.847165 0.01 0.01
0 0.647633 0.549518 0.01 0.01
0 0.722413 0.490694 0.01 0.01
0 0.710501 0.464812 0.01 0.01
0 0.662854 0.313047 0.01 0.01
0 0.646310 0.184812 0.01 0.01
0 0.615207 0.155400 0.01 0.01
0 0.776016 0.181283 0.01 0.01
0 0.778001 0.153047 0.01 0.01
0 0.781972 0.073047 0.01 0.01
0 0.854104 0.202459 0.01 0.01
0 0.826310 0.337753 0.01 0.01
0 0.524545 0.058930 0.01 0.01
0 0.428589 0.081283 0.01 0.01
0 0.414692 0.051871 0.01 0.01
0 0.412707 0.031871 0.01 0.01
0 0.302192 0.243636 0.01 0.01
0 0.381604 0.403636 0.01 0.01
0 0.373001 0.549518 0.01 0.01
0 0.468957 0.694224 0.01 0.01
0 0.455722 0.778930 0.01 0.01
0 0.386236 0.742459 0.01 0.01
0 0.212192 0.665989 0.01 0.01
0 0.369030 0.891871 0.01 0.01
0 0.457045 0.953047 0.01 0.01
0 0.505354 0.931871 0.01 0.01
0 0.537780 0.823636 0.01 0.01
