0 0.747560 0.903636 0.01 0.01
0 0.742266 0.868342 0.01 0.01
0 0.736971 0.861283 0.01 0.01
0 0.769398 0.845989 0.01 0.01
0 0.837560 0.849518 0.01 0.01
0 0.812413 0.804812 0.01 0.01
0 0.816383 0.784812 0.01 0.01
0 0.821016 0.780106 0.01 0.01
0 0.821016 0.744812 0.01 0.01
0 0.823001 0.729518 0.01 0.01
0 0.801163 0.741283 0.01 0.01
0 0.781310 0.740106 0.01 0.01
0 0.751530 0.727165 0.01 0.01
0 0.851457 0.610694 0.01 0.01
0 0.826972 0.575400 0.01 0.01
0 0.804471 0.555400 0.01 0.01
0 0.805133 0.527165 0.01 0.01
0 0.809766 0.522459 0.01 0.01
0 0.850133 0.416577 0.01 0.01
0 0.816383 0.337753 0.01 0.01
0 0.811751 0.295400 0.01 0.01
0 0.822339 0.270694 0.01 0.01
0 0.766751 0.269518 0.01 0.01
0 0.816383 0.223636 0.01 0.01
0 0.816383 0.207165 0.01 0.01
0 0.816383 0.170694 0.01 0.01
0 0.830280 0.150694 0.01 0.01
0 0.812413 0.138930 0.01 0.01
0 0.816383 0.120106 0.01 0.01
0 0.781310 0.149518 0.01 0.01
0 0.811089 0.198930 0.01 0.01
0 0.801163 0.101283 0.01 0.01
0 0.799177 0.067165 0.01 0.01
0 0.789251 0.078930 0.01 0.01
0 0.768736 0.087165 0.01 0.01
0 0.760133 0.085989 0.01 0.01
0 0.762780 0.071871 0.01 0.01
0 0.758148 0.071871 0.01 0.01
0 0.756163 0.058930 0.01 0.01
0 0.746898 0.071871 0.01 0.01
0 0.748883 0.073047 0.01 0.01
0 0.741604 0.044812 0.01 0.01
0 0.729692 0.134224 0.01 0.01
0 0.722413 0.113047 0.01 0.01
0 0.674766 0.121283 0.01 0.01
0 0.670133 0.150694 0.01 0.01
0 0.652927 0.074224 0.01 0.01
0 0.635722 0.088342 0.01 0.01
0 0.635722 0.071871 0.01 0.01
0 0.621824 0.073047 0.01 0.01
0 0.598663 0.077753 0.01 0.01
0 0.592707 0.065989 0.01 0.01
0 0.582119 0.073047 0.01 0.01
0 0.559619 0.088342 0.01 0.01
0 0.562266 0.075400 0.01 0.01
0 0.556310 0.071871 0.01 0.01
0 0.623810 0.228342 0.01 0.01
0 0.593369 0.260106 0.01 0.01
0 0.670133 0.340106 0.01 0.01
0 0.699251 0.367165 0.01 0.01
0 0.653589 0.385989 0.01 0.01
0 0.668148 0.438930 0.01 0.01
0 0.736971 0.443636 0.01 0.01
0 0.750207 0.473047 0.01 0.01
0 0.758810 0.423636 0.01 0.01
0 0.750869 0.553047 0.01 0.01
0 0.735648 0.630694 0.01 0.01
0 0.695280 0.636577 0.01 0.01
0 0.693957 0.697753 0.01 0.01
0 0.699251 0.697753 0.01 0.01
0 0.719766 0.795400 0.01 0.01
0 0.689986 0.858930 0.01 0.01
0 0.652927 0.853047 0.01 0.01
0 0.640354 0.849518 0.01 0.01
0 0.623148 0.858930 0.01 0.01
0 0.565574 0.894224 0.01 0.01
0 0.551016 0.854224 0.01 0.01
0 0.572192 0.854224 0.01 0.01
0 0.578810 0.856577 0.01 0.01
0 0.579471 0.776577 0.01 0.01
0 0.574839 0.756577 0.01 0.01
0 0.525869 0.780106 0.01 0.01
0 0.566898 0.700106 0.01 0.01
0 0.556971 0.656577 0.01 0.01
0 0.568222 0.617753 0.01 0.01
0 0.601972 0.544812 0.01 0.01
0 0.601310 0.531871 0.01 0.01
0 0.647633 0.483636 0.01 0.01
0 0.623148 0.403636 0.01 0.01
0 0.607927 0.397753 0.01 0.01
0 0.601310 0.415400 0.01 0.01
0 0.565574 0.447165 0.01 0.01
0 0.553001 0.376577 0.01 0.01
0 0.550354 0.349518 0.01 0.01
0 0.552339 0.320106 0.01 0.01
0 0.520574 0.349518 0.01 0.01
0 0.529177 0.305989 0.01 0.01
0 0.508663 0.288341 0.01 0.01
0 0.490795 0.298930 0.01 0.01
0 0.519913 0.198930 0.01 0.01
0 0.464324 0.260106 0.01 0.01
0 0.441163 0.207165 0.01 0.01
0 0.466971 0.164812 0.01 0.01
0 0.490133 0.183636 0.01 0.01
0 0.482192 0.156577 0.01 0.01
0 0.508663 0.105989 0.01 0.01
0 0.490795 0.068342 0.01 0.01
0 0.511310 0.049518 0.01 0.01
0 0.516604 0.255400 0.01 0.01
0 0.455060 0.858930 0.01 0.01
0 0.421310 0.858930 0.01 0.01
0 0.398810 0.810694 0.01 0.01
0 0.467633 0.841283 0.01 0.01
0 0.454398 0.809518 0.01 0.01
0 0.469619 0.793047 0.01 0.01
0 0.477560 0.736577 0.01 0.01
0 0.517927 0.694224 0.01 0.01
0 0.517266 0.656577 0.01 0.01
0 0.473589 0.601283 0.01 0.01
0 0.481530 0.561283 0.01 0.01
0 0.482192 0.538930 0.01 0.01
0 0.490133 0.529518 0.01 0.01
0 0.476236 0.490694 0.01 0.01
0 0.463001 0.403636 0.01 0.01
0 0.462339 0.342459 0.01 0.01
0 0.429913 0.365989 0.01 0.01
0 0.423295 0.420106 0.01 0.01
0 0.397486 0.381283 0.01 0.01
0 0.390207 0.289518 0.01 0.01
0 0.478222 0.114224 0.01 0.01
0 0.474251 0.054224 0.01 0.01
0 0.446457 0.058930 0.01 0.01
0 0.441163 0.078930 0.01 0.01
0 0.421971 0.068342 0.01 0.01
0 0.412045 0.056577 0.01 0.01
0 0.397486 0.071871 0.01 0.01
0 0.341898 0.065989 0.01 0.01
0 0.339251 0.102459 0.01 0.01
0 0.325354 0.096577 0.01 0.01
0 0.327339 0.071871 0.01 0.01
0 0.308148 0.083636 0.01 0.01
0 0.304839 0.120106 0.01 0.01
0 0.283001 0.071871 0.01 0.01
0 0.283001 0.061283 0.01 0.01
0 0.265795 0.075400 0.01 0.01
0 0.273074 0.075400 0.01 0.01
0 0.265795 0.057753 0.01 0.01
0 0.245280 0.070694 0.01 0.01
0 0.231383 0.069518 0.01 0.01
0 0.228736 0.075400 0.01 0.01
0 0.225427 0.081283 0.01 0.01
0 0.206236 0.043636 0.01 0.01
0 0.187707 0.058930 0.01 0.01
0 0.173810 0.049518 0.01 0.01
0 0.157266 0.056577 0.01 0.01
0 0.163883 0.075400 0.01 0.01
0 0.197633 0.088342 0.01 0.01
0 0.191016 0.101283 0.01 0.01
0 0.189692 0.120106 0.01 0.01
0 0.181089 0.110694 0.01 0.01
0 0.208222 0.104812 0.01 0.01
0 0.173810 0.128342 0.01 0.01
0 0.178442 0.153047 0.01 0.01
0 0.178442 0.167165 0.01 0.01
0 0.202266 0.160106 0.01 0.01
0 0.213516 0.153047 0.01 0.01
0 0.275721 0.216577 0.01 0.01
0 0.331971 0.210694 0.01 0.01
0 0.222780 0.285989 0.01 0.01
0 0.195648 0.280106 0.01 0.01
0 0.184398 0.284812 0.01 0.01
0 0.177780 0.284812 0.01 0.01
0 0.173148 0.263636 0.01 0.01
0 0.173810 0.230694 0.01 0.01
0 0.176457 0.310694 0.01 0.01
0 0.178442 0.356577 0.01 0.01
0 0.194324 0.398930 0.01 0.01
0 0.189692 0.402459 0.01 0.01
0 0.245280 0.333047 0.01 0.01
0 0.252560 0.389518 0.01 0.01
0 0.221457 0.457753 0.01 0.01
0 0.174472 0.420106 0.01 0.01
0 0.171824 0.453047 0.01 0.01
0 0.175133 0.485989 0.01 0.01
0 0.183074 0.508341 0.01 0.01
0 0.177119 0.514224 0.01 0.01
0 0.187045 0.518930 0.01 0.01
0 0.215501 0.548342 0.01 0.01
0 0.195648 0.567165 0.01 0.01
0 0.181751 0.578930 0.01 0.01
0 0.179766 0.562459 0.01 0.01
0 0.175795 0.569518 0.01 0.01
0 0.130133 0.630694 0.01 0.01
0 0.146016 0.843636 0.01 0.01
0 0.161236 0.650694 0.01 0.01
0 0.172486 0.650694 0.01 0.01
0 0.185060 0.620106 0.01 0.01
0 0.239324 0.584812 0.01 0.01
0 0.267119 0.614224 0.01 0.01
0 0.274398 0.633047 0.01 0.01
0 0.288295 0.521283 0.01 0.01
0 0.352486 0.483636 0.01 0.01
0 0.310795 0.560106 0.01 0.01
0 0.296898 0.560106 0.01 0.01
0 0.303516 0.578930 0.01 0.01
0 0.316751 0.642459 0.01 0.01
0 0.371016 0.628341 0.01 0.01
0 0.376972 0.564812 0.01 0.01
0 0.386236 0.589518 0.01 0.01
0 0.394839 0.622459 0.01 0.01
0 0.455060 0.608342 0.01 0.01
0 0.444472 0.640106 0.01 0.01
0 0.423295 0.694224 0.01 0.01
0 0.393516 0.734224 0.01 0.01
0 0.358442 0.702459 0.01 0.01
0 0.314104 0.867165 0.01 0.01
0 0.294913 0.857753 0.01 0.01
0 0.282339 0.863636 0.01 0.01
0 0.266457 0.856577 0.01 0.01
0 0.243295 0.857753 0.01 0.01
0 0.232045 0.858930 0.01 0.01
0 0.229398 0.870694 0.01 0.01
0 0.218148 0.882459 0.01 0.01
0 0.234030 0.921283 0.01 0.01
0 0.210207 0.849518 0.01 0.01
0 0.191677 0.828341 0.01 0.01
0 0.172486 0.805989 0.01 0.01
0 0.185722 0.800106 0.01 0.01
0 0.180427 0.769518 0.01 0.01
0 0.175795 0.734224 0.01 0.01
0 0.175133 0.709518 0.01 0.01
0 0.177780 0.700106 0.01 0.01
0 0.238663 0.725989 0.01 0.01
0 0.225427 0.762459 0.01 0.01
0 0.215501 0.793047 0.01 0.01
0 0.208883 0.803636 0.01 0.01
0 0.236677 0.805989 0.01 0.01
0 0.245942 0.811871 0.01 0.01
0 0.247266 0.743636 0.01 0.01
0 0.271751 0.744812 0.01 0.01
