0 0.829619 0.374224 0.01 0.01
0 0.854766 0.202459 0.01 0.01
0 0.776016 0.183636 0.01 0.01
0 0.769398 0.187165 0.01 0.01
0 0.783957 0.077753 0.01 0.01
0 0.654913 0.210694 0.01 0.01
0 0.613222 0.149518 0.01 0.01
0 0.461016 0.148342 0.01 0.01
0 0.500060 0.054224 0.01 0.01
0 0.394177 0.083636 0.01 0.01
0 0.292266 0.231871 0.01 0.01
0 0.284324 0.288341 0.01 0.01
0 0.375648 0.414224 0.01 0.01
0 0.376972 0.543636 0.01 0.01
0 0.391530 0.749518 0.01 0.01
0 0.403442 0.863636 0.01 0.01
0 0.443148 0.823636 0.01 0.01
0 0.474913 0.685989 0.01 0.01
0 0.540427 0.814224 0.01 0.01
0 0.533148 0.900106 0.01 0.01
0 0.459030 0.955400 0.01 0.01
0 0.743589 0.851871 0.01 0.01
0 0.838883 0.914224 0.01 0.01
0 0.850133 0.868342 0.01 0.01
0 0.850795 0.687165 0.01 0.01
0 0.854104 0.601283 0.01 0.01
0 0.669472 0.553047 0.01 0.01
0 0.701236 0.500106 0.01 0.01
0 0.701236 0.460106 0.01 0.01
0 0.652266 0.357753 0.01 0.01
0 0.218148 0.662459 0.01 0.01
