0 0.786719 0.036111 0.01 0.01
0 0.802344 0.069444 0.01 0.01
0 0.857813 0.116667 0.01 0.01
0 0.864844 0.173611 0.01 0.01
0 0.822656 0.225000 0.01 0.01
0 0.782812 0.148611 0.01 0.01
0 0.691406 0.131944 0.01 0.01
0 0.640625 0.061111 0.01 0.01
0 0.524219 0.318056 0.01 0.01
0 0.411719 0.345833 0.01 0.01
0 0.623438 0.561111 0.01 0.01
0 0.731250 0.427778 0.01 0.01
0 0.751562 0.422222 0.01 0.01
0 0.819531 0.475000 0.01 0.01
0 0.862500 0.554167 0.01 0.01
0 0.857813 0.805556 0.01 0.01
0 0.852344 0.861111 0.01 0.01
0 0.786719 0.827778 0.01 0.01
0 0.571094 0.927778 0.01 0.01
0 0.558594 0.851389 0.01 0.01
0 0.513281 0.759722 0.01 0.01
0 0.471875 0.761111 0.01 0.01
0 0.442187 0.643056 0.01 0.01
0 0.387500 0.730556 0.01 0.01
0 0.367969 0.550000 0.01 0.01
0 0.279687 0.900000 0.01 0.01
0 0.232812 0.709722 0.01 0.01
0 0.296875 0.173611 0.01 0.01
0 0.137500 0.059722 0.01 0.01
