0 0.869325 0.784812 0.01 0.01
0 0.866677 0.838930 0.01 0.01
0 0.843516 0.854224 0.01 0.01
0 0.830942 0.798930 0.01 0.01
0 0.807119 0.851871 0.01 0.01
0 0.811751 0.858930 0.01 0.01
0 0.829619 0.881283 0.01 0.01
0 0.801824 0.918930 0.01 0.01
0 0.776016 0.871871 0.01 0.01
0 0.761457 0.863636 0.01 0.01
0 0.743589 0.874224 0.01 0.01
0 0.715795 0.844812 0.01 0.01
0 0.758148 0.717753 0.01 0.01
0 0.731677 0.710694 0.01 0.01
0 0.705207 0.705989 0.01 0.01
0 0.680722 0.730694 0.01 0.01
0 0.778001 0.715400 0.01 0.01
0 0.833589 0.747165 0.01 0.01
0 0.832927 0.729518 0.01 0.01
0 0.846163 0.718930 0.01 0.01
0 0.816383 0.665989 0.01 0.01
0 0.832927 0.650694 0.01 0.01
0 0.830280 0.602459 0.01 0.01
0 0.824324 0.576577 0.01 0.01
0 0.832927 0.573047 0.01 0.01
0 0.819692 0.567165 0.01 0.01
0 0.789913 0.504812 0.01 0.01
0 0.854766 0.474224 0.01 0.01
0 0.862045 0.469518 0.01 0.01
0 0.832927 0.402459 0.01 0.01
0 0.802486 0.376577 0.01 0.01
0 0.828957 0.308342 0.01 0.01
0 0.856089 0.258930 0.01 0.01
0 0.696604 0.553047 0.01 0.01
0 0.659545 0.505989 0.01 0.01
0 0.711824 0.453047 0.01 0.01
0 0.651604 0.411871 0.01 0.01
0 0.641677 0.402459 0.01 0.01
0 0.641677 0.413047 0.01 0.01
0 0.611236 0.468341 0.01 0.01
0 0.624472 0.570694 0.01 0.01
0 0.590060 0.593047 0.01 0.01
0 0.648295 0.624812 0.01 0.01
0 0.666824 0.402459 0.01 0.01
0 0.741604 0.213047 0.01 0.01
0 0.805133 0.209518 0.01 0.01
0 0.831604 0.228342 0.01 0.01
0 0.834251 0.187165 0.01 0.01
0 0.838222 0.171871 0.01 0.01
0 0.843516 0.131871 0.01 0.01
0 0.836236 0.135400 0.01 0.01
0 0.829619 0.123636 0.01 0.01
0 0.825648 0.128342 0.01 0.01
0 0.822339 0.122459 0.01 0.01
0 0.841530 0.088342 0.01 0.01
0 0.813736 0.098930 0.01 0.01
0 0.802486 0.088342 0.01 0.01
0 0.773369 0.083636 0.01 0.01
0 0.771383 0.077753 0.01 0.01
0 0.768074 0.077753 0.01 0.01
0 0.761457 0.089518 0.01 0.01
0 0.781972 0.118930 0.01 0.01
0 0.748222 0.135400 0.01 0.01
0 0.740942 0.071871 0.01 0.01
0 0.723074 0.058930 0.01 0.01
0 0.725060 0.078930 0.01 0.01
0 0.715795 0.077753 0.01 0.01
0 0.701898 0.084812 0.01 0.01
0 0.698589 0.054224 0.01 0.01
0 0.688001 0.078930 0.01 0.01
0 0.680722 0.077753 0.01 0.01
0 0.670795 0.075400 0.01 0.01
0 0.658883 0.088342 0.01 0.01
0 0.651604 0.067165 0.01 0.01
0 0.691971 0.133047 0.01 0.01
0 0.625133 0.209518 0.01 0.01
0 0.619177 0.165989 0.01 0.01
0 0.621163 0.114224 0.01 0.01
0 0.602633 0.088342 0.01 0.01
0 0.591383 0.076577 0.01 0.01
0 0.589398 0.093047 0.01 0.01
0 0.572192 0.093047 0.01 0.01
0 0.553001 0.070694 0.01 0.01
0 0.526530 0.071871 0.01 0.01
0 0.493442 0.067165 0.01 0.01
0 0.472927 0.093047 0.01 0.01
0 0.452413 0.060106 0.01 0.01
0 0.433883 0.076577 0.01 0.01
0 0.429913 0.082459 0.01 0.01
0 0.461016 0.133047 0.01 0.01
0 0.531824 0.140106 0.01 0.01
0 0.486163 0.155400 0.01 0.01
0 0.479545 0.171871 0.01 0.01
0 0.500060 0.191871 0.01 0.01
0 0.570869 0.164812 0.01 0.01
0 0.588736 0.257753 0.01 0.01
0 0.586089 0.358930 0.01 0.01
0 0.562927 0.328342 0.01 0.01
0 0.513957 0.335400 0.01 0.01
0 0.515942 0.357753 0.01 0.01
0 0.510648 0.364812 0.01 0.01
0 0.511972 0.282459 0.01 0.01
0 0.430574 0.291871 0.01 0.01
0 0.383589 0.295400 0.01 0.01
0 0.400795 0.218930 0.01 0.01
0 0.374986 0.130694 0.01 0.01
0 0.376310 0.117753 0.01 0.01
0 0.373001 0.078930 0.01 0.01
0 0.394177 0.063636 0.01 0.01
0 0.343221 0.075400 0.01 0.01
0 0.335280 0.093047 0.01 0.01
0 0.298222 0.057753 0.01 0.01
0 0.271751 0.076577 0.01 0.01
0 0.263148 0.076577 0.01 0.01
0 0.247927 0.070694 0.01 0.01
0 0.256530 0.102459 0.01 0.01
0 0.194986 0.134224 0.01 0.01
0 0.221457 0.088342 0.01 0.01
0 0.230060 0.083636 0.01 0.01
0 0.233369 0.065989 0.01 0.01
0 0.214177 0.071871 0.01 0.01
0 0.216163 0.081283 0.01 0.01
0 0.212854 0.084812 0.01 0.01
0 0.220795 0.107165 0.01 0.01
0 0.219471 0.098930 0.01 0.01
0 0.194986 0.063636 0.01 0.01
0 0.204251 0.027165 0.01 0.01
0 0.206898 0.122459 0.01 0.01
0 0.209545 0.116577 0.01 0.01
0 0.202266 0.116577 0.01 0.01
0 0.201604 0.128342 0.01 0.01
0 0.194324 0.115400 0.01 0.01
0 0.185722 0.130694 0.01 0.01
0 0.193663 0.155400 0.01 0.01
0 0.201604 0.148342 0.01 0.01
0 0.212192 0.147165 0.01 0.01
0 0.222780 0.160106 0.01 0.01
0 0.173148 0.183636 0.01 0.01
0 0.167854 0.165989 0.01 0.01
0 0.208222 0.210694 0.01 0.01
0 0.195648 0.224812 0.01 0.01
0 0.192339 0.247165 0.01 0.01
0 0.193663 0.261283 0.01 0.01
0 0.195648 0.287165 0.01 0.01
0 0.194324 0.311871 0.01 0.01
0 0.185060 0.310694 0.01 0.01
0 0.171824 0.309518 0.01 0.01
0 0.275721 0.297753 0.01 0.01
0 0.280354 0.235400 0.01 0.01
0 0.293589 0.235400 0.01 0.01
0 0.325354 0.382459 0.01 0.01
0 0.261163 0.383636 0.01 0.01
0 0.243295 0.434224 0.01 0.01
0 0.194324 0.401283 0.01 0.01
0 0.193663 0.415400 0.01 0.01
0 0.177780 0.390694 0.01 0.01
0 0.182413 0.431871 0.01 0.01
0 0.143369 0.598930 0.01 0.01
0 0.196310 0.488342 0.01 0.01
0 0.187707 0.522459 0.01 0.01
0 0.281016 0.494224 0.01 0.01
0 0.252560 0.581283 0.01 0.01
0 0.322707 0.553047 0.01 0.01
0 0.278369 0.610694 0.01 0.01
0 0.271751 0.634224 0.01 0.01
0 0.288295 0.663636 0.01 0.01
0 0.197633 0.596577 0.01 0.01
0 0.235354 0.645989 0.01 0.01
0 0.190354 0.653047 0.01 0.01
0 0.171824 0.648341 0.01 0.01
0 0.194986 0.688341 0.01 0.01
0 0.189692 0.704812 0.01 0.01
0 0.189692 0.724812 0.01 0.01
0 0.153957 0.720106 0.01 0.01
0 0.155280 0.714224 0.01 0.01
0 0.143369 0.783636 0.01 0.01
0 0.138074 0.811871 0.01 0.01
0 0.191677 0.774224 0.01 0.01
0 0.191677 0.791871 0.01 0.01
0 0.193001 0.802459 0.01 0.01
0 0.197633 0.809518 0.01 0.01
0 0.199619 0.824812 0.01 0.01
0 0.190354 0.836577 0.01 0.01
0 0.177119 0.877753 0.01 0.01
0 0.183074 0.904812 0.01 0.01
0 0.202927 0.897753 0.01 0.01
0 0.206898 0.858930 0.01 0.01
0 0.210869 0.841283 0.01 0.01
0 0.216163 0.836577 0.01 0.01
0 0.222780 0.841283 0.01 0.01
0 0.228736 0.844812 0.01 0.01
0 0.238663 0.857753 0.01 0.01
0 0.247266 0.885989 0.01 0.01
0 0.267119 0.858930 0.01 0.01
0 0.289619 0.858930 0.01 0.01
0 0.242633 0.777753 0.01 0.01
0 0.239324 0.725989 0.01 0.01
0 0.247266 0.729518 0.01 0.01
0 0.257854 0.749518 0.01 0.01
0 0.275721 0.728342 0.01 0.01
0 0.288957 0.713047 0.01 0.01
0 0.330648 0.725989 0.01 0.01
0 0.353148 0.630694 0.01 0.01
0 0.376310 0.593047 0.01 0.01
0 0.427927 0.401283 0.01 0.01
0 0.433883 0.449518 0.01 0.01
0 0.454398 0.454224 0.01 0.01
0 0.450427 0.427165 0.01 0.01
0 0.475574 0.410694 0.01 0.01
0 0.488810 0.387165 0.01 0.01
0 0.522560 0.449518 0.01 0.01
0 0.483516 0.558930 0.01 0.01
0 0.446457 0.522459 0.01 0.01
0 0.434545 0.611871 0.01 0.01
0 0.466310 0.607165 0.01 0.01
0 0.526530 0.571871 0.01 0.01
0 0.496089 0.567165 0.01 0.01
0 0.533810 0.596577 0.01 0.01
0 0.572192 0.630694 0.01 0.01
0 0.574177 0.680106 0.01 0.01
0 0.577486 0.700106 0.01 0.01
0 0.509986 0.680106 0.01 0.01
0 0.470942 0.720106 0.01 0.01
0 0.441163 0.705989 0.01 0.01
0 0.523221 0.757753 0.01 0.01
0 0.587413 0.781283 0.01 0.01
0 0.605280 0.790694 0.01 0.01
0 0.592707 0.869518 0.01 0.01
0 0.588074 0.858930 0.01 0.01
0 0.586751 0.823636 0.01 0.01
0 0.570869 0.830694 0.01 0.01
0 0.535133 0.821283 0.01 0.01
0 0.536457 0.803636 0.01 0.01
0 0.521898 0.827165 0.01 0.01
0 0.526530 0.861283 0.01 0.01
0 0.495427 0.860106 0.01 0.01
0 0.480869 0.867165 0.01 0.01
0 0.475574 0.857753 0.01 0.01
0 0.462339 0.861283 0.01 0.01
0 0.424619 0.845989 0.01 0.01
0 0.396163 0.836577 0.01 0.01
0 0.398148 0.856577 0.01 0.01
0 0.394177 0.896577 0.01 0.01
0 0.355133 0.861283 0.01 0.01
