0 0.130469 0.076389 0.01 0.01
0 0.292188 0.176389 0.01 0.01
0 0.407031 0.323611 0.01 0.01
0 0.440625 0.291667 0.01 0.01
0 0.346094 0.540278 0.01 0.01
0 0.642187 0.086111 0.01 0.01
0 0.699219 0.215278 0.01 0.01
0 0.756250 0.369444 0.01 0.01
0 0.715625 0.454167 0.01 0.01
0 0.618750 0.591667 0.01 0.01
0 0.482812 0.663889 0.01 0.01
0 0.459375 0.626389 0.01 0.01
0 0.376563 0.743056 0.01 0.01
0 0.237500 0.738889 0.01 0.01
0 0.228125 0.881944 0.01 0.01
0 0.557813 0.929167 0.01 0.01
0 0.506250 0.811111 0.01 0.01
0 0.583594 0.936111 0.01 0.01
0 0.855469 0.861111 0.01 0.01
0 0.859375 0.809722 0.01 0.01
0 0.801562 0.841667 0.01 0.01
0 0.857813 0.554167 0.01 0.01
0 0.815625 0.458333 0.01 0.01
0 0.834375 0.286111 0.01 0.01
0 0.811719 0.172222 0.01 0.01
0 0.864062 0.159722 0.01 0.01
0 0.853906 0.109722 0.01 0.01
0 0.800000 0.093056 0.01 0.01
0 0.781250 0.026389 0.01 0.01
0 0.590625 0.202778 0.01 0.01
