0 0.817045 0.217753 0.01 0.01
0 0.821677 0.200106 0.01 0.01
0 0.811089 0.195400 0.01 0.01
0 0.817045 0.170694 0.01 0.01
0 0.816383 0.154224 0.01 0.01
0 0.823001 0.147165 0.01 0.01
0 0.815722 0.117753 0.01 0.01
0 0.804471 0.091871 0.01 0.01
0 0.798516 0.051871 0.01 0.01
0 0.796530 0.087165 0.01 0.01
0 0.790574 0.069518 0.01 0.01
0 0.783295 0.071871 0.01 0.01
0 0.768074 0.061283 0.01 0.01
0 0.764766 0.054224 0.01 0.01
0 0.760133 0.055400 0.01 0.01
0 0.747560 0.018930 0.01 0.01
0 0.744913 0.050694 0.01 0.01
0 0.756163 0.068342 0.01 0.01
0 0.760795 0.078930 0.01 0.01
0 0.720427 0.115400 0.01 0.01
0 0.730354 0.057753 0.01 0.01
0 0.720427 0.067165 0.01 0.01
0 0.711824 0.045989 0.01 0.01
0 0.713810 0.035400 0.01 0.01
0 0.686016 0.090694 0.01 0.01
0 0.672780 0.109518 0.01 0.01
0 0.658222 0.056577 0.01 0.01
0 0.640354 0.051871 0.01 0.01
0 0.628442 0.058930 0.01 0.01
0 0.621163 0.074224 0.01 0.01
0 0.600648 0.063636 0.01 0.01
0 0.591383 0.061283 0.01 0.01
0 0.584104 0.055400 0.01 0.01
0 0.583442 0.068342 0.01 0.01
0 0.576824 0.056577 0.01 0.01
0 0.566236 0.076577 0.01 0.01
0 0.503369 0.074224 0.01 0.01
0 0.503369 0.060106 0.01 0.01
0 0.511972 0.040106 0.01 0.01
0 0.450427 0.036577 0.01 0.01
0 0.447119 0.054224 0.01 0.01
0 0.441163 0.062459 0.01 0.01
0 0.423957 0.037753 0.01 0.01
0 0.480207 0.105989 0.01 0.01
0 0.383589 0.055400 0.01 0.01
0 0.367707 0.065989 0.01 0.01
0 0.329986 0.041283 0.01 0.01
0 0.334619 0.070694 0.01 0.01
0 0.306824 0.060106 0.01 0.01
0 0.299545 0.107165 0.01 0.01
0 0.286310 0.050694 0.01 0.01
0 0.273736 0.051871 0.01 0.01
0 0.272413 0.061283 0.01 0.01
0 0.256530 0.047165 0.01 0.01
0 0.251898 0.055400 0.01 0.01
0 0.247927 0.057753 0.01 0.01
0 0.243957 0.057753 0.01 0.01
0 0.237339 0.055400 0.01 0.01
0 0.230060 0.069518 0.01 0.01
0 0.226751 0.049518 0.01 0.01
0 0.222119 0.065989 0.01 0.01
0 0.208222 0.070694 0.01 0.01
0 0.195648 0.030694 0.01 0.01
0 0.194986 0.043636 0.01 0.01
0 0.167854 0.043636 0.01 0.01
0 0.155280 0.051871 0.01 0.01
0 0.148001 0.067165 0.01 0.01
0 0.189030 0.089518 0.01 0.01
0 0.185060 0.098930 0.01 0.01
0 0.189692 0.102459 0.01 0.01
0 0.192339 0.113047 0.01 0.01
0 0.181089 0.117753 0.01 0.01
0 0.208222 0.141283 0.01 0.01
0 0.216824 0.141283 0.01 0.01
0 0.182413 0.181283 0.01 0.01
0 0.177780 0.234224 0.01 0.01
0 0.171163 0.263636 0.01 0.01
0 0.182413 0.270694 0.01 0.01
0 0.181751 0.293047 0.01 0.01
0 0.181089 0.308342 0.01 0.01
0 0.200280 0.261283 0.01 0.01
0 0.228736 0.238930 0.01 0.01
0 0.250574 0.224812 0.01 0.01
0 0.182413 0.378930 0.01 0.01
0 0.220795 0.345989 0.01 0.01
0 0.237339 0.363636 0.01 0.01
0 0.228074 0.425989 0.01 0.01
0 0.228074 0.436577 0.01 0.01
0 0.221457 0.428342 0.01 0.01
0 0.208222 0.453047 0.01 0.01
0 0.183074 0.449518 0.01 0.01
0 0.173148 0.430694 0.01 0.01
0 0.163222 0.484812 0.01 0.01
0 0.140722 0.364812 0.01 0.01
0 0.131457 0.627165 0.01 0.01
0 0.182413 0.482459 0.01 0.01
0 0.177780 0.525989 0.01 0.01
0 0.222780 0.510694 0.01 0.01
0 0.238663 0.561283 0.01 0.01
0 0.230722 0.589518 0.01 0.01
0 0.180427 0.556577 0.01 0.01
0 0.181089 0.570694 0.01 0.01
0 0.176457 0.564812 0.01 0.01
0 0.174472 0.598930 0.01 0.01
0 0.178442 0.622459 0.01 0.01
0 0.171824 0.642459 0.01 0.01
0 0.175795 0.675400 0.01 0.01
0 0.181751 0.688341 0.01 0.01
0 0.180427 0.715400 0.01 0.01
0 0.175133 0.735400 0.01 0.01
0 0.169177 0.767165 0.01 0.01
0 0.169177 0.794224 0.01 0.01
0 0.159251 0.856577 0.01 0.01
0 0.207560 0.890694 0.01 0.01
0 0.219471 0.850694 0.01 0.01
0 0.210869 0.828341 0.01 0.01
0 0.212854 0.815400 0.01 0.01
0 0.191016 0.809518 0.01 0.01
0 0.186383 0.795400 0.01 0.01
0 0.189692 0.791871 0.01 0.01
0 0.204251 0.764812 0.01 0.01
0 0.216163 0.775400 0.01 0.01
0 0.241310 0.771871 0.01 0.01
0 0.244619 0.747165 0.01 0.01
0 0.247927 0.718930 0.01 0.01
0 0.237339 0.713047 0.01 0.01
0 0.232045 0.844812 0.01 0.01
0 0.251898 0.836577 0.01 0.01
0 0.248589 0.849518 0.01 0.01
0 0.267119 0.842459 0.01 0.01
0 0.279030 0.842459 0.01 0.01
0 0.310795 0.843636 0.01 0.01
0 0.341898 0.858930 0.01 0.01
0 0.411383 0.842459 0.01 0.01
0 0.434545 0.836577 0.01 0.01
0 0.450427 0.844812 0.01 0.01
0 0.474251 0.851871 0.01 0.01
0 0.531824 0.840106 0.01 0.01
0 0.565574 0.874224 0.01 0.01
0 0.586089 0.837753 0.01 0.01
0 0.593369 0.882459 0.01 0.01
0 0.626457 0.844812 0.01 0.01
0 0.641016 0.836577 0.01 0.01
0 0.650280 0.841283 0.01 0.01
0 0.693295 0.878930 0.01 0.01
0 0.729692 0.844812 0.01 0.01
0 0.733001 0.842459 0.01 0.01
0 0.746236 0.838930 0.01 0.01
0 0.768074 0.838930 0.01 0.01
0 0.727707 0.822459 0.01 0.01
0 0.715133 0.781283 0.01 0.01
0 0.842854 0.816577 0.01 0.01
0 0.811751 0.810694 0.01 0.01
0 0.815060 0.791871 0.01 0.01
0 0.815722 0.774224 0.01 0.01
0 0.822339 0.756577 0.01 0.01
0 0.824986 0.753047 0.01 0.01
0 0.835574 0.733047 0.01 0.01
0 0.796530 0.698930 0.01 0.01
0 0.789251 0.665989 0.01 0.01
0 0.750869 0.705989 0.01 0.01
0 0.700574 0.685989 0.01 0.01
0 0.694619 0.681283 0.01 0.01
0 0.696604 0.623636 0.01 0.01
0 0.737633 0.622459 0.01 0.01
0 0.748222 0.516577 0.01 0.01
0 0.714472 0.525989 0.01 0.01
0 0.824986 0.568341 0.01 0.01
0 0.854104 0.567165 0.01 0.01
0 0.850795 0.529518 0.01 0.01
0 0.854104 0.467165 0.01 0.01
0 0.803148 0.540106 0.01 0.01
0 0.806457 0.509518 0.01 0.01
0 0.810427 0.509518 0.01 0.01
0 0.789251 0.458930 0.01 0.01
0 0.815060 0.354224 0.01 0.01
0 0.812413 0.285989 0.01 0.01
0 0.800501 0.261283 0.01 0.01
0 0.765427 0.358930 0.01 0.01
0 0.745574 0.360106 0.01 0.01
0 0.661530 0.222459 0.01 0.01
0 0.615207 0.241283 0.01 0.01
0 0.592707 0.235400 0.01 0.01
0 0.565574 0.209518 0.01 0.01
0 0.541751 0.195400 0.01 0.01
0 0.490795 0.165989 0.01 0.01
0 0.485501 0.157753 0.01 0.01
0 0.486824 0.208342 0.01 0.01
0 0.475574 0.149518 0.01 0.01
0 0.459692 0.156577 0.01 0.01
0 0.424619 0.257753 0.01 0.01
0 0.375648 0.265989 0.01 0.01
0 0.308148 0.228342 0.01 0.01
0 0.429913 0.345989 0.01 0.01
0 0.455722 0.321283 0.01 0.01
0 0.464986 0.387165 0.01 0.01
0 0.427266 0.396577 0.01 0.01
0 0.450427 0.478930 0.01 0.01
0 0.349177 0.434224 0.01 0.01
0 0.282339 0.473047 0.01 0.01
0 0.279692 0.614224 0.01 0.01
0 0.268442 0.591871 0.01 0.01
0 0.281016 0.702459 0.01 0.01
0 0.322707 0.625989 0.01 0.01
0 0.310133 0.569518 0.01 0.01
0 0.310795 0.540106 0.01 0.01
0 0.376972 0.544812 0.01 0.01
0 0.383589 0.576577 0.01 0.01
0 0.387560 0.570694 0.01 0.01
0 0.396163 0.610694 0.01 0.01
0 0.372339 0.602459 0.01 0.01
0 0.380280 0.720106 0.01 0.01
0 0.396824 0.668342 0.01 0.01
0 0.418001 0.678930 0.01 0.01
0 0.463001 0.697753 0.01 0.01
0 0.478222 0.728342 0.01 0.01
0 0.472927 0.777753 0.01 0.01
0 0.539104 0.773047 0.01 0.01
0 0.581457 0.757753 0.01 0.01
0 0.572192 0.674224 0.01 0.01
0 0.560942 0.647165 0.01 0.01
0 0.570869 0.605989 0.01 0.01
0 0.515942 0.701283 0.01 0.01
0 0.529839 0.637753 0.01 0.01
0 0.496089 0.674224 0.01 0.01
0 0.482854 0.617753 0.01 0.01
0 0.457707 0.591871 0.01 0.01
0 0.486824 0.547165 0.01 0.01
0 0.486824 0.522459 0.01 0.01
0 0.484839 0.508341 0.01 0.01
0 0.554324 0.454224 0.01 0.01
0 0.606604 0.533047 0.01 0.01
0 0.609251 0.509518 0.01 0.01
0 0.647633 0.480106 0.01 0.01
0 0.672119 0.443636 0.01 0.01
0 0.677413 0.324812 0.01 0.01
0 0.519251 0.273047 0.01 0.01
0 0.519913 0.323636 0.01 0.01
0 0.533148 0.308342 0.01 0.01
0 0.547045 0.261283 0.01 0.01
0 0.579471 0.304812 0.01 0.01
0 0.564913 0.353047 0.01 0.01
0 0.592045 0.354224 0.01 0.01
0 0.629766 0.395400 0.01 0.01
0 0.651604 0.370694 0.01 0.01
0 0.323369 0.853047 0.01 0.01
