0 0.239844 0.554167 0.01 0.01
0 0.297656 0.511111 0.01 0.01
0 0.230469 0.404167 0.01 0.01
0 0.232812 0.251389 0.01 0.01
0 0.236719 0.194444 0.01 0.01
0 0.229687 0.169444 0.01 0.01
0 0.228906 0.098611 0.01 0.01
0 0.253125 0.151389 0.01 0.01
0 0.279687 0.166667 0.01 0.01
0 0.311719 0.125000 0.01 0.01
0 0.353906 0.133333 0.01 0.01
0 0.357812 0.120833 0.01 0.01
0 0.496094 0.186111 0.01 0.01
0 0.523438 0.130556 0.01 0.01
0 0.570312 0.109722 0.01 0.01
0 0.650000 0.165278 0.01 0.01
0 0.660937 0.147222 0.01 0.01
0 0.721094 0.133333 0.01 0.01
0 0.724219 0.120833 0.01 0.01
0 0.803125 0.093056 0.01 0.01
0 0.831250 0.141667 0.01 0.01
0 0.853125 0.165278 0.01 0.01
0 0.867188 0.200000 0.01 0.01
0 0.864844 0.212500 0.01 0.01
0 0.871094 0.250000 0.01 0.01
0 0.870313 0.291667 0.01 0.01
0 0.880469 0.301389 0.01 0.01
0 0.894531 0.268056 0.01 0.01
0 0.884375 0.379167 0.01 0.01
0 0.732031 0.308333 0.01 0.01
0 0.728125 0.318056 0.01 0.01
0 0.621875 0.220833 0.01 0.01
0 0.617188 0.265278 0.01 0.01
0 0.597656 0.306944 0.01 0.01
0 0.588281 0.255556 0.01 0.01
0 0.568750 0.273611 0.01 0.01
0 0.561719 0.258333 0.01 0.01
0 0.535937 0.275000 0.01 0.01
0 0.532812 0.248611 0.01 0.01
0 0.448438 0.308333 0.01 0.01
0 0.515625 0.433333 0.01 0.01
0 0.528125 0.451389 0.01 0.01
0 0.652344 0.390278 0.01 0.01
0 0.675781 0.330556 0.01 0.01
0 0.705469 0.468056 0.01 0.01
0 0.681250 0.523611 0.01 0.01
0 0.660937 0.470833 0.01 0.01
0 0.753906 0.587500 0.01 0.01
0 0.780469 0.526389 0.01 0.01
0 0.828906 0.576389 0.01 0.01
0 0.866406 0.623611 0.01 0.01
0 0.869531 0.601389 0.01 0.01
0 0.867188 0.731944 0.01 0.01
0 0.867188 0.811111 0.01 0.01
0 0.902344 0.858333 0.01 0.01
0 0.900000 0.909722 0.01 0.01
0 0.866406 0.902778 0.01 0.01
0 0.857031 0.898611 0.01 0.01
0 0.853125 0.901389 0.01 0.01
0 0.802344 0.941667 0.01 0.01
0 0.789844 0.941667 0.01 0.01
0 0.796094 0.919444 0.01 0.01
0 0.767969 0.936111 0.01 0.01
0 0.778906 0.904167 0.01 0.01
0 0.771875 0.870833 0.01 0.01
0 0.780469 0.802778 0.01 0.01
0 0.747656 0.765278 0.01 0.01
0 0.746875 0.825000 0.01 0.01
0 0.746094 0.840278 0.01 0.01
0 0.746875 0.905556 0.01 0.01
0 0.658594 0.818056 0.01 0.01
0 0.689062 0.730556 0.01 0.01
0 0.646875 0.712500 0.01 0.01
0 0.635156 0.798611 0.01 0.01
0 0.646094 0.911111 0.01 0.01
0 0.560938 0.927778 0.01 0.01
0 0.559375 0.906944 0.01 0.01
0 0.569531 0.759722 0.01 0.01
0 0.581250 0.693056 0.01 0.01
0 0.616406 0.651389 0.01 0.01
0 0.613281 0.579167 0.01 0.01
0 0.564062 0.613889 0.01 0.01
0 0.527344 0.583333 0.01 0.01
0 0.530469 0.655556 0.01 0.01
0 0.532031 0.683333 0.01 0.01
0 0.536719 0.711111 0.01 0.01
0 0.476562 0.777778 0.01 0.01
0 0.455469 0.904167 0.01 0.01
0 0.431250 0.863889 0.01 0.01
0 0.406250 0.841667 0.01 0.01
0 0.382812 0.812500 0.01 0.01
0 0.348437 0.793056 0.01 0.01
0 0.381250 0.897222 0.01 0.01
0 0.396875 0.920833 0.01 0.01
0 0.371094 0.904167 0.01 0.01
0 0.360156 0.906944 0.01 0.01
0 0.326562 0.900000 0.01 0.01
0 0.314063 0.901389 0.01 0.01
0 0.291406 0.904167 0.01 0.01
0 0.259375 0.944444 0.01 0.01
0 0.219531 0.934722 0.01 0.01
0 0.242969 0.879167 0.01 0.01
0 0.219531 0.866667 0.01 0.01
0 0.233594 0.863889 0.01 0.01
0 0.228125 0.850000 0.01 0.01
0 0.230469 0.843056 0.01 0.01
0 0.219531 0.819444 0.01 0.01
0 0.217969 0.797222 0.01 0.01
0 0.225000 0.759722 0.01 0.01
0 0.306250 0.772222 0.01 0.01
0 0.383594 0.727778 0.01 0.01
0 0.442187 0.704167 0.01 0.01
0 0.426562 0.604167 0.01 0.01
0 0.413281 0.537500 0.01 0.01
0 0.244531 0.677778 0.01 0.01
0 0.225781 0.669444 0.01 0.01
