0 0.786604 0.076577 0.01 0.01
0 0.781310 0.131871 0.01 0.01
0 0.791898 0.208342 0.01 0.01
0 0.852780 0.175400 0.01 0.01
0 0.824986 0.275400 0.01 0.01
0 0.846163 0.558930 0.01 0.01
0 0.869986 0.583636 0.01 0.01
0 0.852780 0.673047 0.01 0.01
0 0.846163 0.815400 0.01 0.01
0 0.840207 0.875400 0.01 0.01
0 0.770722 0.841283 0.01 0.01
0 0.632413 0.544812 0.01 0.01
0 0.723074 0.483636 0.01 0.01
0 0.719104 0.449518 0.01 0.01
0 0.694619 0.220106 0.01 0.01
0 0.628442 0.088342 0.01 0.01
0 0.576824 0.068342 0.01 0.01
0 0.604619 0.162459 0.01 0.01
0 0.492780 0.120106 0.01 0.01
0 0.324692 0.041283 0.01 0.01
0 0.288957 0.187165 0.01 0.01
0 0.393516 0.382459 0.01 0.01
0 0.369692 0.537753 0.01 0.01
0 0.425280 0.544812 0.01 0.01
0 0.470942 0.694224 0.01 0.01
0 0.477560 0.907165 0.01 0.01
0 0.486824 0.949518 0.01 0.01
0 0.543736 0.829518 0.01 0.01
0 0.386898 0.740106 0.01 0.01
0 0.208222 0.664812 0.01 0.01
0 0.343883 0.938930 0.01 0.01
