0 0.274219 0.261111 0.01 0.01
0 0.296875 0.205556 0.01 0.01
0 0.474219 0.037500 0.01 0.01
0 0.513281 0.422222 0.01 0.01
0 0.620313 0.358333 0.01 0.01
0 0.647656 0.254167 0.01 0.01
0 0.679688 0.370833 0.01 0.01
0 0.668750 0.452778 0.01 0.01
0 0.773438 0.197222 0.01 0.01
0 0.732813 0.198611 0.01 0.01
0 0.787500 0.061111 0.01 0.01
0 0.864062 0.276389 0.01 0.01
0 0.841406 0.386111 0.01 0.01
0 0.864844 0.586111 0.01 0.01
0 0.869531 0.756944 0.01 0.01
0 0.710156 0.591667 0.01 0.01
0 0.478906 0.679167 0.01 0.01
0 0.389844 0.526389 0.01 0.01
0 0.372656 0.451389 0.01 0.01
0 0.229687 0.620833 0.01 0.01
0 0.450000 0.823611 0.01 0.01
0 0.434375 0.770833 0.01 0.01
0 0.401563 0.734722 0.01 0.01
0 0.546875 0.808333 0.01 0.01
0 0.600000 0.855556 0.01 0.01
0 0.711719 0.848611 0.01 0.01
0 0.801562 0.937500 0.01 0.01
0 0.862500 0.862500 0.01 0.01
