0 0.780648 0.913047 0.01 0.01
0 0.758148 0.870694 0.01 0.01
0 0.772707 0.855400 0.01 0.01
0 0.807780 0.851871 0.01 0.01
0 0.844839 0.876577 0.01 0.01
0 0.819030 0.814224 0.01 0.01
0 0.819030 0.788342 0.01 0.01
0 0.824986 0.783636 0.01 0.01
0 0.807780 0.782459 0.01 0.01
0 0.791236 0.777753 0.01 0.01
0 0.822339 0.740106 0.01 0.01
0 0.824324 0.701283 0.01 0.01
0 0.856751 0.617753 0.01 0.01
0 0.831604 0.587165 0.01 0.01
0 0.809766 0.568341 0.01 0.01
0 0.815060 0.528342 0.01 0.01
0 0.807119 0.533047 0.01 0.01
0 0.854104 0.478930 0.01 0.01
0 0.853442 0.408342 0.01 0.01
0 0.819692 0.307165 0.01 0.01
0 0.816383 0.305989 0.01 0.01
0 0.822339 0.291871 0.01 0.01
0 0.768074 0.269518 0.01 0.01
0 0.819692 0.230694 0.01 0.01
0 0.819692 0.208342 0.01 0.01
0 0.820354 0.182459 0.01 0.01
0 0.830280 0.153047 0.01 0.01
0 0.817045 0.143636 0.01 0.01
0 0.811089 0.107165 0.01 0.01
0 0.804471 0.108342 0.01 0.01
0 0.799839 0.087165 0.01 0.01
0 0.803148 0.065989 0.01 0.01
0 0.772045 0.085989 0.01 0.01
0 0.764766 0.076577 0.01 0.01
0 0.758148 0.073047 0.01 0.01
0 0.756163 0.075400 0.01 0.01
0 0.746898 0.068342 0.01 0.01
0 0.738295 0.065989 0.01 0.01
0 0.740280 0.050694 0.01 0.01
0 0.762780 0.107165 0.01 0.01
0 0.767413 0.171871 0.01 0.01
0 0.733663 0.138930 0.01 0.01
0 0.715795 0.134224 0.01 0.01
0 0.670795 0.163636 0.01 0.01
0 0.677413 0.128342 0.01 0.01
0 0.650942 0.121283 0.01 0.01
0 0.659545 0.074224 0.01 0.01
0 0.637707 0.077753 0.01 0.01
0 0.618516 0.076577 0.01 0.01
0 0.607927 0.069518 0.01 0.01
0 0.600648 0.082459 0.01 0.01
0 0.586751 0.071871 0.01 0.01
0 0.564251 0.076577 0.01 0.01
0 0.550354 0.075400 0.01 0.01
0 0.539766 0.097753 0.01 0.01
0 0.511310 0.118930 0.01 0.01
0 0.517266 0.073047 0.01 0.01
0 0.512633 0.057753 0.01 0.01
0 0.478222 0.069518 0.01 0.01
0 0.447119 0.076577 0.01 0.01
0 0.480869 0.116577 0.01 0.01
0 0.492119 0.190694 0.01 0.01
0 0.461016 0.169518 0.01 0.01
0 0.521898 0.178930 0.01 0.01
0 0.613883 0.244812 0.01 0.01
0 0.598663 0.273047 0.01 0.01
0 0.671457 0.349518 0.01 0.01
0 0.691310 0.323636 0.01 0.01
0 0.675427 0.433047 0.01 0.01
0 0.656236 0.391871 0.01 0.01
0 0.721751 0.431871 0.01 0.01
0 0.747560 0.450694 0.01 0.01
0 0.748883 0.521283 0.01 0.01
0 0.756824 0.571871 0.01 0.01
0 0.738295 0.637753 0.01 0.01
0 0.757486 0.737753 0.01 0.01
0 0.707192 0.704812 0.01 0.01
0 0.695942 0.698930 0.01 0.01
0 0.698589 0.642459 0.01 0.01
0 0.722413 0.803636 0.01 0.01
0 0.728369 0.869518 0.01 0.01
0 0.693295 0.863636 0.01 0.01
0 0.654251 0.858930 0.01 0.01
0 0.637045 0.841283 0.01 0.01
0 0.623810 0.871871 0.01 0.01
0 0.573516 0.910694 0.01 0.01
0 0.556310 0.861283 0.01 0.01
0 0.575501 0.842459 0.01 0.01
0 0.582119 0.858930 0.01 0.01
0 0.600648 0.775400 0.01 0.01
0 0.578810 0.780106 0.01 0.01
0 0.572854 0.703636 0.01 0.01
0 0.558295 0.663636 0.01 0.01
0 0.573516 0.617753 0.01 0.01
0 0.601972 0.573047 0.01 0.01
0 0.601972 0.542459 0.01 0.01
0 0.648957 0.495400 0.01 0.01
0 0.570207 0.500106 0.01 0.01
0 0.601310 0.457753 0.01 0.01
0 0.608589 0.440106 0.01 0.01
0 0.627780 0.413047 0.01 0.01
0 0.590060 0.437753 0.01 0.01
0 0.555648 0.398930 0.01 0.01
0 0.551016 0.355400 0.01 0.01
0 0.547707 0.333047 0.01 0.01
0 0.529839 0.311871 0.01 0.01
0 0.521898 0.351871 0.01 0.01
0 0.499398 0.336577 0.01 0.01
0 0.485501 0.296577 0.01 0.01
0 0.464324 0.288341 0.01 0.01
0 0.434545 0.229518 0.01 0.01
0 0.404766 0.303636 0.01 0.01
0 0.408074 0.400106 0.01 0.01
0 0.424619 0.434224 0.01 0.01
0 0.431898 0.375400 0.01 0.01
0 0.466310 0.348341 0.01 0.01
0 0.465648 0.407165 0.01 0.01
0 0.497413 0.491871 0.01 0.01
0 0.494104 0.530694 0.01 0.01
0 0.484177 0.536577 0.01 0.01
0 0.482854 0.561283 0.01 0.01
0 0.479545 0.580106 0.01 0.01
0 0.468295 0.631871 0.01 0.01
0 0.518589 0.664812 0.01 0.01
0 0.517266 0.703636 0.01 0.01
0 0.483516 0.724812 0.01 0.01
0 0.527192 0.783636 0.01 0.01
0 0.474913 0.797753 0.01 0.01
0 0.472266 0.840106 0.01 0.01
0 0.457045 0.858930 0.01 0.01
0 0.449104 0.837753 0.01 0.01
0 0.427266 0.862459 0.01 0.01
0 0.402119 0.808341 0.01 0.01
0 0.392854 0.751871 0.01 0.01
0 0.424619 0.727165 0.01 0.01
0 0.443148 0.690694 0.01 0.01
0 0.402780 0.636577 0.01 0.01
0 0.388222 0.594224 0.01 0.01
0 0.376310 0.573047 0.01 0.01
0 0.358442 0.498930 0.01 0.01
0 0.300207 0.530694 0.01 0.01
0 0.299545 0.576577 0.01 0.01
0 0.306824 0.591871 0.01 0.01
0 0.312780 0.567165 0.01 0.01
0 0.361089 0.661283 0.01 0.01
0 0.340574 0.685989 0.01 0.01
0 0.319398 0.647165 0.01 0.01
0 0.281016 0.643636 0.01 0.01
0 0.269104 0.618930 0.01 0.01
0 0.241972 0.589518 0.01 0.01
0 0.249251 0.735400 0.01 0.01
0 0.237339 0.735400 0.01 0.01
0 0.257854 0.760106 0.01 0.01
0 0.273736 0.843636 0.01 0.01
0 0.266457 0.869518 0.01 0.01
0 0.296898 0.871871 0.01 0.01
0 0.241310 0.925989 0.01 0.01
0 0.228074 0.876577 0.01 0.01
0 0.220133 0.884812 0.01 0.01
0 0.217486 0.856577 0.01 0.01
0 0.210207 0.854224 0.01 0.01
0 0.245942 0.863636 0.01 0.01
0 0.245942 0.816577 0.01 0.01
0 0.238663 0.811871 0.01 0.01
0 0.222780 0.758930 0.01 0.01
0 0.217486 0.797753 0.01 0.01
0 0.211530 0.804812 0.01 0.01
0 0.199619 0.835400 0.01 0.01
0 0.148663 0.841283 0.01 0.01
0 0.181089 0.811871 0.01 0.01
0 0.189692 0.802459 0.01 0.01
0 0.179766 0.781283 0.01 0.01
0 0.176457 0.747165 0.01 0.01
0 0.178442 0.703636 0.01 0.01
0 0.179766 0.684812 0.01 0.01
0 0.191677 0.638930 0.01 0.01
0 0.183074 0.648341 0.01 0.01
0 0.178442 0.658930 0.01 0.01
0 0.183736 0.634224 0.01 0.01
0 0.160574 0.642459 0.01 0.01
0 0.131457 0.631871 0.01 0.01
0 0.207560 0.568341 0.01 0.01
0 0.183074 0.587165 0.01 0.01
0 0.179766 0.574224 0.01 0.01
0 0.179766 0.558930 0.01 0.01
0 0.181751 0.542459 0.01 0.01
0 0.189030 0.555400 0.01 0.01
0 0.191016 0.525989 0.01 0.01
0 0.199619 0.497753 0.01 0.01
0 0.228074 0.461283 0.01 0.01
0 0.181089 0.458930 0.01 0.01
0 0.177119 0.470694 0.01 0.01
0 0.181089 0.422459 0.01 0.01
0 0.271751 0.400106 0.01 0.01
0 0.253222 0.323636 0.01 0.01
0 0.227413 0.296577 0.01 0.01
0 0.196310 0.295400 0.01 0.01
0 0.191677 0.295400 0.01 0.01
0 0.183074 0.289518 0.01 0.01
0 0.178442 0.318930 0.01 0.01
0 0.185060 0.351871 0.01 0.01
0 0.181089 0.374224 0.01 0.01
0 0.134766 0.333047 0.01 0.01
0 0.175133 0.273047 0.01 0.01
0 0.176457 0.235400 0.01 0.01
0 0.181089 0.178930 0.01 0.01
0 0.177780 0.155400 0.01 0.01
0 0.168516 0.073047 0.01 0.01
0 0.165207 0.058930 0.01 0.01
0 0.181089 0.049518 0.01 0.01
0 0.191677 0.061283 0.01 0.01
0 0.216163 0.049518 0.01 0.01
0 0.181751 0.124812 0.01 0.01
0 0.187707 0.128342 0.01 0.01
0 0.199619 0.135400 0.01 0.01
0 0.207560 0.163636 0.01 0.01
0 0.227413 0.153047 0.01 0.01
0 0.210869 0.120106 0.01 0.01
0 0.201604 0.100106 0.01 0.01
0 0.226089 0.089518 0.01 0.01
0 0.234030 0.085989 0.01 0.01
0 0.232045 0.077753 0.01 0.01
0 0.248589 0.077753 0.01 0.01
0 0.269104 0.076577 0.01 0.01
0 0.277707 0.089518 0.01 0.01
0 0.277707 0.083636 0.01 0.01
0 0.277707 0.069518 0.01 0.01
0 0.300869 0.076577 0.01 0.01
0 0.306824 0.081283 0.01 0.01
0 0.324030 0.094224 0.01 0.01
0 0.335280 0.108342 0.01 0.01
0 0.333295 0.087165 0.01 0.01
0 0.345207 0.075400 0.01 0.01
0 0.398148 0.074224 0.01 0.01
0 0.416016 0.069518 0.01 0.01
0 0.313442 0.135400 0.01 0.01
0 0.331310 0.185989 0.01 0.01
0 0.290942 0.225989 0.01 0.01
0 0.827633 0.508341 0.01 0.01
