0 0.232812 0.029167 0.01 0.01
0 0.292969 0.179167 0.01 0.01
0 0.514844 0.181944 0.01 0.01
0 0.400781 0.366667 0.01 0.01
0 0.427344 0.533333 0.01 0.01
0 0.372656 0.548611 0.01 0.01
0 0.515625 0.648611 0.01 0.01
0 0.545313 0.840278 0.01 0.01
0 0.467969 0.856944 0.01 0.01
0 0.325781 0.918056 0.01 0.01
0 0.215625 0.686111 0.01 0.01
0 0.540625 0.940278 0.01 0.01
0 0.842969 0.865278 0.01 0.01
0 0.852344 0.806944 0.01 0.01
0 0.771094 0.829167 0.01 0.01
0 0.858594 0.598611 0.01 0.01
0 0.835156 0.518056 0.01 0.01
0 0.744531 0.431944 0.01 0.01
0 0.728125 0.431944 0.01 0.01
0 0.631250 0.545833 0.01 0.01
0 0.851562 0.211111 0.01 0.01
0 0.853125 0.131944 0.01 0.01
0 0.789844 0.083333 0.01 0.01
0 0.789844 0.066667 0.01 0.01
0 0.631250 0.075000 0.01 0.01
0 0.624219 0.080556 0.01 0.01
0 0.716406 0.152778 0.01 0.01
0 0.792969 0.200000 0.01 0.01
