0 0.223438 0.045833 0.01 0.01
0 0.252344 0.113889 0.01 0.01
0 0.232031 0.136111 0.01 0.01
0 0.229687 0.141667 0.01 0.01
0 0.222656 0.156944 0.01 0.01
0 0.222656 0.200000 0.01 0.01
0 0.271094 0.161111 0.01 0.01
0 0.302344 0.087500 0.01 0.01
0 0.378125 0.225000 0.01 0.01
0 0.269531 0.345833 0.01 0.01
0 0.401563 0.148611 0.01 0.01
0 0.428906 0.111111 0.01 0.01
0 0.474219 0.168056 0.01 0.01
0 0.478125 0.152778 0.01 0.01
0 0.504687 0.206944 0.01 0.01
0 0.520312 0.240278 0.01 0.01
0 0.525781 0.216667 0.01 0.01
0 0.553906 0.172222 0.01 0.01
0 0.528906 0.100000 0.01 0.01
0 0.592969 0.098611 0.01 0.01
0 0.634375 0.129167 0.01 0.01
0 0.596875 0.219444 0.01 0.01
0 0.590625 0.252778 0.01 0.01
0 0.580469 0.233333 0.01 0.01
0 0.688281 0.177778 0.01 0.01
0 0.740625 0.104167 0.01 0.01
0 0.780469 0.118056 0.01 0.01
0 0.816406 0.112500 0.01 0.01
0 0.830469 0.120833 0.01 0.01
0 0.853906 0.131944 0.01 0.01
0 0.855469 0.144444 0.01 0.01
0 0.866406 0.158333 0.01 0.01
0 0.867188 0.198611 0.01 0.01
0 0.872656 0.208333 0.01 0.01
0 0.872656 0.258333 0.01 0.01
0 0.857813 0.280556 0.01 0.01
0 0.851562 0.213889 0.01 0.01
0 0.786719 0.245833 0.01 0.01
0 0.811719 0.327778 0.01 0.01
0 0.867969 0.479167 0.01 0.01
0 0.817969 0.565278 0.01 0.01
0 0.771875 0.506944 0.01 0.01
0 0.758594 0.575000 0.01 0.01
0 0.660156 0.438889 0.01 0.01
0 0.643750 0.430556 0.01 0.01
0 0.590625 0.480556 0.01 0.01
0 0.585938 0.541667 0.01 0.01
0 0.522656 0.466667 0.01 0.01
0 0.409375 0.438889 0.01 0.01
0 0.367969 0.525000 0.01 0.01
0 0.863281 0.606944 0.01 0.01
0 0.876562 0.675000 0.01 0.01
0 0.860937 0.713889 0.01 0.01
0 0.850781 0.841667 0.01 0.01
0 0.850781 0.872222 0.01 0.01
0 0.825000 0.865278 0.01 0.01
0 0.896094 0.880556 0.01 0.01
0 0.885938 0.918056 0.01 0.01
0 0.781250 0.926389 0.01 0.01
0 0.773438 0.913889 0.01 0.01
0 0.765625 0.922222 0.01 0.01
0 0.750781 0.905556 0.01 0.01
0 0.729688 0.908333 0.01 0.01
0 0.721875 0.900000 0.01 0.01
0 0.738281 0.865278 0.01 0.01
0 0.768750 0.820833 0.01 0.01
0 0.774219 0.786111 0.01 0.01
0 0.748438 0.770833 0.01 0.01
0 0.746875 0.744444 0.01 0.01
0 0.725781 0.650000 0.01 0.01
0 0.716406 0.641667 0.01 0.01
0 0.685938 0.641667 0.01 0.01
0 0.629687 0.705556 0.01 0.01
0 0.641406 0.788889 0.01 0.01
0 0.615625 0.876389 0.01 0.01
0 0.565625 0.852778 0.01 0.01
0 0.561719 0.890278 0.01 0.01
0 0.553125 0.915278 0.01 0.01
0 0.589063 0.725000 0.01 0.01
0 0.610937 0.665278 0.01 0.01
0 0.612500 0.647222 0.01 0.01
0 0.575000 0.665278 0.01 0.01
0 0.561719 0.634722 0.01 0.01
0 0.525781 0.645833 0.01 0.01
0 0.508594 0.750000 0.01 0.01
0 0.475000 0.811111 0.01 0.01
0 0.481250 0.879167 0.01 0.01
0 0.455469 0.886111 0.01 0.01
0 0.431250 0.886111 0.01 0.01
0 0.385156 0.901389 0.01 0.01
0 0.371875 0.880556 0.01 0.01
0 0.358594 0.883333 0.01 0.01
0 0.321094 0.865278 0.01 0.01
0 0.302344 0.875000 0.01 0.01
0 0.277344 0.879167 0.01 0.01
0 0.262500 0.879167 0.01 0.01
0 0.250000 0.891667 0.01 0.01
0 0.186719 0.872222 0.01 0.01
0 0.227344 0.848611 0.01 0.01
0 0.218750 0.818056 0.01 0.01
0 0.205469 0.783333 0.01 0.01
0 0.212500 0.765278 0.01 0.01
0 0.211719 0.745833 0.01 0.01
0 0.210156 0.702778 0.01 0.01
0 0.215625 0.640278 0.01 0.01
0 0.271094 0.594444 0.01 0.01
0 0.250781 0.763889 0.01 0.01
0 0.294531 0.751389 0.01 0.01
0 0.306250 0.729167 0.01 0.01
0 0.335938 0.772222 0.01 0.01
0 0.348437 0.775000 0.01 0.01
0 0.348437 0.743056 0.01 0.01
0 0.378125 0.702778 0.01 0.01
0 0.367188 0.802778 0.01 0.01
0 0.442187 0.658333 0.01 0.01
0 0.442969 0.598611 0.01 0.01
0 0.479688 0.570833 0.01 0.01
0 0.487500 0.547222 0.01 0.01
