0 0.798437 0.087500 0.01 0.01
0 0.802344 0.055556 0.01 0.01
0 0.790625 0.080556 0.01 0.01
0 0.776563 0.081944 0.01 0.01
0 0.764844 0.077778 0.01 0.01
0 0.767187 0.059722 0.01 0.01
0 0.758594 0.062500 0.01 0.01
0 0.754687 0.059722 0.01 0.01
0 0.749219 0.069444 0.01 0.01
0 0.732031 0.068056 0.01 0.01
0 0.721094 0.069444 0.01 0.01
0 0.716406 0.041667 0.01 0.01
0 0.751562 0.031944 0.01 0.01
0 0.730469 0.131944 0.01 0.01
0 0.682813 0.113889 0.01 0.01
0 0.676562 0.116667 0.01 0.01
0 0.656250 0.068056 0.01 0.01
0 0.636719 0.059722 0.01 0.01
0 0.635938 0.086111 0.01 0.01
0 0.625000 0.062500 0.01 0.01
0 0.599219 0.068056 0.01 0.01
0 0.590625 0.072222 0.01 0.01
0 0.582031 0.070833 0.01 0.01
0 0.576563 0.068056 0.01 0.01
0 0.572656 0.066667 0.01 0.01
0 0.564844 0.070833 0.01 0.01
0 0.513281 0.048611 0.01 0.01
0 0.508594 0.091667 0.01 0.01
0 0.481250 0.106944 0.01 0.01
0 0.474219 0.054167 0.01 0.01
0 0.460938 0.068056 0.01 0.01
0 0.444531 0.069444 0.01 0.01
0 0.444531 0.048611 0.01 0.01
0 0.418750 0.051389 0.01 0.01
0 0.412500 0.062500 0.01 0.01
0 0.390625 0.062500 0.01 0.01
0 0.356250 0.088889 0.01 0.01
0 0.457031 0.173611 0.01 0.01
0 0.467969 0.159722 0.01 0.01
0 0.485156 0.168056 0.01 0.01
0 0.492969 0.176389 0.01 0.01
0 0.482812 0.219444 0.01 0.01
0 0.410937 0.293056 0.01 0.01
0 0.372656 0.276389 0.01 0.01
0 0.428906 0.352778 0.01 0.01
0 0.455469 0.337500 0.01 0.01
0 0.464844 0.395833 0.01 0.01
0 0.427344 0.415278 0.01 0.01
0 0.453906 0.488889 0.01 0.01
0 0.550000 0.462500 0.01 0.01
0 0.560938 0.359722 0.01 0.01
0 0.527344 0.336111 0.01 0.01
0 0.532812 0.318056 0.01 0.01
0 0.510156 0.284722 0.01 0.01
0 0.548437 0.231944 0.01 0.01
0 0.536719 0.202778 0.01 0.01
0 0.596875 0.231944 0.01 0.01
0 0.571094 0.306944 0.01 0.01
0 0.609375 0.294444 0.01 0.01
0 0.653906 0.229167 0.01 0.01
0 0.800000 0.126389 0.01 0.01
0 0.818750 0.130556 0.01 0.01
0 0.828125 0.150000 0.01 0.01
0 0.820312 0.152778 0.01 0.01
0 0.817969 0.168056 0.01 0.01
0 0.814062 0.202778 0.01 0.01
0 0.819531 0.213889 0.01 0.01
0 0.820312 0.225000 0.01 0.01
0 0.789844 0.270833 0.01 0.01
0 0.815625 0.293056 0.01 0.01
0 0.820312 0.351389 0.01 0.01
0 0.767187 0.397222 0.01 0.01
0 0.750000 0.404167 0.01 0.01
0 0.674219 0.330556 0.01 0.01
0 0.654688 0.377778 0.01 0.01
0 0.628125 0.400000 0.01 0.01
0 0.605469 0.363889 0.01 0.01
0 0.671875 0.447222 0.01 0.01
0 0.649219 0.481944 0.01 0.01
0 0.610156 0.516667 0.01 0.01
0 0.854688 0.450000 0.01 0.01
0 0.771094 0.455556 0.01 0.01
0 0.710938 0.476389 0.01 0.01
0 0.754687 0.541667 0.01 0.01
0 0.807813 0.518056 0.01 0.01
0 0.813281 0.515278 0.01 0.01
0 0.853125 0.522222 0.01 0.01
0 0.855469 0.586111 0.01 0.01
0 0.825000 0.573611 0.01 0.01
0 0.807813 0.547222 0.01 0.01
0 0.835156 0.738889 0.01 0.01
0 0.803906 0.713889 0.01 0.01
0 0.800000 0.708333 0.01 0.01
0 0.738281 0.626389 0.01 0.01
0 0.699219 0.630556 0.01 0.01
0 0.694531 0.686111 0.01 0.01
0 0.701563 0.693056 0.01 0.01
0 0.755469 0.720833 0.01 0.01
0 0.821875 0.759722 0.01 0.01
0 0.825000 0.768056 0.01 0.01
0 0.825000 0.777778 0.01 0.01
0 0.820312 0.780556 0.01 0.01
0 0.820312 0.802778 0.01 0.01
0 0.817969 0.822222 0.01 0.01
0 0.846875 0.829167 0.01 0.01
0 0.771875 0.844444 0.01 0.01
0 0.747656 0.850000 0.01 0.01
0 0.737500 0.852778 0.01 0.01
0 0.731250 0.850000 0.01 0.01
0 0.721094 0.841667 0.01 0.01
0 0.717188 0.888889 0.01 0.01
0 0.721094 0.786111 0.01 0.01
0 0.653906 0.844444 0.01 0.01
0 0.641406 0.850000 0.01 0.01
0 0.620313 0.847222 0.01 0.01
0 0.585938 0.884722 0.01 0.01
0 0.564062 0.891667 0.01 0.01
0 0.584375 0.848611 0.01 0.01
0 0.537500 0.851389 0.01 0.01
0 0.581250 0.768056 0.01 0.01
0 0.532031 0.779167 0.01 0.01
0 0.533594 0.725000 0.01 0.01
0 0.571875 0.691667 0.01 0.01
0 0.562500 0.655556 0.01 0.01
0 0.570312 0.609722 0.01 0.01
0 0.608594 0.541667 0.01 0.01
0 0.484375 0.551389 0.01 0.01
0 0.486719 0.525000 0.01 0.01
0 0.494531 0.518056 0.01 0.01
0 0.460938 0.600000 0.01 0.01
0 0.479688 0.620833 0.01 0.01
0 0.525781 0.661111 0.01 0.01
0 0.497656 0.683333 0.01 0.01
0 0.479688 0.730556 0.01 0.01
0 0.462500 0.730556 0.01 0.01
0 0.471875 0.784722 0.01 0.01
0 0.469531 0.859722 0.01 0.01
0 0.450000 0.851389 0.01 0.01
0 0.428125 0.836111 0.01 0.01
0 0.418750 0.848611 0.01 0.01
0 0.378125 0.722222 0.01 0.01
0 0.399219 0.672222 0.01 0.01
0 0.416406 0.684722 0.01 0.01
0 0.395312 0.647222 0.01 0.01
0 0.376563 0.616667 0.01 0.01
0 0.384375 0.593056 0.01 0.01
0 0.389062 0.579167 0.01 0.01
0 0.378906 0.556944 0.01 0.01
0 0.347656 0.451389 0.01 0.01
0 0.316406 0.868056 0.01 0.01
0 0.317969 0.861111 0.01 0.01
0 0.314063 0.852778 0.01 0.01
0 0.284375 0.852778 0.01 0.01
0 0.267969 0.852778 0.01 0.01
0 0.247656 0.848611 0.01 0.01
0 0.244531 0.855556 0.01 0.01
0 0.231250 0.858333 0.01 0.01
0 0.217969 0.863889 0.01 0.01
0 0.216406 0.908333 0.01 0.01
0 0.158594 0.861111 0.01 0.01
0 0.213281 0.838889 0.01 0.01
0 0.192188 0.819444 0.01 0.01
0 0.187500 0.802778 0.01 0.01
0 0.171875 0.802778 0.01 0.01
0 0.174219 0.766667 0.01 0.01
0 0.179688 0.727778 0.01 0.01
0 0.174219 0.709722 0.01 0.01
0 0.178125 0.690278 0.01 0.01
0 0.182031 0.694444 0.01 0.01
0 0.216406 0.783333 0.01 0.01
0 0.238281 0.801389 0.01 0.01
0 0.247656 0.800000 0.01 0.01
0 0.241406 0.765278 0.01 0.01
0 0.236719 0.719444 0.01 0.01
0 0.254687 0.713889 0.01 0.01
0 0.282813 0.645833 0.01 0.01
0 0.317969 0.631944 0.01 0.01
0 0.307031 0.576389 0.01 0.01
0 0.312500 0.552778 0.01 0.01
0 0.284375 0.493056 0.01 0.01
0 0.270312 0.605556 0.01 0.01
0 0.279687 0.627778 0.01 0.01
0 0.240625 0.573611 0.01 0.01
0 0.216406 0.584722 0.01 0.01
0 0.184375 0.566667 0.01 0.01
0 0.182812 0.587500 0.01 0.01
0 0.174219 0.570833 0.01 0.01
0 0.189063 0.619444 0.01 0.01
0 0.179688 0.620833 0.01 0.01
0 0.167969 0.650000 0.01 0.01
0 0.133594 0.627778 0.01 0.01
0 0.220313 0.531944 0.01 0.01
0 0.186719 0.518056 0.01 0.01
0 0.204688 0.497222 0.01 0.01
0 0.184375 0.491667 0.01 0.01
0 0.185937 0.481944 0.01 0.01
0 0.181250 0.470833 0.01 0.01
0 0.227344 0.445833 0.01 0.01
0 0.227344 0.425000 0.01 0.01
0 0.172656 0.444444 0.01 0.01
0 0.181250 0.398611 0.01 0.01
0 0.207031 0.362500 0.01 0.01
0 0.241406 0.362500 0.01 0.01
0 0.180469 0.323611 0.01 0.01
0 0.180469 0.300000 0.01 0.01
0 0.183594 0.276389 0.01 0.01
0 0.173438 0.268056 0.01 0.01
0 0.173438 0.245833 0.01 0.01
0 0.200000 0.273611 0.01 0.01
0 0.139062 0.351389 0.01 0.01
0 0.228125 0.247222 0.01 0.01
0 0.257812 0.219444 0.01 0.01
0 0.317187 0.241667 0.01 0.01
0 0.299219 0.109722 0.01 0.01
0 0.328125 0.083333 0.01 0.01
0 0.332031 0.052778 0.01 0.01
0 0.303906 0.066667 0.01 0.01
0 0.278906 0.062500 0.01 0.01
0 0.271875 0.072222 0.01 0.01
0 0.266406 0.054167 0.01 0.01
0 0.262500 0.069444 0.01 0.01
0 0.258594 0.063889 0.01 0.01
0 0.255469 0.056944 0.01 0.01
0 0.242188 0.066667 0.01 0.01
0 0.236719 0.063889 0.01 0.01
0 0.228906 0.062500 0.01 0.01
0 0.231250 0.075000 0.01 0.01
0 0.216406 0.083333 0.01 0.01
0 0.206250 0.076389 0.01 0.01
0 0.197656 0.054167 0.01 0.01
0 0.194531 0.047222 0.01 0.01
0 0.164062 0.054167 0.01 0.01
0 0.157031 0.052778 0.01 0.01
0 0.151562 0.073611 0.01 0.01
0 0.187500 0.095833 0.01 0.01
0 0.192188 0.105556 0.01 0.01
0 0.192188 0.120833 0.01 0.01
0 0.182031 0.116667 0.01 0.01
0 0.182031 0.133333 0.01 0.01
0 0.180469 0.187500 0.01 0.01
0 0.208594 0.152778 0.01 0.01
0 0.214844 0.148611 0.01 0.01
