0 0.778663 0.149518 0.01 0.01
0 0.783295 0.077753 0.01 0.01
0 0.780648 0.177753 0.01 0.01
0 0.851457 0.197753 0.01 0.01
0 0.822339 0.317753 0.01 0.01
0 0.850795 0.580106 0.01 0.01
0 0.852119 0.690694 0.01 0.01
0 0.847486 0.856577 0.01 0.01
0 0.842192 0.877753 0.01 0.01
0 0.754177 0.842459 0.01 0.01
0 0.721751 0.497753 0.01 0.01
0 0.715795 0.458930 0.01 0.01
0 0.639692 0.556577 0.01 0.01
0 0.674766 0.288341 0.01 0.01
0 0.637045 0.149518 0.01 0.01
0 0.613883 0.151871 0.01 0.01
0 0.542413 0.065989 0.01 0.01
0 0.453736 0.027165 0.01 0.01
0 0.452413 0.090694 0.01 0.01
0 0.400133 0.047165 0.01 0.01
0 0.298222 0.213047 0.01 0.01
0 0.381604 0.397753 0.01 0.01
0 0.371677 0.549518 0.01 0.01
0 0.210207 0.670694 0.01 0.01
0 0.386236 0.743636 0.01 0.01
0 0.359104 0.916577 0.01 0.01
0 0.459692 0.951871 0.01 0.01
0 0.498074 0.935400 0.01 0.01
0 0.543074 0.831871 0.01 0.01
0 0.457707 0.757753 0.01 0.01
0 0.468295 0.690694 0.01 0.01
