0 0.800501 0.928342 0.01 0.01
0 0.856089 0.858930 0.01 0.01
0 0.865354 0.836577 0.01 0.01
0 0.862707 0.584812 0.01 0.01
0 0.705207 0.633047 0.01 0.01
0 0.668810 0.442459 0.01 0.01
0 0.615869 0.329518 0.01 0.01
0 0.637045 0.275400 0.01 0.01
0 0.668810 0.317753 0.01 0.01
0 0.838883 0.391871 0.01 0.01
0 0.862045 0.301283 0.01 0.01
0 0.755501 0.208342 0.01 0.01
0 0.472266 0.040106 0.01 0.01
0 0.786604 0.060106 0.01 0.01
0 0.700574 0.185989 0.01 0.01
0 0.582780 0.498930 0.01 0.01
0 0.397486 0.501283 0.01 0.01
0 0.371016 0.474224 0.01 0.01
0 0.287633 0.318930 0.01 0.01
0 0.270427 0.136577 0.01 0.01
0 0.293589 0.233047 0.01 0.01
0 0.449104 0.709518 0.01 0.01
0 0.397486 0.728342 0.01 0.01
0 0.478222 0.684812 0.01 0.01
0 0.545060 0.809518 0.01 0.01
0 0.442486 0.810694 0.01 0.01
0 0.439839 0.935400 0.01 0.01
