0 0.786719 0.066667 0.01 0.01
0 0.775000 0.198611 0.01 0.01
0 0.862500 0.266667 0.01 0.01
0 0.839844 0.390278 0.01 0.01
0 0.652344 0.263889 0.01 0.01
0 0.685938 0.402778 0.01 0.01
0 0.668750 0.463889 0.01 0.01
0 0.625000 0.379167 0.01 0.01
0 0.514844 0.375000 0.01 0.01
0 0.481250 0.044444 0.01 0.01
0 0.311719 0.176389 0.01 0.01
0 0.283594 0.283333 0.01 0.01
0 0.375000 0.448611 0.01 0.01
0 0.620313 0.138889 0.01 0.01
0 0.861719 0.587500 0.01 0.01
0 0.867188 0.740278 0.01 0.01
0 0.860156 0.870833 0.01 0.01
0 0.705469 0.583333 0.01 0.01
0 0.803125 0.941667 0.01 0.01
0 0.720312 0.858333 0.01 0.01
0 0.582031 0.866667 0.01 0.01
0 0.547656 0.816667 0.01 0.01
0 0.450000 0.825000 0.01 0.01
0 0.434375 0.795833 0.01 0.01
0 0.405469 0.743056 0.01 0.01
0 0.479688 0.683333 0.01 0.01
0 0.391406 0.531944 0.01 0.01
0 0.232812 0.630556 0.01 0.01
0 0.253125 0.077778 0.01 0.01
