0 0.803810 0.194224 0.01 0.01
0 0.811089 0.180106 0.01 0.01
0 0.821016 0.150694 0.01 0.01
0 0.806457 0.160106 0.01 0.01
0 0.808442 0.140106 0.01 0.01
0 0.808442 0.125989 0.01 0.01
0 0.812413 0.116577 0.01 0.01
0 0.804471 0.110694 0.01 0.01
0 0.789913 0.082459 0.01 0.01
0 0.791898 0.068342 0.01 0.01
0 0.765427 0.091871 0.01 0.01
0 0.761457 0.074224 0.01 0.01
0 0.757486 0.070694 0.01 0.01
0 0.747560 0.070694 0.01 0.01
0 0.739619 0.073047 0.01 0.01
0 0.728369 0.070694 0.01 0.01
0 0.713148 0.055400 0.01 0.01
0 0.703221 0.077753 0.01 0.01
0 0.702560 0.067165 0.01 0.01
0 0.686677 0.061283 0.01 0.01
0 0.688663 0.076577 0.01 0.01
0 0.679398 0.067165 0.01 0.01
0 0.668148 0.057753 0.01 0.01
0 0.684692 0.130694 0.01 0.01
0 0.652927 0.162459 0.01 0.01
0 0.648295 0.097753 0.01 0.01
0 0.630427 0.094224 0.01 0.01
0 0.629766 0.065989 0.01 0.01
0 0.606604 0.069518 0.01 0.01
0 0.584104 0.069518 0.01 0.01
0 0.576824 0.077753 0.01 0.01
0 0.571530 0.100106 0.01 0.01
0 0.601310 0.122459 0.01 0.01
0 0.537119 0.069518 0.01 0.01
0 0.502045 0.062459 0.01 0.01
0 0.467633 0.053047 0.01 0.01
0 0.455060 0.058930 0.01 0.01
0 0.433222 0.073047 0.01 0.01
0 0.419986 0.054224 0.01 0.01
0 0.402780 0.068342 0.01 0.01
0 0.389545 0.065989 0.01 0.01
0 0.367045 0.061283 0.01 0.01
0 0.367045 0.073047 0.01 0.01
0 0.342560 0.097753 0.01 0.01
0 0.318074 0.087165 0.01 0.01
0 0.319398 0.055400 0.01 0.01
0 0.339913 0.198930 0.01 0.01
0 0.377633 0.143636 0.01 0.01
0 0.470942 0.147165 0.01 0.01
0 0.469619 0.128342 0.01 0.01
0 0.474913 0.108342 0.01 0.01
0 0.483516 0.178930 0.01 0.01
0 0.506677 0.203636 0.01 0.01
0 0.519913 0.209518 0.01 0.01
0 0.528516 0.181283 0.01 0.01
0 0.515280 0.271871 0.01 0.01
0 0.494104 0.255400 0.01 0.01
0 0.517266 0.334224 0.01 0.01
0 0.533810 0.322459 0.01 0.01
0 0.564251 0.353047 0.01 0.01
0 0.569545 0.321283 0.01 0.01
0 0.584766 0.241283 0.01 0.01
0 0.564251 0.175400 0.01 0.01
0 0.669472 0.370694 0.01 0.01
0 0.650280 0.383636 0.01 0.01
0 0.623810 0.400106 0.01 0.01
0 0.445133 0.296577 0.01 0.01
0 0.427266 0.293047 0.01 0.01
0 0.435869 0.374224 0.01 0.01
0 0.461016 0.400106 0.01 0.01
0 0.695280 0.317753 0.01 0.01
0 0.730354 0.230694 0.01 0.01
0 0.753516 0.163636 0.01 0.01
0 0.761457 0.223636 0.01 0.01
0 0.807119 0.294224 0.01 0.01
0 0.815060 0.305989 0.01 0.01
0 0.822339 0.464812 0.01 0.01
0 0.815060 0.469518 0.01 0.01
0 0.842854 0.478930 0.01 0.01
0 0.846824 0.593047 0.01 0.01
0 0.844839 0.637753 0.01 0.01
0 0.820354 0.682459 0.01 0.01
0 0.809104 0.569518 0.01 0.01
0 0.801163 0.541283 0.01 0.01
0 0.797854 0.514224 0.01 0.01
0 0.803810 0.522459 0.01 0.01
0 0.760133 0.491871 0.01 0.01
0 0.707854 0.498930 0.01 0.01
0 0.667486 0.490694 0.01 0.01
0 0.644986 0.494224 0.01 0.01
0 0.629766 0.478930 0.01 0.01
0 0.601972 0.484812 0.01 0.01
0 0.546383 0.437753 0.01 0.01
0 0.537119 0.510694 0.01 0.01
0 0.563589 0.611871 0.01 0.01
0 0.588736 0.585989 0.01 0.01
0 0.701898 0.627165 0.01 0.01
0 0.687339 0.688341 0.01 0.01
0 0.658883 0.725989 0.01 0.01
0 0.713148 0.797753 0.01 0.01
0 0.747560 0.722459 0.01 0.01
0 0.740280 0.687165 0.01 0.01
0 0.803810 0.777753 0.01 0.01
0 0.818369 0.757753 0.01 0.01
0 0.820354 0.780106 0.01 0.01
0 0.798516 0.804812 0.01 0.01
0 0.799839 0.824812 0.01 0.01
0 0.831604 0.847165 0.01 0.01
0 0.831604 0.814224 0.01 0.01
0 0.799839 0.838930 0.01 0.01
0 0.762780 0.845989 0.01 0.01
0 0.747560 0.850694 0.01 0.01
0 0.715133 0.856577 0.01 0.01
0 0.691971 0.851871 0.01 0.01
0 0.661530 0.850694 0.01 0.01
0 0.639030 0.887165 0.01 0.01
0 0.584766 0.884812 0.01 0.01
0 0.575501 0.851871 0.01 0.01
0 0.611236 0.844812 0.01 0.01
0 0.608589 0.771871 0.01 0.01
0 0.571530 0.763636 0.01 0.01
0 0.543736 0.795400 0.01 0.01
0 0.546383 0.815400 0.01 0.01
0 0.562927 0.693047 0.01 0.01
0 0.554986 0.663636 0.01 0.01
0 0.509324 0.614224 0.01 0.01
0 0.484839 0.665989 0.01 0.01
0 0.454398 0.600106 0.01 0.01
0 0.478222 0.547165 0.01 0.01
0 0.482192 0.511871 0.01 0.01
0 0.433883 0.530694 0.01 0.01
0 0.406751 0.523636 0.01 0.01
0 0.392854 0.517753 0.01 0.01
0 0.392854 0.481283 0.01 0.01
0 0.371016 0.401283 0.01 0.01
0 0.421310 0.583636 0.01 0.01
0 0.373001 0.557753 0.01 0.01
0 0.368369 0.605989 0.01 0.01
0 0.341898 0.673047 0.01 0.01
0 0.416016 0.670694 0.01 0.01
0 0.456383 0.704812 0.01 0.01
0 0.463663 0.733047 0.01 0.01
0 0.430574 0.763636 0.01 0.01
0 0.441163 0.791871 0.01 0.01
0 0.445133 0.820106 0.01 0.01
0 0.445795 0.844812 0.01 0.01
0 0.430574 0.836577 0.01 0.01
0 0.479545 0.788342 0.01 0.01
0 0.484839 0.849518 0.01 0.01
0 0.489472 0.873047 0.01 0.01
0 0.303516 0.847165 0.01 0.01
0 0.306163 0.851871 0.01 0.01
0 0.273074 0.845989 0.01 0.01
0 0.265133 0.849518 0.01 0.01
0 0.362413 0.849518 0.01 0.01
0 0.380942 0.837753 0.01 0.01
0 0.360427 0.790694 0.01 0.01
0 0.242633 0.837753 0.01 0.01
0 0.271089 0.757753 0.01 0.01
0 0.241972 0.754224 0.01 0.01
0 0.230060 0.773047 0.01 0.01
0 0.210207 0.783636 0.01 0.01
0 0.229398 0.716577 0.01 0.01
0 0.235354 0.708342 0.01 0.01
0 0.211530 0.867165 0.01 0.01
0 0.209545 0.837753 0.01 0.01
0 0.203589 0.827165 0.01 0.01
0 0.197633 0.834224 0.01 0.01
0 0.192339 0.818930 0.01 0.01
0 0.182413 0.857753 0.01 0.01
0 0.175133 0.908341 0.01 0.01
0 0.158589 0.867165 0.01 0.01
0 0.175795 0.784812 0.01 0.01
0 0.169839 0.787165 0.01 0.01
0 0.173148 0.768341 0.01 0.01
0 0.177119 0.767165 0.01 0.01
0 0.173148 0.742459 0.01 0.01
0 0.177780 0.725989 0.01 0.01
0 0.171824 0.720106 0.01 0.01
0 0.165207 0.727165 0.01 0.01
0 0.124177 0.680106 0.01 0.01
0 0.185722 0.688341 0.01 0.01
0 0.179766 0.681283 0.01 0.01
0 0.191016 0.673047 0.01 0.01
0 0.173148 0.648341 0.01 0.01
0 0.165869 0.649518 0.01 0.01
0 0.257854 0.662459 0.01 0.01
0 0.273736 0.616577 0.01 0.01
0 0.263810 0.598930 0.01 0.01
0 0.308810 0.628341 0.01 0.01
0 0.320722 0.640106 0.01 0.01
0 0.304177 0.543636 0.01 0.01
0 0.275721 0.534224 0.01 0.01
0 0.236016 0.576577 0.01 0.01
0 0.209545 0.536577 0.01 0.01
0 0.192339 0.548342 0.01 0.01
0 0.173148 0.551871 0.01 0.01
0 0.177780 0.534224 0.01 0.01
0 0.178442 0.482459 0.01 0.01
0 0.201604 0.485989 0.01 0.01
0 0.166530 0.425989 0.01 0.01
0 0.132780 0.403636 0.01 0.01
0 0.179766 0.396577 0.01 0.01
0 0.175133 0.368341 0.01 0.01
0 0.164545 0.342459 0.01 0.01
0 0.208883 0.435400 0.01 0.01
0 0.264472 0.420106 0.01 0.01
0 0.248589 0.364812 0.01 0.01
0 0.239324 0.382459 0.01 0.01
0 0.283001 0.338930 0.01 0.01
0 0.247927 0.262459 0.01 0.01
0 0.296236 0.233047 0.01 0.01
0 0.210207 0.305989 0.01 0.01
0 0.177780 0.294224 0.01 0.01
0 0.172486 0.288341 0.01 0.01
0 0.182413 0.275400 0.01 0.01
0 0.197633 0.269518 0.01 0.01
0 0.179766 0.248342 0.01 0.01
0 0.177780 0.168342 0.01 0.01
0 0.139398 0.091871 0.01 0.01
0 0.151972 0.093047 0.01 0.01
0 0.171824 0.067165 0.01 0.01
0 0.183074 0.070694 0.01 0.01
0 0.181751 0.140106 0.01 0.01
0 0.180427 0.115400 0.01 0.01
0 0.184398 0.101283 0.01 0.01
0 0.194986 0.088342 0.01 0.01
0 0.202927 0.082459 0.01 0.01
0 0.218810 0.077753 0.01 0.01
0 0.227413 0.085989 0.01 0.01
0 0.224766 0.058930 0.01 0.01
0 0.230060 0.071871 0.01 0.01
0 0.239986 0.067165 0.01 0.01
0 0.248589 0.068342 0.01 0.01
0 0.260501 0.069518 0.01 0.01
0 0.253883 0.089518 0.01 0.01
0 0.254545 0.123636 0.01 0.01
0 0.213516 0.149518 0.01 0.01
0 0.206236 0.148342 0.01 0.01
0 0.192339 0.156577 0.01 0.01
0 0.204913 0.175400 0.01 0.01
0 0.330648 0.782459 0.01 0.01
