0 0.838883 0.856577 0.01 0.01
0 0.813074 0.828341 0.01 0.01
0 0.815722 0.807165 0.01 0.01
0 0.817707 0.789518 0.01 0.01
0 0.822339 0.777753 0.01 0.01
0 0.821016 0.740106 0.01 0.01
0 0.821016 0.730694 0.01 0.01
0 0.800501 0.742459 0.01 0.01
0 0.781310 0.736577 0.01 0.01
0 0.749545 0.902459 0.01 0.01
0 0.771383 0.847165 0.01 0.01
0 0.745574 0.863636 0.01 0.01
0 0.736971 0.860106 0.01 0.01
0 0.687339 0.861283 0.01 0.01
0 0.720427 0.796577 0.01 0.01
0 0.753516 0.729518 0.01 0.01
0 0.731677 0.703636 0.01 0.01
0 0.703883 0.703636 0.01 0.01
0 0.692633 0.694224 0.01 0.01
0 0.695280 0.637753 0.01 0.01
0 0.736971 0.637753 0.01 0.01
0 0.750207 0.555400 0.01 0.01
0 0.852119 0.605989 0.01 0.01
0 0.826972 0.578930 0.01 0.01
0 0.806457 0.558930 0.01 0.01
0 0.806457 0.529518 0.01 0.01
0 0.811751 0.522459 0.01 0.01
0 0.852119 0.496577 0.01 0.01
0 0.850795 0.414224 0.01 0.01
0 0.819692 0.341283 0.01 0.01
0 0.811089 0.298930 0.01 0.01
0 0.821677 0.275400 0.01 0.01
0 0.767413 0.267165 0.01 0.01
0 0.817707 0.222459 0.01 0.01
0 0.817045 0.207165 0.01 0.01
0 0.817045 0.170694 0.01 0.01
0 0.827633 0.160106 0.01 0.01
0 0.816383 0.138930 0.01 0.01
0 0.817045 0.117753 0.01 0.01
0 0.799839 0.097753 0.01 0.01
0 0.799177 0.068342 0.01 0.01
0 0.789913 0.078930 0.01 0.01
0 0.783295 0.151871 0.01 0.01
0 0.771383 0.094224 0.01 0.01
0 0.760133 0.089518 0.01 0.01
0 0.763442 0.077753 0.01 0.01
0 0.765427 0.073047 0.01 0.01
0 0.757486 0.068342 0.01 0.01
0 0.756824 0.061283 0.01 0.01
0 0.751530 0.073047 0.01 0.01
0 0.748222 0.068342 0.01 0.01
0 0.742266 0.044812 0.01 0.01
0 0.711163 0.050694 0.01 0.01
0 0.722413 0.110694 0.01 0.01
0 0.731016 0.135400 0.01 0.01
0 0.671457 0.151871 0.01 0.01
0 0.675427 0.118930 0.01 0.01
0 0.653589 0.074224 0.01 0.01
0 0.635060 0.088342 0.01 0.01
0 0.635060 0.074224 0.01 0.01
0 0.619177 0.069518 0.01 0.01
0 0.599324 0.081283 0.01 0.01
0 0.592045 0.065989 0.01 0.01
0 0.583442 0.074224 0.01 0.01
0 0.559619 0.085989 0.01 0.01
0 0.560942 0.077753 0.01 0.01
0 0.556310 0.070694 0.01 0.01
0 0.622486 0.233047 0.01 0.01
0 0.595354 0.258930 0.01 0.01
0 0.522560 0.196577 0.01 0.01
0 0.488810 0.183636 0.01 0.01
0 0.463663 0.169518 0.01 0.01
0 0.483516 0.160106 0.01 0.01
0 0.478222 0.117753 0.01 0.01
0 0.509324 0.113047 0.01 0.01
0 0.510648 0.054224 0.01 0.01
0 0.488810 0.069518 0.01 0.01
0 0.475574 0.057753 0.01 0.01
0 0.442486 0.060106 0.01 0.01
0 0.441824 0.083636 0.01 0.01
0 0.419986 0.070694 0.01 0.01
0 0.414030 0.057753 0.01 0.01
0 0.396163 0.076577 0.01 0.01
0 0.340574 0.103636 0.01 0.01
0 0.326016 0.096577 0.01 0.01
0 0.341236 0.069518 0.01 0.01
0 0.325354 0.075400 0.01 0.01
0 0.302192 0.075400 0.01 0.01
0 0.304177 0.117753 0.01 0.01
0 0.283663 0.071871 0.01 0.01
0 0.284324 0.060106 0.01 0.01
0 0.277045 0.074224 0.01 0.01
0 0.266457 0.075400 0.01 0.01
0 0.267119 0.062459 0.01 0.01
0 0.248589 0.073047 0.01 0.01
0 0.234692 0.073047 0.01 0.01
0 0.228736 0.074224 0.01 0.01
0 0.226089 0.082459 0.01 0.01
0 0.200942 0.088342 0.01 0.01
0 0.208222 0.107165 0.01 0.01
0 0.204251 0.044812 0.01 0.01
0 0.190354 0.060106 0.01 0.01
0 0.173810 0.047165 0.01 0.01
0 0.157266 0.054224 0.01 0.01
0 0.165207 0.069518 0.01 0.01
0 0.177780 0.109518 0.01 0.01
0 0.192339 0.105989 0.01 0.01
0 0.187707 0.118930 0.01 0.01
0 0.172486 0.130694 0.01 0.01
0 0.177780 0.151871 0.01 0.01
0 0.179766 0.170694 0.01 0.01
0 0.202927 0.160106 0.01 0.01
0 0.216163 0.155400 0.01 0.01
0 0.278369 0.215400 0.01 0.01
0 0.331310 0.210694 0.01 0.01
0 0.173148 0.234224 0.01 0.01
0 0.173810 0.265989 0.01 0.01
0 0.131457 0.324812 0.01 0.01
0 0.177119 0.311871 0.01 0.01
0 0.177780 0.284812 0.01 0.01
0 0.185060 0.284812 0.01 0.01
0 0.193663 0.278930 0.01 0.01
0 0.224766 0.287165 0.01 0.01
0 0.245280 0.331871 0.01 0.01
0 0.251898 0.395400 0.01 0.01
0 0.195648 0.393047 0.01 0.01
0 0.189030 0.400106 0.01 0.01
0 0.179766 0.356577 0.01 0.01
0 0.175133 0.428342 0.01 0.01
0 0.173810 0.455400 0.01 0.01
0 0.222119 0.458930 0.01 0.01
0 0.175133 0.494224 0.01 0.01
0 0.181751 0.505989 0.01 0.01
0 0.176457 0.510694 0.01 0.01
0 0.191677 0.514224 0.01 0.01
0 0.131457 0.634224 0.01 0.01
0 0.147339 0.838930 0.01 0.01
0 0.215501 0.548342 0.01 0.01
0 0.195648 0.570694 0.01 0.01
0 0.182413 0.575400 0.01 0.01
0 0.179766 0.558930 0.01 0.01
0 0.175133 0.574224 0.01 0.01
0 0.238001 0.584812 0.01 0.01
0 0.163222 0.651871 0.01 0.01
0 0.174472 0.654224 0.01 0.01
0 0.185722 0.616577 0.01 0.01
0 0.183736 0.624812 0.01 0.01
0 0.178442 0.698930 0.01 0.01
0 0.177119 0.708342 0.01 0.01
0 0.174472 0.740106 0.01 0.01
0 0.177119 0.776577 0.01 0.01
0 0.173148 0.803636 0.01 0.01
0 0.186383 0.797753 0.01 0.01
0 0.192339 0.825989 0.01 0.01
0 0.206898 0.800106 0.01 0.01
0 0.216163 0.796577 0.01 0.01
0 0.234030 0.810694 0.01 0.01
0 0.243957 0.808341 0.01 0.01
0 0.212192 0.851871 0.01 0.01
0 0.216163 0.877753 0.01 0.01
0 0.234030 0.925989 0.01 0.01
0 0.228074 0.870694 0.01 0.01
0 0.230060 0.863636 0.01 0.01
0 0.243957 0.856577 0.01 0.01
0 0.265133 0.857753 0.01 0.01
0 0.280354 0.863636 0.01 0.01
0 0.298222 0.858930 0.01 0.01
0 0.318074 0.874224 0.01 0.01
0 0.227413 0.771871 0.01 0.01
0 0.234692 0.728342 0.01 0.01
0 0.243957 0.744812 0.01 0.01
0 0.273736 0.743636 0.01 0.01
0 0.277045 0.630694 0.01 0.01
0 0.268442 0.615400 0.01 0.01
0 0.287633 0.514224 0.01 0.01
0 0.297560 0.573047 0.01 0.01
0 0.305501 0.581283 0.01 0.01
0 0.311457 0.558930 0.01 0.01
0 0.353810 0.480106 0.01 0.01
0 0.314766 0.643636 0.01 0.01
0 0.359104 0.705989 0.01 0.01
0 0.395501 0.729518 0.01 0.01
0 0.420648 0.689518 0.01 0.01
0 0.395501 0.621283 0.01 0.01
0 0.374324 0.625989 0.01 0.01
0 0.386898 0.587165 0.01 0.01
0 0.376972 0.569518 0.01 0.01
0 0.443148 0.648341 0.01 0.01
0 0.401457 0.802459 0.01 0.01
0 0.425942 0.857753 0.01 0.01
0 0.453736 0.858930 0.01 0.01
0 0.468295 0.840106 0.01 0.01
0 0.458369 0.803636 0.01 0.01
0 0.470942 0.794224 0.01 0.01
0 0.480869 0.734224 0.01 0.01
0 0.527854 0.778930 0.01 0.01
0 0.551016 0.856577 0.01 0.01
0 0.574177 0.857753 0.01 0.01
0 0.580133 0.856577 0.01 0.01
0 0.565574 0.897753 0.01 0.01
0 0.622486 0.858930 0.01 0.01
0 0.639030 0.851871 0.01 0.01
0 0.650942 0.849518 0.01 0.01
0 0.580133 0.777753 0.01 0.01
0 0.574177 0.762459 0.01 0.01
0 0.517927 0.696577 0.01 0.01
0 0.517927 0.661283 0.01 0.01
0 0.568883 0.700106 0.01 0.01
0 0.559619 0.665989 0.01 0.01
0 0.568883 0.614224 0.01 0.01
0 0.601972 0.548342 0.01 0.01
0 0.601972 0.529518 0.01 0.01
0 0.648295 0.494224 0.01 0.01
0 0.751530 0.465989 0.01 0.01
0 0.735648 0.436577 0.01 0.01
0 0.759472 0.429518 0.01 0.01
0 0.699251 0.371871 0.01 0.01
0 0.670795 0.342459 0.01 0.01
0 0.654913 0.389518 0.01 0.01
0 0.668810 0.449518 0.01 0.01
0 0.624472 0.411871 0.01 0.01
0 0.610574 0.393047 0.01 0.01
0 0.601972 0.408342 0.01 0.01
0 0.568222 0.444812 0.01 0.01
0 0.555648 0.374224 0.01 0.01
0 0.549030 0.353047 0.01 0.01
0 0.554324 0.322459 0.01 0.01
0 0.529177 0.313047 0.01 0.01
0 0.521898 0.340106 0.01 0.01
0 0.511310 0.284812 0.01 0.01
0 0.493442 0.298930 0.01 0.01
0 0.468295 0.257753 0.01 0.01
0 0.442486 0.208342 0.01 0.01
0 0.388222 0.287165 0.01 0.01
0 0.398148 0.373047 0.01 0.01
0 0.429251 0.363636 0.01 0.01
0 0.462339 0.342459 0.01 0.01
0 0.464324 0.400106 0.01 0.01
0 0.423295 0.427165 0.01 0.01
0 0.479545 0.489518 0.01 0.01
0 0.483516 0.529518 0.01 0.01
0 0.492119 0.522459 0.01 0.01
0 0.482192 0.556577 0.01 0.01
0 0.474913 0.604812 0.01 0.01
0 0.458369 0.608342 0.01 0.01
