0 0.198295 0.941283 0.01 0.01
0 0.201604 0.862459 0.01 0.01
0 0.212192 0.836577 0.01 0.01
0 0.218810 0.853047 0.01 0.01
0 0.220133 0.869518 0.01 0.01
0 0.233369 0.896577 0.01 0.01
0 0.255207 0.907165 0.01 0.01
0 0.254545 0.934224 0.01 0.01
0 0.261163 0.962459 0.01 0.01
0 0.282339 0.913047 0.01 0.01
0 0.292927 0.913047 0.01 0.01
0 0.319398 0.910694 0.01 0.01
0 0.356457 0.920106 0.01 0.01
0 0.365060 0.921283 0.01 0.01
0 0.376310 0.918930 0.01 0.01
0 0.371677 0.938930 0.01 0.01
0 0.455722 0.941283 0.01 0.01
0 0.451089 0.917753 0.01 0.01
0 0.368369 0.834224 0.01 0.01
0 0.340574 0.804812 0.01 0.01
0 0.295574 0.787165 0.01 0.01
0 0.212854 0.790694 0.01 0.01
0 0.214177 0.753047 0.01 0.01
0 0.560280 0.904812 0.01 0.01
0 0.617192 0.916577 0.01 0.01
0 0.635060 0.935400 0.01 0.01
0 0.742266 0.964812 0.01 0.01
0 0.742266 0.949518 0.01 0.01
0 0.751530 0.941283 0.01 0.01
0 0.733001 0.905989 0.01 0.01
0 0.766751 0.933047 0.01 0.01
0 0.785942 0.962459 0.01 0.01
0 0.812413 0.944812 0.01 0.01
0 0.805133 0.929518 0.01 0.01
0 0.846824 0.910694 0.01 0.01
0 0.889839 0.938930 0.01 0.01
0 0.886530 0.934224 0.01 0.01
0 0.852780 0.885989 0.01 0.01
0 0.772045 0.876577 0.01 0.01
0 0.774030 0.823636 0.01 0.01
0 0.746898 0.815400 0.01 0.01
0 0.874619 0.823636 0.01 0.01
0 0.856751 0.754224 0.01 0.01
0 0.759472 0.702459 0.01 0.01
0 0.672780 0.685989 0.01 0.01
0 0.733663 0.611871 0.01 0.01
0 0.737633 0.782459 0.01 0.01
0 0.740280 0.555400 0.01 0.01
0 0.769398 0.542459 0.01 0.01
0 0.819692 0.595400 0.01 0.01
0 0.861383 0.643636 0.01 0.01
0 0.864030 0.573047 0.01 0.01
0 0.877266 0.321283 0.01 0.01
0 0.858074 0.320106 0.01 0.01
0 0.884545 0.271871 0.01 0.01
0 0.855427 0.277753 0.01 0.01
0 0.862707 0.225989 0.01 0.01
0 0.866016 0.204812 0.01 0.01
0 0.856089 0.204812 0.01 0.01
0 0.848148 0.182459 0.01 0.01
0 0.836898 0.167165 0.01 0.01
0 0.772045 0.149518 0.01 0.01
0 0.767413 0.128342 0.01 0.01
0 0.776677 0.338930 0.01 0.01
0 0.734324 0.310694 0.01 0.01
0 0.711824 0.187165 0.01 0.01
0 0.629766 0.144812 0.01 0.01
0 0.601310 0.181283 0.01 0.01
0 0.621824 0.235400 0.01 0.01
0 0.598001 0.281283 0.01 0.01
0 0.590721 0.267165 0.01 0.01
0 0.565574 0.281283 0.01 0.01
0 0.550354 0.248342 0.01 0.01
0 0.525207 0.262459 0.01 0.01
0 0.528516 0.278930 0.01 0.01
0 0.525869 0.143636 0.01 0.01
0 0.457707 0.202459 0.01 0.01
0 0.444472 0.136577 0.01 0.01
0 0.406089 0.133047 0.01 0.01
0 0.359766 0.171871 0.01 0.01
0 0.284324 0.129518 0.01 0.01
0 0.268442 0.175400 0.01 0.01
0 0.251236 0.153047 0.01 0.01
0 0.222119 0.097753 0.01 0.01
0 0.214177 0.173047 0.01 0.01
0 0.221457 0.242459 0.01 0.01
0 0.227413 0.255400 0.01 0.01
0 0.236016 0.510694 0.01 0.01
0 0.217486 0.595400 0.01 0.01
0 0.271089 0.602459 0.01 0.01
0 0.277707 0.711871 0.01 0.01
0 0.319398 0.668342 0.01 0.01
0 0.374986 0.737753 0.01 0.01
0 0.392192 0.797753 0.01 0.01
0 0.444472 0.809518 0.01 0.01
0 0.461016 0.747165 0.01 0.01
0 0.548369 0.778930 0.01 0.01
0 0.581457 0.847165 0.01 0.01
0 0.650280 0.837753 0.01 0.01
0 0.635722 0.734224 0.01 0.01
0 0.587413 0.697753 0.01 0.01
0 0.549030 0.687165 0.01 0.01
0 0.581457 0.662459 0.01 0.01
0 0.553663 0.638930 0.01 0.01
0 0.587413 0.554224 0.01 0.01
0 0.609251 0.511871 0.01 0.01
0 0.659545 0.488342 0.01 0.01
0 0.652266 0.398930 0.01 0.01
0 0.515942 0.453047 0.01 0.01
0 0.479545 0.434224 0.01 0.01
0 0.456383 0.341283 0.01 0.01
0 0.392854 0.341283 0.01 0.01
0 0.415354 0.615400 0.01 0.01
0 0.508663 0.584812 0.01 0.01
