0 0.746094 0.076389 0.01 0.01
0 0.795313 0.076389 0.01 0.01
0 0.819531 0.083333 0.01 0.01
0 0.815625 0.073611 0.01 0.01
0 0.853125 0.080556 0.01 0.01
0 0.854688 0.097222 0.01 0.01
0 0.863281 0.129167 0.01 0.01
0 0.872656 0.156944 0.01 0.01
0 0.875781 0.173611 0.01 0.01
0 0.884375 0.208333 0.01 0.01
0 0.838281 0.166667 0.01 0.01
0 0.870313 0.272222 0.01 0.01
0 0.821094 0.286111 0.01 0.01
0 0.843750 0.331944 0.01 0.01
0 0.867969 0.395833 0.01 0.01
0 0.652344 0.405556 0.01 0.01
0 0.589063 0.408333 0.01 0.01
0 0.616406 0.350000 0.01 0.01
0 0.618750 0.344444 0.01 0.01
0 0.669531 0.241667 0.01 0.01
0 0.594531 0.248611 0.01 0.01
0 0.603906 0.227778 0.01 0.01
0 0.595312 0.193056 0.01 0.01
0 0.646094 0.086111 0.01 0.01
0 0.585938 0.076389 0.01 0.01
0 0.535937 0.075000 0.01 0.01
0 0.527344 0.090278 0.01 0.01
0 0.497656 0.154167 0.01 0.01
0 0.505469 0.200000 0.01 0.01
0 0.500781 0.229167 0.01 0.01
0 0.523438 0.255556 0.01 0.01
0 0.485156 0.256944 0.01 0.01
0 0.380469 0.173611 0.01 0.01
0 0.364062 0.109722 0.01 0.01
0 0.378125 0.093056 0.01 0.01
0 0.409375 0.069444 0.01 0.01
0 0.280469 0.066667 0.01 0.01
0 0.272656 0.058333 0.01 0.01
0 0.251563 0.011111 0.01 0.01
0 0.227344 0.113889 0.01 0.01
0 0.223438 0.125000 0.01 0.01
0 0.222656 0.151389 0.01 0.01
0 0.303906 0.130556 0.01 0.01
0 0.301562 0.379167 0.01 0.01
0 0.382031 0.448611 0.01 0.01
0 0.453125 0.613889 0.01 0.01
0 0.481250 0.613889 0.01 0.01
0 0.472656 0.559722 0.01 0.01
0 0.566406 0.550000 0.01 0.01
0 0.559375 0.469444 0.01 0.01
0 0.597656 0.591667 0.01 0.01
0 0.625781 0.605556 0.01 0.01
0 0.583594 0.636111 0.01 0.01
0 0.608594 0.643056 0.01 0.01
0 0.622656 0.668056 0.01 0.01
0 0.621875 0.691667 0.01 0.01
0 0.632812 0.761111 0.01 0.01
0 0.657812 0.694444 0.01 0.01
0 0.674219 0.702778 0.01 0.01
0 0.746875 0.645833 0.01 0.01
0 0.760156 0.594444 0.01 0.01
0 0.778125 0.484722 0.01 0.01
0 0.823438 0.529167 0.01 0.01
0 0.866406 0.580556 0.01 0.01
0 0.855469 0.690278 0.01 0.01
0 0.866406 0.777778 0.01 0.01
0 0.885156 0.791667 0.01 0.01
0 0.860156 0.812500 0.01 0.01
0 0.849219 0.852778 0.01 0.01
0 0.863281 0.938889 0.01 0.01
0 0.803906 0.901389 0.01 0.01
0 0.778125 0.804167 0.01 0.01
0 0.776563 0.758333 0.01 0.01
0 0.734375 0.748611 0.01 0.01
0 0.744531 0.880556 0.01 0.01
0 0.719531 0.897222 0.01 0.01
0 0.714063 0.859722 0.01 0.01
0 0.700781 0.848611 0.01 0.01
0 0.674219 0.847222 0.01 0.01
0 0.642969 0.876389 0.01 0.01
0 0.560156 0.833333 0.01 0.01
0 0.532031 0.818056 0.01 0.01
0 0.525000 0.833333 0.01 0.01
0 0.523438 0.865278 0.01 0.01
0 0.499219 0.869444 0.01 0.01
0 0.483594 0.845833 0.01 0.01
0 0.510938 0.791667 0.01 0.01
0 0.425781 0.876389 0.01 0.01
0 0.360938 0.859722 0.01 0.01
0 0.383594 0.845833 0.01 0.01
0 0.362500 0.791667 0.01 0.01
0 0.335156 0.801389 0.01 0.01
0 0.329688 0.759722 0.01 0.01
0 0.346094 0.751389 0.01 0.01
0 0.339844 0.712500 0.01 0.01
0 0.335938 0.679167 0.01 0.01
0 0.405469 0.662500 0.01 0.01
0 0.296094 0.729167 0.01 0.01
0 0.296094 0.850000 0.01 0.01
0 0.273438 0.856944 0.01 0.01
0 0.273438 0.825000 0.01 0.01
0 0.262500 0.855556 0.01 0.01
0 0.256250 0.848611 0.01 0.01
0 0.182031 0.812500 0.01 0.01
0 0.214844 0.787500 0.01 0.01
0 0.209375 0.740278 0.01 0.01
0 0.208594 0.706944 0.01 0.01
0 0.208594 0.648611 0.01 0.01
0 0.264062 0.683333 0.01 0.01
0 0.256250 0.622222 0.01 0.01
0 0.214062 0.568056 0.01 0.01
0 0.302344 0.600000 0.01 0.01
