0 0.884545 0.403636 0.01 0.01
0 0.883883 0.375400 0.01 0.01
0 0.834251 0.364812 0.01 0.01
0 0.844839 0.325989 0.01 0.01
0 0.850133 0.307165 0.01 0.01
0 0.846824 0.240106 0.01 0.01
0 0.844839 0.224812 0.01 0.01
0 0.850133 0.216577 0.01 0.01
0 0.793883 0.230694 0.01 0.01
0 0.758148 0.224812 0.01 0.01
0 0.768736 0.169518 0.01 0.01
0 0.861383 0.151871 0.01 0.01
0 0.836898 0.140106 0.01 0.01
0 0.856751 0.110694 0.01 0.01
0 0.836236 0.114224 0.01 0.01
0 0.830942 0.122459 0.01 0.01
0 0.824986 0.128342 0.01 0.01
0 0.812413 0.103636 0.01 0.01
0 0.795869 0.097753 0.01 0.01
0 0.790574 0.097753 0.01 0.01
0 0.789913 0.117753 0.01 0.01
0 0.778663 0.090694 0.01 0.01
0 0.748883 0.090694 0.01 0.01
0 0.734324 0.087165 0.01 0.01
0 0.731016 0.145989 0.01 0.01
0 0.747560 0.071871 0.01 0.01
0 0.717119 0.087165 0.01 0.01
0 0.707854 0.068342 0.01 0.01
0 0.705869 0.136577 0.01 0.01
0 0.700574 0.157753 0.01 0.01
0 0.703883 0.203636 0.01 0.01
0 0.661530 0.133047 0.01 0.01
0 0.667486 0.087165 0.01 0.01
0 0.641016 0.090694 0.01 0.01
0 0.628442 0.096577 0.01 0.01
0 0.631089 0.108342 0.01 0.01
0 0.662854 0.230694 0.01 0.01
0 0.631751 0.278930 0.01 0.01
0 0.609913 0.260106 0.01 0.01
0 0.572192 0.171871 0.01 0.01
0 0.545060 0.162459 0.01 0.01
0 0.573516 0.094224 0.01 0.01
0 0.566236 0.098930 0.01 0.01
0 0.559619 0.098930 0.01 0.01
0 0.523221 0.098930 0.01 0.01
0 0.531163 0.063636 0.01 0.01
0 0.509986 0.137753 0.01 0.01
0 0.502045 0.089518 0.01 0.01
0 0.492119 0.104812 0.01 0.01
0 0.486824 0.094224 0.01 0.01
0 0.474251 0.101283 0.01 0.01
0 0.483516 0.178930 0.01 0.01
0 0.517927 0.203636 0.01 0.01
0 0.374986 0.211871 0.01 0.01
0 0.381604 0.100106 0.01 0.01
0 0.427266 0.096577 0.01 0.01
0 0.344545 0.164812 0.01 0.01
0 0.357119 0.149518 0.01 0.01
0 0.365060 0.137753 0.01 0.01
0 0.347854 0.134224 0.01 0.01
0 0.347854 0.117753 0.01 0.01
0 0.351824 0.107165 0.01 0.01
0 0.333957 0.102459 0.01 0.01
0 0.336604 0.093047 0.01 0.01
0 0.319398 0.089518 0.01 0.01
0 0.308810 0.100106 0.01 0.01
0 0.302192 0.109518 0.01 0.01
0 0.298222 0.100106 0.01 0.01
0 0.275721 0.101283 0.01 0.01
0 0.274398 0.093047 0.01 0.01
0 0.265133 0.060106 0.01 0.01
0 0.255207 0.089518 0.01 0.01
0 0.245942 0.104812 0.01 0.01
0 0.232045 0.062459 0.01 0.01
0 0.217486 0.070694 0.01 0.01
0 0.212192 0.061283 0.01 0.01
0 0.196310 0.074224 0.01 0.01
0 0.197633 0.098930 0.01 0.01
0 0.228736 0.117753 0.01 0.01
0 0.217486 0.143636 0.01 0.01
0 0.206898 0.145989 0.01 0.01
0 0.201604 0.157753 0.01 0.01
0 0.204251 0.181283 0.01 0.01
0 0.232045 0.182459 0.01 0.01
0 0.228074 0.150694 0.01 0.01
0 0.253883 0.149518 0.01 0.01
0 0.266457 0.170694 0.01 0.01
0 0.220795 0.255400 0.01 0.01
0 0.224104 0.307165 0.01 0.01
0 0.201604 0.302459 0.01 0.01
0 0.198957 0.317753 0.01 0.01
0 0.189692 0.314224 0.01 0.01
0 0.183074 0.289518 0.01 0.01
0 0.204251 0.310694 0.01 0.01
0 0.234692 0.354224 0.01 0.01
0 0.256530 0.376577 0.01 0.01
0 0.308810 0.298930 0.01 0.01
0 0.245942 0.436577 0.01 0.01
0 0.246604 0.468341 0.01 0.01
0 0.207560 0.444812 0.01 0.01
0 0.207560 0.411871 0.01 0.01
0 0.200942 0.384812 0.01 0.01
0 0.250574 0.475400 0.01 0.01
0 0.229398 0.525989 0.01 0.01
0 0.218810 0.525989 0.01 0.01
0 0.204251 0.507165 0.01 0.01
0 0.202927 0.470694 0.01 0.01
0 0.201604 0.533047 0.01 0.01
0 0.210869 0.571871 0.01 0.01
0 0.201604 0.573047 0.01 0.01
0 0.203589 0.588342 0.01 0.01
0 0.178442 0.605989 0.01 0.01
0 0.159913 0.618930 0.01 0.01
0 0.222780 0.591871 0.01 0.01
0 0.221457 0.574224 0.01 0.01
0 0.263810 0.600106 0.01 0.01
0 0.238001 0.673047 0.01 0.01
0 0.204251 0.673047 0.01 0.01
0 0.208222 0.663636 0.01 0.01
0 0.202927 0.693047 0.01 0.01
0 0.203589 0.714224 0.01 0.01
0 0.206236 0.773047 0.01 0.01
0 0.220133 0.745989 0.01 0.01
0 0.213516 0.818930 0.01 0.01
0 0.202927 0.813047 0.01 0.01
0 0.187045 0.889518 0.01 0.01
0 0.214177 0.835400 0.01 0.01
0 0.214177 0.853047 0.01 0.01
0 0.219471 0.854224 0.01 0.01
0 0.227413 0.873047 0.01 0.01
0 0.251898 0.907165 0.01 0.01
0 0.281016 0.949518 0.01 0.01
0 0.283001 0.896577 0.01 0.01
0 0.292927 0.889518 0.01 0.01
0 0.291604 0.856577 0.01 0.01
0 0.271089 0.883636 0.01 0.01
0 0.262486 0.840106 0.01 0.01
0 0.255207 0.798930 0.01 0.01
0 0.242633 0.821283 0.01 0.01
0 0.234692 0.830694 0.01 0.01
0 0.241310 0.767165 0.01 0.01
0 0.261163 0.758930 0.01 0.01
0 0.268442 0.753047 0.01 0.01
0 0.267119 0.740106 0.01 0.01
0 0.312780 0.881283 0.01 0.01
0 0.332633 0.896577 0.01 0.01
0 0.444472 0.894224 0.01 0.01
0 0.453736 0.890694 0.01 0.01
0 0.420648 0.824812 0.01 0.01
0 0.398148 0.794224 0.01 0.01
0 0.392192 0.737753 0.01 0.01
0 0.330648 0.696577 0.01 0.01
0 0.315427 0.675400 0.01 0.01
0 0.341898 0.658930 0.01 0.01
0 0.333957 0.604812 0.01 0.01
0 0.342560 0.588342 0.01 0.01
0 0.321383 0.515400 0.01 0.01
0 0.333295 0.521283 0.01 0.01
0 0.332633 0.485989 0.01 0.01
0 0.415354 0.618930 0.01 0.01
0 0.404766 0.594224 0.01 0.01
0 0.408074 0.542459 0.01 0.01
0 0.409398 0.458930 0.01 0.01
0 0.444472 0.329518 0.01 0.01
0 0.449766 0.324812 0.01 0.01
0 0.486824 0.344812 0.01 0.01
0 0.513295 0.316577 0.01 0.01
0 0.506677 0.375400 0.01 0.01
0 0.554986 0.364812 0.01 0.01
0 0.559619 0.324812 0.01 0.01
0 0.552339 0.389518 0.01 0.01
0 0.572192 0.400106 0.01 0.01
0 0.575501 0.429518 0.01 0.01
0 0.529177 0.430694 0.01 0.01
0 0.490795 0.429518 0.01 0.01
0 0.457707 0.414224 0.01 0.01
0 0.450427 0.470694 0.01 0.01
0 0.507339 0.595400 0.01 0.01
0 0.508663 0.557753 0.01 0.01
0 0.517927 0.558930 0.01 0.01
0 0.524545 0.542459 0.01 0.01
0 0.557633 0.516577 0.01 0.01
0 0.497413 0.631871 0.01 0.01
0 0.480869 0.661283 0.01 0.01
0 0.469619 0.641283 0.01 0.01
0 0.496089 0.718930 0.01 0.01
0 0.519913 0.675400 0.01 0.01
0 0.523221 0.635400 0.01 0.01
0 0.542413 0.735400 0.01 0.01
0 0.526530 0.796577 0.01 0.01
0 0.498736 0.823636 0.01 0.01
0 0.484177 0.867165 0.01 0.01
0 0.511310 0.835400 0.01 0.01
0 0.594692 0.891871 0.01 0.01
0 0.610574 0.896577 0.01 0.01
0 0.613883 0.923636 0.01 0.01
0 0.611236 0.855400 0.01 0.01
0 0.572192 0.794224 0.01 0.01
0 0.594692 0.729518 0.01 0.01
0 0.586751 0.688341 0.01 0.01
0 0.598001 0.638930 0.01 0.01
0 0.648295 0.630694 0.01 0.01
0 0.659545 0.577753 0.01 0.01
0 0.625795 0.560106 0.01 0.01
0 0.625133 0.523636 0.01 0.01
0 0.641677 0.433047 0.01 0.01
0 0.657560 0.434224 0.01 0.01
0 0.695280 0.433047 0.01 0.01
0 0.687339 0.436577 0.01 0.01
0 0.688001 0.416577 0.01 0.01
0 0.703221 0.369518 0.01 0.01
0 0.751530 0.557753 0.01 0.01
0 0.787266 0.524812 0.01 0.01
0 0.836898 0.571871 0.01 0.01
0 0.842192 0.548342 0.01 0.01
0 0.861383 0.655400 0.01 0.01
0 0.850133 0.703636 0.01 0.01
0 0.883883 0.645989 0.01 0.01
0 0.787266 0.618930 0.01 0.01
0 0.767413 0.661283 0.01 0.01
0 0.748222 0.737753 0.01 0.01
0 0.723074 0.718930 0.01 0.01
0 0.725721 0.664812 0.01 0.01
0 0.682045 0.841283 0.01 0.01
0 0.674766 0.888342 0.01 0.01
0 0.653589 0.891871 0.01 0.01
0 0.719104 0.894224 0.01 0.01
0 0.749545 0.881283 0.01 0.01
0 0.748883 0.828341 0.01 0.01
0 0.796530 0.773047 0.01 0.01
0 0.791236 0.887165 0.01 0.01
0 0.801163 0.882459 0.01 0.01
0 0.824324 0.885989 0.01 0.01
0 0.838222 0.924812 0.01 0.01
0 0.872633 0.902459 0.01 0.01
0 0.838222 0.851871 0.01 0.01
0 0.852780 0.850694 0.01 0.01
0 0.850795 0.829518 0.01 0.01
0 0.847486 0.820106 0.01 0.01
0 0.852119 0.761283 0.01 0.01
0 0.869986 0.810694 0.01 0.01
