0 0.228906 0.377778 0.01 0.01
0 0.231250 0.247222 0.01 0.01
0 0.234375 0.177778 0.01 0.01
0 0.238281 0.177778 0.01 0.01
0 0.228906 0.098611 0.01 0.01
0 0.259375 0.152778 0.01 0.01
0 0.277344 0.173611 0.01 0.01
0 0.325781 0.125000 0.01 0.01
0 0.350781 0.133333 0.01 0.01
0 0.371875 0.125000 0.01 0.01
0 0.374219 0.345833 0.01 0.01
0 0.439063 0.325000 0.01 0.01
0 0.494531 0.188889 0.01 0.01
0 0.523438 0.130556 0.01 0.01
0 0.547656 0.151389 0.01 0.01
0 0.530469 0.252778 0.01 0.01
0 0.535156 0.279167 0.01 0.01
0 0.561719 0.261111 0.01 0.01
0 0.567969 0.276389 0.01 0.01
0 0.589063 0.259722 0.01 0.01
0 0.611719 0.330556 0.01 0.01
0 0.612500 0.270833 0.01 0.01
0 0.622656 0.225000 0.01 0.01
0 0.644531 0.166667 0.01 0.01
0 0.658594 0.150000 0.01 0.01
0 0.716406 0.138889 0.01 0.01
0 0.737500 0.126389 0.01 0.01
0 0.801562 0.094444 0.01 0.01
0 0.833594 0.156944 0.01 0.01
0 0.854688 0.168056 0.01 0.01
0 0.866406 0.161111 0.01 0.01
0 0.862500 0.202778 0.01 0.01
0 0.865625 0.220833 0.01 0.01
0 0.869531 0.258333 0.01 0.01
0 0.899219 0.265278 0.01 0.01
0 0.878906 0.295833 0.01 0.01
0 0.864844 0.306944 0.01 0.01
0 0.883594 0.358333 0.01 0.01
0 0.741406 0.326389 0.01 0.01
0 0.729688 0.311111 0.01 0.01
0 0.868750 0.591667 0.01 0.01
0 0.867188 0.630556 0.01 0.01
0 0.824219 0.586111 0.01 0.01
0 0.777344 0.531944 0.01 0.01
0 0.754687 0.609722 0.01 0.01
0 0.699219 0.544444 0.01 0.01
0 0.710156 0.487500 0.01 0.01
0 0.660937 0.476389 0.01 0.01
0 0.637500 0.397222 0.01 0.01
0 0.525781 0.455556 0.01 0.01
0 0.514844 0.437500 0.01 0.01
0 0.559375 0.620833 0.01 0.01
0 0.603906 0.580556 0.01 0.01
0 0.524219 0.595833 0.01 0.01
0 0.537500 0.663889 0.01 0.01
0 0.482031 0.581944 0.01 0.01
0 0.536719 0.734722 0.01 0.01
0 0.528906 0.698611 0.01 0.01
0 0.568750 0.775000 0.01 0.01
0 0.581250 0.700000 0.01 0.01
0 0.614844 0.694444 0.01 0.01
0 0.644531 0.719444 0.01 0.01
0 0.687500 0.733333 0.01 0.01
0 0.743750 0.766667 0.01 0.01
0 0.753125 0.800000 0.01 0.01
0 0.778125 0.809722 0.01 0.01
0 0.751562 0.850000 0.01 0.01
0 0.865625 0.741667 0.01 0.01
0 0.869531 0.822222 0.01 0.01
0 0.903125 0.876389 0.01 0.01
0 0.896875 0.919444 0.01 0.01
0 0.870313 0.895833 0.01 0.01
0 0.852344 0.908333 0.01 0.01
0 0.802344 0.947222 0.01 0.01
0 0.791406 0.948611 0.01 0.01
0 0.790625 0.911111 0.01 0.01
0 0.771875 0.922222 0.01 0.01
0 0.764063 0.943056 0.01 0.01
0 0.755469 0.886111 0.01 0.01
0 0.744531 0.915278 0.01 0.01
0 0.642187 0.925000 0.01 0.01
0 0.657031 0.825000 0.01 0.01
0 0.635156 0.822222 0.01 0.01
0 0.557813 0.912500 0.01 0.01
0 0.472656 0.783333 0.01 0.01
0 0.453906 0.909722 0.01 0.01
0 0.411719 0.836111 0.01 0.01
0 0.435156 0.729167 0.01 0.01
0 0.423438 0.608333 0.01 0.01
0 0.392188 0.554167 0.01 0.01
0 0.287500 0.529167 0.01 0.01
0 0.242969 0.561111 0.01 0.01
0 0.235156 0.640278 0.01 0.01
0 0.224219 0.683333 0.01 0.01
0 0.222656 0.772222 0.01 0.01
0 0.214062 0.806944 0.01 0.01
0 0.219531 0.826389 0.01 0.01
0 0.228125 0.847222 0.01 0.01
0 0.228125 0.856944 0.01 0.01
0 0.230469 0.870833 0.01 0.01
0 0.244531 0.883333 0.01 0.01
0 0.215625 0.873611 0.01 0.01
0 0.216406 0.938889 0.01 0.01
0 0.252344 0.958333 0.01 0.01
0 0.289844 0.906944 0.01 0.01
0 0.300000 0.901389 0.01 0.01
0 0.322656 0.904167 0.01 0.01
0 0.355469 0.909722 0.01 0.01
0 0.367969 0.909722 0.01 0.01
0 0.379687 0.904167 0.01 0.01
0 0.391406 0.927778 0.01 0.01
0 0.379687 0.822222 0.01 0.01
0 0.380469 0.731944 0.01 0.01
0 0.346875 0.797222 0.01 0.01
0 0.303125 0.780556 0.01 0.01
