0 0.131250 0.086111 0.01 0.01
0 0.292969 0.179167 0.01 0.01
0 0.405469 0.316667 0.01 0.01
0 0.433594 0.263889 0.01 0.01
0 0.643750 0.087500 0.01 0.01
0 0.785156 0.023611 0.01 0.01
0 0.793750 0.109722 0.01 0.01
0 0.849219 0.102778 0.01 0.01
0 0.826563 0.161111 0.01 0.01
0 0.864062 0.154167 0.01 0.01
0 0.838281 0.304167 0.01 0.01
0 0.759375 0.345833 0.01 0.01
0 0.689844 0.252778 0.01 0.01
0 0.592188 0.206944 0.01 0.01
0 0.710156 0.470833 0.01 0.01
0 0.817187 0.451389 0.01 0.01
0 0.857031 0.551389 0.01 0.01
0 0.624219 0.604167 0.01 0.01
0 0.492969 0.629167 0.01 0.01
0 0.464063 0.648611 0.01 0.01
0 0.350781 0.537500 0.01 0.01
0 0.241406 0.745833 0.01 0.01
0 0.216406 0.877778 0.01 0.01
0 0.375000 0.741667 0.01 0.01
0 0.508594 0.809722 0.01 0.01
0 0.557813 0.927778 0.01 0.01
0 0.585938 0.936111 0.01 0.01
0 0.807813 0.843056 0.01 0.01
0 0.858594 0.856944 0.01 0.01
0 0.857813 0.813889 0.01 0.01
