0 0.829619 0.843636 0.01 0.01
0 0.834251 0.814224 0.01 0.01
0 0.796530 0.829518 0.01 0.01
0 0.799177 0.829518 0.01 0.01
0 0.801824 0.795400 0.01 0.01
0 0.817045 0.776577 0.01 0.01
0 0.821677 0.767165 0.01 0.01
0 0.811751 0.754224 0.01 0.01
0 0.826310 0.741283 0.01 0.01
0 0.819030 0.722459 0.01 0.01
0 0.821016 0.674224 0.01 0.01
0 0.848810 0.649518 0.01 0.01
0 0.848148 0.605989 0.01 0.01
0 0.813074 0.563636 0.01 0.01
0 0.811089 0.533047 0.01 0.01
0 0.808442 0.513047 0.01 0.01
0 0.795869 0.498930 0.01 0.01
0 0.817045 0.488342 0.01 0.01
0 0.826310 0.467165 0.01 0.01
0 0.843516 0.464812 0.01 0.01
0 0.758148 0.442459 0.01 0.01
0 0.697927 0.491871 0.01 0.01
0 0.662192 0.491871 0.01 0.01
0 0.644324 0.478930 0.01 0.01
0 0.643001 0.464812 0.01 0.01
0 0.705207 0.615400 0.01 0.01
0 0.689986 0.681283 0.01 0.01
0 0.751530 0.689518 0.01 0.01
0 0.746898 0.714224 0.01 0.01
0 0.765427 0.837753 0.01 0.01
0 0.749545 0.847165 0.01 0.01
0 0.718442 0.794224 0.01 0.01
0 0.719104 0.855400 0.01 0.01
0 0.693295 0.843636 0.01 0.01
0 0.666163 0.845989 0.01 0.01
0 0.660869 0.881283 0.01 0.01
0 0.615207 0.842459 0.01 0.01
0 0.576824 0.842459 0.01 0.01
0 0.564251 0.873047 0.01 0.01
0 0.551677 0.791871 0.01 0.01
0 0.551677 0.773047 0.01 0.01
0 0.570207 0.758930 0.01 0.01
0 0.612560 0.734224 0.01 0.01
0 0.647633 0.742459 0.01 0.01
0 0.564251 0.678930 0.01 0.01
0 0.556971 0.649518 0.01 0.01
0 0.568883 0.602459 0.01 0.01
0 0.591383 0.585989 0.01 0.01
0 0.598001 0.460106 0.01 0.01
0 0.623148 0.390694 0.01 0.01
0 0.666163 0.378930 0.01 0.01
0 0.679398 0.308342 0.01 0.01
0 0.820354 0.318930 0.01 0.01
0 0.811751 0.285989 0.01 0.01
0 0.749545 0.223636 0.01 0.01
0 0.746898 0.207165 0.01 0.01
0 0.809104 0.208342 0.01 0.01
0 0.804471 0.182459 0.01 0.01
0 0.818369 0.171871 0.01 0.01
0 0.820354 0.150694 0.01 0.01
0 0.813736 0.135400 0.01 0.01
0 0.813074 0.115400 0.01 0.01
0 0.809766 0.104812 0.01 0.01
0 0.807119 0.104812 0.01 0.01
0 0.796530 0.051871 0.01 0.01
0 0.789251 0.070694 0.01 0.01
0 0.770722 0.089518 0.01 0.01
0 0.765427 0.069518 0.01 0.01
0 0.759472 0.063636 0.01 0.01
0 0.748222 0.063636 0.01 0.01
0 0.740280 0.065989 0.01 0.01
0 0.756163 0.136577 0.01 0.01
0 0.725721 0.053047 0.01 0.01
0 0.715133 0.054224 0.01 0.01
0 0.711824 0.056577 0.01 0.01
0 0.705869 0.082459 0.01 0.01
0 0.701898 0.058930 0.01 0.01
0 0.689324 0.065989 0.01 0.01
0 0.689324 0.055400 0.01 0.01
0 0.682045 0.056577 0.01 0.01
0 0.674104 0.045989 0.01 0.01
0 0.686016 0.128342 0.01 0.01
0 0.664177 0.144812 0.01 0.01
0 0.644324 0.093047 0.01 0.01
0 0.639030 0.102459 0.01 0.01
0 0.627780 0.061283 0.01 0.01
0 0.628442 0.050694 0.01 0.01
0 0.622486 0.055400 0.01 0.01
0 0.598663 0.058930 0.01 0.01
0 0.578148 0.071871 0.01 0.01
0 0.570207 0.091871 0.01 0.01
0 0.602633 0.116577 0.01 0.01
0 0.574177 0.161283 0.01 0.01
0 0.584104 0.238930 0.01 0.01
0 0.571530 0.310694 0.01 0.01
0 0.563589 0.343636 0.01 0.01
0 0.538442 0.510694 0.01 0.01
0 0.551016 0.416577 0.01 0.01
0 0.513957 0.316577 0.01 0.01
0 0.522560 0.294224 0.01 0.01
0 0.517266 0.247165 0.01 0.01
0 0.499398 0.250694 0.01 0.01
0 0.498736 0.228342 0.01 0.01
0 0.521898 0.181283 0.01 0.01
0 0.539104 0.164812 0.01 0.01
0 0.486163 0.170694 0.01 0.01
0 0.470942 0.135400 0.01 0.01
0 0.480869 0.098930 0.01 0.01
0 0.502707 0.058930 0.01 0.01
0 0.529177 0.070694 0.01 0.01
0 0.439839 0.104812 0.01 0.01
0 0.436530 0.071871 0.01 0.01
0 0.447119 0.056577 0.01 0.01
0 0.464324 0.085989 0.01 0.01
0 0.469619 0.047165 0.01 0.01
0 0.423957 0.040106 0.01 0.01
0 0.402119 0.061283 0.01 0.01
0 0.388883 0.058930 0.01 0.01
0 0.360427 0.055400 0.01 0.01
0 0.345207 0.097753 0.01 0.01
0 0.318736 0.077753 0.01 0.01
0 0.324030 0.056577 0.01 0.01
0 0.333957 0.191871 0.01 0.01
0 0.379619 0.167165 0.01 0.01
0 0.427266 0.276577 0.01 0.01
0 0.456383 0.280106 0.01 0.01
0 0.446457 0.368341 0.01 0.01
0 0.459692 0.388342 0.01 0.01
0 0.478222 0.500106 0.01 0.01
0 0.477560 0.540106 0.01 0.01
0 0.458369 0.600106 0.01 0.01
0 0.487486 0.653047 0.01 0.01
0 0.509986 0.607165 0.01 0.01
0 0.443148 0.711871 0.01 0.01
0 0.419986 0.655400 0.01 0.01
0 0.455060 0.703636 0.01 0.01
0 0.457045 0.742459 0.01 0.01
0 0.441163 0.783636 0.01 0.01
0 0.457707 0.836577 0.01 0.01
0 0.448442 0.841283 0.01 0.01
0 0.435869 0.849518 0.01 0.01
0 0.498074 0.862459 0.01 0.01
0 0.487486 0.841283 0.01 0.01
0 0.488810 0.796577 0.01 0.01
0 0.369692 0.562459 0.01 0.01
0 0.376972 0.549518 0.01 0.01
0 0.396824 0.522459 0.01 0.01
0 0.374986 0.384812 0.01 0.01
0 0.386236 0.475400 0.01 0.01
0 0.418001 0.469518 0.01 0.01
0 0.424619 0.536577 0.01 0.01
0 0.416677 0.553047 0.01 0.01
0 0.331971 0.835400 0.01 0.01
0 0.343883 0.795400 0.01 0.01
0 0.371016 0.842459 0.01 0.01
0 0.381604 0.815400 0.01 0.01
0 0.316089 0.751871 0.01 0.01
0 0.338589 0.684812 0.01 0.01
0 0.330648 0.625989 0.01 0.01
0 0.298222 0.640106 0.01 0.01
0 0.305501 0.534224 0.01 0.01
0 0.275721 0.617753 0.01 0.01
0 0.265795 0.595400 0.01 0.01
0 0.270427 0.663636 0.01 0.01
0 0.279692 0.727165 0.01 0.01
0 0.289619 0.844812 0.01 0.01
0 0.265795 0.831871 0.01 0.01
0 0.241972 0.830694 0.01 0.01
0 0.213516 0.857753 0.01 0.01
0 0.164545 0.894224 0.01 0.01
0 0.166530 0.850694 0.01 0.01
0 0.187707 0.845989 0.01 0.01
0 0.206898 0.831871 0.01 0.01
0 0.209545 0.825989 0.01 0.01
0 0.199619 0.827165 0.01 0.01
0 0.193001 0.813047 0.01 0.01
0 0.179766 0.791871 0.01 0.01
0 0.172486 0.780106 0.01 0.01
0 0.176457 0.777753 0.01 0.01
0 0.179766 0.762459 0.01 0.01
0 0.175133 0.736577 0.01 0.01
0 0.179766 0.725989 0.01 0.01
0 0.173810 0.727165 0.01 0.01
0 0.160574 0.729518 0.01 0.01
0 0.129472 0.685989 0.01 0.01
0 0.163883 0.688341 0.01 0.01
0 0.181751 0.671871 0.01 0.01
0 0.177780 0.635400 0.01 0.01
0 0.191677 0.703636 0.01 0.01
0 0.213516 0.773047 0.01 0.01
0 0.230722 0.756577 0.01 0.01
0 0.241310 0.744812 0.01 0.01
0 0.236677 0.698930 0.01 0.01
0 0.229398 0.713047 0.01 0.01
0 0.204251 0.568341 0.01 0.01
0 0.202266 0.545989 0.01 0.01
0 0.171824 0.548342 0.01 0.01
0 0.180427 0.524812 0.01 0.01
0 0.199619 0.508341 0.01 0.01
0 0.238001 0.563636 0.01 0.01
0 0.260501 0.504812 0.01 0.01
0 0.183736 0.469518 0.01 0.01
0 0.164545 0.415400 0.01 0.01
0 0.179766 0.390694 0.01 0.01
0 0.219471 0.420106 0.01 0.01
0 0.239986 0.374224 0.01 0.01
0 0.268442 0.410694 0.01 0.01
0 0.255869 0.336577 0.01 0.01
0 0.298222 0.337753 0.01 0.01
0 0.294913 0.227165 0.01 0.01
0 0.247266 0.248342 0.01 0.01
0 0.202266 0.320106 0.01 0.01
0 0.177780 0.313047 0.01 0.01
0 0.168516 0.329518 0.01 0.01
0 0.181089 0.289518 0.01 0.01
0 0.171824 0.278930 0.01 0.01
0 0.181751 0.265989 0.01 0.01
0 0.199619 0.262459 0.01 0.01
0 0.180427 0.241283 0.01 0.01
0 0.140060 0.087165 0.01 0.01
0 0.150648 0.087165 0.01 0.01
0 0.156604 0.083636 0.01 0.01
0 0.168516 0.070694 0.01 0.01
0 0.182413 0.067165 0.01 0.01
0 0.189030 0.093047 0.01 0.01
0 0.189692 0.100106 0.01 0.01
0 0.182413 0.109518 0.01 0.01
0 0.187707 0.135400 0.01 0.01
0 0.177119 0.151871 0.01 0.01
0 0.192339 0.150694 0.01 0.01
0 0.198295 0.149518 0.01 0.01
0 0.204913 0.141283 0.01 0.01
0 0.210207 0.138930 0.01 0.01
0 0.230722 0.121283 0.01 0.01
0 0.206236 0.075400 0.01 0.01
0 0.215501 0.069518 0.01 0.01
0 0.221457 0.071871 0.01 0.01
0 0.224104 0.045989 0.01 0.01
0 0.230722 0.053047 0.01 0.01
0 0.230722 0.063636 0.01 0.01
0 0.239324 0.065989 0.01 0.01
0 0.250574 0.058930 0.01 0.01
0 0.251236 0.071871 0.01 0.01
0 0.267119 0.068342 0.01 0.01
0 0.245280 0.083636 0.01 0.01
0 0.302192 0.155400 0.01 0.01
0 0.519913 0.696577 0.01 0.01
