0 0.140625 0.055556 0.01 0.01
0 0.296094 0.180556 0.01 0.01
0 0.410937 0.347222 0.01 0.01
0 0.536719 0.291667 0.01 0.01
0 0.639063 0.070833 0.01 0.01
0 0.677344 0.116667 0.01 0.01
0 0.747656 0.422222 0.01 0.01
0 0.731250 0.429167 0.01 0.01
0 0.626562 0.555556 0.01 0.01
0 0.435156 0.625000 0.01 0.01
0 0.367188 0.555556 0.01 0.01
0 0.228125 0.712500 0.01 0.01
0 0.385156 0.745833 0.01 0.01
0 0.468750 0.777778 0.01 0.01
0 0.520312 0.738889 0.01 0.01
0 0.556250 0.852778 0.01 0.01
0 0.569531 0.929167 0.01 0.01
0 0.847656 0.862500 0.01 0.01
0 0.854688 0.806944 0.01 0.01
0 0.780469 0.836111 0.01 0.01
0 0.859375 0.556944 0.01 0.01
0 0.821094 0.491667 0.01 0.01
0 0.810156 0.211111 0.01 0.01
0 0.862500 0.180556 0.01 0.01
0 0.853125 0.125000 0.01 0.01
0 0.798437 0.072222 0.01 0.01
0 0.786719 0.048611 0.01 0.01
0 0.763281 0.140278 0.01 0.01
