0 0.183074 0.143636 0.01 0.01
0 0.187707 0.141283 0.01 0.01
0 0.209545 0.154224 0.01 0.01
0 0.211530 0.193047 0.01 0.01
0 0.228736 0.207165 0.01 0.01
0 0.226751 0.153047 0.01 0.01
0 0.228074 0.145989 0.01 0.01
0 0.242633 0.137753 0.01 0.01
0 0.243295 0.131871 0.01 0.01
0 0.276383 0.087165 0.01 0.01
0 0.298222 0.102459 0.01 0.01
0 0.306824 0.101283 0.01 0.01
0 0.330648 0.102459 0.01 0.01
0 0.359766 0.103636 0.01 0.01
0 0.347854 0.115400 0.01 0.01
0 0.357780 0.133047 0.01 0.01
0 0.359766 0.198930 0.01 0.01
0 0.380280 0.202459 0.01 0.01
0 0.421971 0.291871 0.01 0.01
0 0.432560 0.333047 0.01 0.01
0 0.394839 0.358930 0.01 0.01
0 0.384913 0.302459 0.01 0.01
0 0.361751 0.345989 0.01 0.01
0 0.374324 0.403636 0.01 0.01
0 0.341236 0.340106 0.01 0.01
0 0.288295 0.289518 0.01 0.01
0 0.276383 0.240106 0.01 0.01
0 0.239986 0.256577 0.01 0.01
0 0.226089 0.337753 0.01 0.01
0 0.223442 0.364812 0.01 0.01
0 0.226089 0.371871 0.01 0.01
0 0.214177 0.438930 0.01 0.01
0 0.225427 0.483636 0.01 0.01
0 0.222780 0.533047 0.01 0.01
0 0.406089 0.487165 0.01 0.01
0 0.447119 0.505989 0.01 0.01
0 0.484177 0.517753 0.01 0.01
0 0.443810 0.438930 0.01 0.01
0 0.435869 0.444812 0.01 0.01
0 0.517266 0.280106 0.01 0.01
0 0.488148 0.098930 0.01 0.01
0 0.492780 0.070694 0.01 0.01
0 0.499398 0.095400 0.01 0.01
0 0.570207 0.104812 0.01 0.01
0 0.587413 0.107165 0.01 0.01
0 0.598001 0.141283 0.01 0.01
0 0.558957 0.200106 0.01 0.01
0 0.631089 0.104812 0.01 0.01
0 0.719766 0.091871 0.01 0.01
0 0.696604 0.104812 0.01 0.01
0 0.721751 0.067165 0.01 0.01
0 0.724398 0.114224 0.01 0.01
0 0.741604 0.157753 0.01 0.01
0 0.771383 0.170694 0.01 0.01
0 0.778001 0.155400 0.01 0.01
0 0.802486 0.105989 0.01 0.01
0 0.811089 0.105989 0.01 0.01
0 0.806457 0.069518 0.01 0.01
0 0.830942 0.104812 0.01 0.01
0 0.841530 0.097753 0.01 0.01
0 0.843516 0.069518 0.01 0.01
0 0.908369 0.103636 0.01 0.01
0 0.864692 0.118930 0.01 0.01
0 0.869325 0.123636 0.01 0.01
0 0.866016 0.141283 0.01 0.01
0 0.882560 0.135400 0.01 0.01
0 0.918957 0.170694 0.01 0.01
0 0.906383 0.190694 0.01 0.01
0 0.898442 0.187165 0.01 0.01
0 0.898442 0.215400 0.01 0.01
0 0.930869 0.315400 0.01 0.01
0 0.894472 0.334224 0.01 0.01
0 0.899766 0.350694 0.01 0.01
0 0.909692 0.388342 0.01 0.01
0 0.842192 0.311871 0.01 0.01
0 0.839545 0.274224 0.01 0.01
0 0.790574 0.327165 0.01 0.01
0 0.792560 0.293047 0.01 0.01
0 0.749545 0.218930 0.01 0.01
0 0.679398 0.216577 0.01 0.01
0 0.628442 0.348341 0.01 0.01
0 0.578148 0.368341 0.01 0.01
0 0.592707 0.457753 0.01 0.01
0 0.635722 0.471871 0.01 0.01
0 0.649619 0.481283 0.01 0.01
0 0.664839 0.450694 0.01 0.01
0 0.680722 0.483636 0.01 0.01
0 0.695942 0.451871 0.01 0.01
0 0.721089 0.515400 0.01 0.01
0 0.909692 0.501283 0.01 0.01
0 0.842854 0.410694 0.01 0.01
0 0.895133 0.573047 0.01 0.01
0 0.887192 0.593047 0.01 0.01
0 0.899104 0.607165 0.01 0.01
0 0.932192 0.717753 0.01 0.01
0 0.927560 0.922459 0.01 0.01
0 0.875942 0.967165 0.01 0.01
0 0.871310 0.908341 0.01 0.01
0 0.867339 0.893047 0.01 0.01
0 0.856751 0.871871 0.01 0.01
0 0.864692 0.867165 0.01 0.01
0 0.889177 0.890694 0.01 0.01
0 0.881236 0.829518 0.01 0.01
0 0.895795 0.808341 0.01 0.01
0 0.854766 0.742459 0.01 0.01
0 0.798516 0.857753 0.01 0.01
0 0.829619 0.933047 0.01 0.01
0 0.810427 0.944812 0.01 0.01
0 0.791236 0.937753 0.01 0.01
0 0.738295 0.935400 0.01 0.01
0 0.727045 0.929518 0.01 0.01
0 0.720427 0.945989 0.01 0.01
0 0.713810 0.933047 0.01 0.01
0 0.675427 0.874224 0.01 0.01
0 0.721089 0.857753 0.01 0.01
0 0.726383 0.833047 0.01 0.01
0 0.705869 0.829518 0.01 0.01
0 0.654913 0.820106 0.01 0.01
0 0.641677 0.704812 0.01 0.01
0 0.772707 0.624812 0.01 0.01
0 0.783295 0.610694 0.01 0.01
0 0.768074 0.597753 0.01 0.01
0 0.716457 0.581283 0.01 0.01
0 0.683369 0.538930 0.01 0.01
0 0.610574 0.538930 0.01 0.01
0 0.585427 0.660106 0.01 0.01
0 0.521236 0.583636 0.01 0.01
0 0.466310 0.560106 0.01 0.01
0 0.464324 0.642459 0.01 0.01
0 0.470942 0.642459 0.01 0.01
0 0.492780 0.747165 0.01 0.01
0 0.535133 0.754224 0.01 0.01
0 0.578810 0.807165 0.01 0.01
0 0.528516 0.903636 0.01 0.01
0 0.494766 0.880106 0.01 0.01
0 0.476898 0.900106 0.01 0.01
0 0.464324 0.931871 0.01 0.01
0 0.459030 0.944812 0.01 0.01
0 0.418001 0.773047 0.01 0.01
0 0.398810 0.649518 0.01 0.01
0 0.367707 0.768341 0.01 0.01
0 0.353148 0.765989 0.01 0.01
0 0.298222 0.733047 0.01 0.01
0 0.265133 0.649518 0.01 0.01
0 0.269766 0.589518 0.01 0.01
0 0.228074 0.640106 0.01 0.01
0 0.222119 0.601283 0.01 0.01
0 0.224104 0.748342 0.01 0.01
0 0.228074 0.810694 0.01 0.01
0 0.225427 0.822459 0.01 0.01
0 0.220133 0.830694 0.01 0.01
0 0.224104 0.853047 0.01 0.01
0 0.224104 0.874224 0.01 0.01
0 0.198295 0.875400 0.01 0.01
0 0.177780 0.881283 0.01 0.01
0 0.171824 0.861283 0.01 0.01
0 0.198295 0.974224 0.01 0.01
0 0.253222 0.908341 0.01 0.01
0 0.261824 0.909518 0.01 0.01
0 0.267119 0.902459 0.01 0.01
0 0.267119 0.976577 0.01 0.01
0 0.298222 0.927165 0.01 0.01
0 0.296898 0.918930 0.01 0.01
0 0.315427 0.981283 0.01 0.01
0 0.324030 0.933047 0.01 0.01
0 0.329324 0.876577 0.01 0.01
0 0.358442 0.898930 0.01 0.01
0 0.361089 0.929518 0.01 0.01
0 0.373663 0.925989 0.01 0.01
0 0.387560 0.923636 0.01 0.01
0 0.374324 0.876577 0.01 0.01
0 0.363736 0.875400 0.01 0.01
0 0.363736 0.854224 0.01 0.01
0 0.214839 0.080106 0.01 0.01
