0 0.847656 0.119444 0.01 0.01
0 0.831250 0.113889 0.01 0.01
0 0.812500 0.109722 0.01 0.01
0 0.807813 0.111111 0.01 0.01
0 0.789062 0.101389 0.01 0.01
0 0.781250 0.100000 0.01 0.01
0 0.774219 0.100000 0.01 0.01
0 0.769531 0.094444 0.01 0.01
0 0.780469 0.091667 0.01 0.01
0 0.740625 0.094444 0.01 0.01
0 0.730469 0.081944 0.01 0.01
0 0.714063 0.087500 0.01 0.01
0 0.713281 0.097222 0.01 0.01
0 0.700781 0.069444 0.01 0.01
0 0.689062 0.098611 0.01 0.01
0 0.677344 0.094444 0.01 0.01
0 0.619531 0.098611 0.01 0.01
0 0.594531 0.093056 0.01 0.01
0 0.564844 0.100000 0.01 0.01
0 0.532031 0.097222 0.01 0.01
0 0.519531 0.095833 0.01 0.01
0 0.490625 0.055556 0.01 0.01
0 0.485156 0.079167 0.01 0.01
0 0.498437 0.105556 0.01 0.01
0 0.471094 0.106944 0.01 0.01
0 0.462500 0.094444 0.01 0.01
0 0.449219 0.159722 0.01 0.01
0 0.448438 0.173611 0.01 0.01
0 0.437500 0.245833 0.01 0.01
0 0.492969 0.134722 0.01 0.01
0 0.498437 0.175000 0.01 0.01
0 0.504687 0.197222 0.01 0.01
0 0.548437 0.179167 0.01 0.01
0 0.566406 0.162500 0.01 0.01
0 0.612500 0.223611 0.01 0.01
0 0.694531 0.148611 0.01 0.01
0 0.721875 0.126389 0.01 0.01
0 0.744531 0.169444 0.01 0.01
0 0.755469 0.169444 0.01 0.01
0 0.812500 0.126389 0.01 0.01
0 0.832031 0.161111 0.01 0.01
0 0.833594 0.225000 0.01 0.01
0 0.826563 0.244444 0.01 0.01
0 0.835156 0.256944 0.01 0.01
0 0.835156 0.270833 0.01 0.01
0 0.832031 0.322222 0.01 0.01
0 0.867969 0.309722 0.01 0.01
0 0.735156 0.266667 0.01 0.01
0 0.689844 0.229167 0.01 0.01
0 0.618750 0.283333 0.01 0.01
0 0.566406 0.298611 0.01 0.01
0 0.542188 0.323611 0.01 0.01
0 0.500000 0.311111 0.01 0.01
0 0.471094 0.275000 0.01 0.01
0 0.650781 0.288889 0.01 0.01
0 0.653906 0.343056 0.01 0.01
0 0.862500 0.391667 0.01 0.01
0 0.828906 0.418056 0.01 0.01
0 0.819531 0.436111 0.01 0.01
0 0.828125 0.504167 0.01 0.01
0 0.817187 0.583333 0.01 0.01
0 0.729688 0.402778 0.01 0.01
0 0.675781 0.386111 0.01 0.01
0 0.674219 0.419444 0.01 0.01
0 0.671094 0.458333 0.01 0.01
0 0.638281 0.438889 0.01 0.01
0 0.533594 0.455556 0.01 0.01
0 0.519531 0.437500 0.01 0.01
0 0.528906 0.409722 0.01 0.01
0 0.531250 0.394444 0.01 0.01
0 0.502344 0.394444 0.01 0.01
0 0.493750 0.408333 0.01 0.01
0 0.492969 0.394444 0.01 0.01
0 0.453125 0.394444 0.01 0.01
0 0.434375 0.484722 0.01 0.01
0 0.449219 0.529167 0.01 0.01
0 0.492188 0.555556 0.01 0.01
0 0.487500 0.588889 0.01 0.01
0 0.506250 0.581944 0.01 0.01
0 0.506250 0.554167 0.01 0.01
0 0.560938 0.565278 0.01 0.01
0 0.580469 0.555556 0.01 0.01
0 0.587500 0.544444 0.01 0.01
0 0.656250 0.522222 0.01 0.01
0 0.652344 0.593056 0.01 0.01
0 0.643750 0.620833 0.01 0.01
0 0.605469 0.644444 0.01 0.01
0 0.579687 0.613889 0.01 0.01
0 0.677344 0.601389 0.01 0.01
0 0.710156 0.669444 0.01 0.01
0 0.744531 0.663889 0.01 0.01
0 0.806250 0.622222 0.01 0.01
0 0.836719 0.641667 0.01 0.01
0 0.869531 0.648611 0.01 0.01
0 0.812500 0.673611 0.01 0.01
0 0.766406 0.727778 0.01 0.01
0 0.737500 0.748611 0.01 0.01
0 0.709375 0.725000 0.01 0.01
0 0.681250 0.836111 0.01 0.01
0 0.687500 0.890278 0.01 0.01
0 0.722656 0.897222 0.01 0.01
0 0.727344 0.895833 0.01 0.01
0 0.735937 0.884722 0.01 0.01
0 0.740625 0.830556 0.01 0.01
0 0.761719 0.809722 0.01 0.01
0 0.782812 0.811111 0.01 0.01
0 0.788281 0.805556 0.01 0.01
0 0.836719 0.805556 0.01 0.01
0 0.837500 0.790278 0.01 0.01
0 0.854688 0.784722 0.01 0.01
0 0.852344 0.754167 0.01 0.01
0 0.839844 0.756944 0.01 0.01
0 0.829687 0.844444 0.01 0.01
0 0.823438 0.856944 0.01 0.01
0 0.813281 0.880556 0.01 0.01
0 0.803906 0.926389 0.01 0.01
0 0.753906 0.906944 0.01 0.01
0 0.661719 0.891667 0.01 0.01
0 0.647656 0.897222 0.01 0.01
0 0.631250 0.894444 0.01 0.01
0 0.614844 0.944444 0.01 0.01
0 0.603125 0.897222 0.01 0.01
0 0.583594 0.905556 0.01 0.01
0 0.582812 0.727778 0.01 0.01
0 0.567969 0.687500 0.01 0.01
0 0.546875 0.630556 0.01 0.01
0 0.539844 0.640278 0.01 0.01
0 0.530469 0.616667 0.01 0.01
0 0.487500 0.636111 0.01 0.01
0 0.454688 0.641667 0.01 0.01
0 0.456250 0.688889 0.01 0.01
0 0.432813 0.727778 0.01 0.01
0 0.488281 0.750000 0.01 0.01
0 0.493750 0.723611 0.01 0.01
0 0.505469 0.722222 0.01 0.01
0 0.505469 0.780556 0.01 0.01
0 0.503906 0.851389 0.01 0.01
0 0.475781 0.848611 0.01 0.01
0 0.446094 0.887500 0.01 0.01
0 0.205469 0.919444 0.01 0.01
0 0.190625 0.865278 0.01 0.01
0 0.189844 0.822222 0.01 0.01
0 0.180469 0.811111 0.01 0.01
0 0.172656 0.809722 0.01 0.01
0 0.189063 0.759722 0.01 0.01
0 0.185156 0.745833 0.01 0.01
0 0.186719 0.729167 0.01 0.01
0 0.232812 0.744444 0.01 0.01
0 0.239063 0.769444 0.01 0.01
0 0.232812 0.786111 0.01 0.01
0 0.217187 0.781944 0.01 0.01
0 0.201562 0.811111 0.01 0.01
0 0.214844 0.837500 0.01 0.01
0 0.217969 0.855556 0.01 0.01
0 0.211719 0.872222 0.01 0.01
0 0.224219 0.883333 0.01 0.01
0 0.245312 0.877778 0.01 0.01
0 0.250781 0.890278 0.01 0.01
0 0.278125 0.908333 0.01 0.01
0 0.278906 0.888889 0.01 0.01
0 0.293750 0.890278 0.01 0.01
0 0.285156 0.852778 0.01 0.01
0 0.334375 0.945833 0.01 0.01
0 0.361719 0.902778 0.01 0.01
0 0.367188 0.890278 0.01 0.01
0 0.383594 0.891667 0.01 0.01
0 0.403125 0.804167 0.01 0.01
0 0.400781 0.780556 0.01 0.01
0 0.338281 0.720833 0.01 0.01
0 0.326562 0.652778 0.01 0.01
0 0.303125 0.679167 0.01 0.01
0 0.231250 0.650000 0.01 0.01
0 0.249219 0.608333 0.01 0.01
0 0.185937 0.595833 0.01 0.01
0 0.184375 0.629167 0.01 0.01
0 0.190625 0.644444 0.01 0.01
0 0.185156 0.663889 0.01 0.01
0 0.185937 0.683333 0.01 0.01
0 0.289844 0.562500 0.01 0.01
0 0.315625 0.604167 0.01 0.01
0 0.325000 0.598611 0.01 0.01
0 0.391406 0.625000 0.01 0.01
0 0.396875 0.609722 0.01 0.01
0 0.390625 0.588889 0.01 0.01
0 0.421875 0.725000 0.01 0.01
0 0.332031 0.506944 0.01 0.01
0 0.304688 0.512500 0.01 0.01
0 0.236719 0.477778 0.01 0.01
0 0.190625 0.516667 0.01 0.01
0 0.184375 0.518056 0.01 0.01
0 0.189063 0.540278 0.01 0.01
0 0.142188 0.501389 0.01 0.01
0 0.158594 0.491667 0.01 0.01
0 0.163281 0.466667 0.01 0.01
0 0.189844 0.444444 0.01 0.01
0 0.182812 0.436111 0.01 0.01
0 0.189063 0.422222 0.01 0.01
0 0.189063 0.415278 0.01 0.01
0 0.186719 0.406944 0.01 0.01
0 0.192188 0.381944 0.01 0.01
0 0.213281 0.408333 0.01 0.01
0 0.319531 0.430556 0.01 0.01
0 0.405469 0.456944 0.01 0.01
0 0.382812 0.268056 0.01 0.01
0 0.296875 0.280556 0.01 0.01
0 0.285156 0.286111 0.01 0.01
0 0.271875 0.301389 0.01 0.01
0 0.222656 0.300000 0.01 0.01
0 0.189063 0.311111 0.01 0.01
0 0.189844 0.266667 0.01 0.01
0 0.191406 0.208333 0.01 0.01
0 0.180469 0.201389 0.01 0.01
0 0.195312 0.156944 0.01 0.01
0 0.212500 0.147222 0.01 0.01
0 0.203125 0.137500 0.01 0.01
0 0.206250 0.126389 0.01 0.01
0 0.197656 0.129167 0.01 0.01
0 0.161719 0.094444 0.01 0.01
0 0.200781 0.063889 0.01 0.01
0 0.224219 0.054167 0.01 0.01
0 0.222656 0.122222 0.01 0.01
0 0.232812 0.094444 0.01 0.01
0 0.245312 0.094444 0.01 0.01
0 0.239844 0.100000 0.01 0.01
0 0.272656 0.130556 0.01 0.01
0 0.274219 0.100000 0.01 0.01
0 0.280469 0.098611 0.01 0.01
0 0.278125 0.091667 0.01 0.01
0 0.279687 0.070833 0.01 0.01
0 0.292969 0.054167 0.01 0.01
0 0.294531 0.094444 0.01 0.01
0 0.324219 0.097222 0.01 0.01
0 0.317969 0.098611 0.01 0.01
0 0.339844 0.113889 0.01 0.01
0 0.341406 0.155556 0.01 0.01
0 0.323438 0.147222 0.01 0.01
0 0.313281 0.140278 0.01 0.01
0 0.270312 0.181944 0.01 0.01
0 0.364062 0.197222 0.01 0.01
0 0.359375 0.175000 0.01 0.01
0 0.367188 0.159722 0.01 0.01
0 0.389062 0.176389 0.01 0.01
0 0.379687 0.102778 0.01 0.01
0 0.381250 0.091667 0.01 0.01
0 0.410937 0.095833 0.01 0.01
0 0.417188 0.100000 0.01 0.01
