0 0.848810 0.889518 0.01 0.01
0 0.802486 0.914224 0.01 0.01
0 0.781310 0.882459 0.01 0.01
0 0.775354 0.881283 0.01 0.01
0 0.781310 0.858930 0.01 0.01
0 0.801163 0.869518 0.01 0.01
0 0.818369 0.828341 0.01 0.01
0 0.829619 0.816577 0.01 0.01
0 0.832927 0.808341 0.01 0.01
0 0.828295 0.800106 0.01 0.01
0 0.822339 0.791871 0.01 0.01
0 0.833589 0.747165 0.01 0.01
0 0.830942 0.694224 0.01 0.01
0 0.864692 0.630694 0.01 0.01
0 0.840207 0.593047 0.01 0.01
0 0.818369 0.574224 0.01 0.01
0 0.815722 0.536577 0.01 0.01
0 0.823001 0.536577 0.01 0.01
0 0.864692 0.458930 0.01 0.01
0 0.864692 0.383636 0.01 0.01
0 0.826310 0.308342 0.01 0.01
0 0.831604 0.304812 0.01 0.01
0 0.828295 0.230694 0.01 0.01
0 0.825648 0.215400 0.01 0.01
0 0.830280 0.201283 0.01 0.01
0 0.842854 0.161283 0.01 0.01
0 0.817707 0.137753 0.01 0.01
0 0.818369 0.121283 0.01 0.01
0 0.820354 0.113047 0.01 0.01
0 0.811089 0.104812 0.01 0.01
0 0.817045 0.073047 0.01 0.01
0 0.783295 0.084812 0.01 0.01
0 0.776677 0.091871 0.01 0.01
0 0.777339 0.082459 0.01 0.01
0 0.772045 0.083636 0.01 0.01
0 0.765427 0.078930 0.01 0.01
0 0.750869 0.082459 0.01 0.01
0 0.753516 0.073047 0.01 0.01
0 0.743589 0.055400 0.01 0.01
0 0.768736 0.108342 0.01 0.01
0 0.747560 0.150694 0.01 0.01
0 0.761457 0.198930 0.01 0.01
0 0.770722 0.255400 0.01 0.01
0 0.715133 0.156577 0.01 0.01
0 0.684030 0.180106 0.01 0.01
0 0.678736 0.141283 0.01 0.01
0 0.686677 0.137753 0.01 0.01
0 0.684692 0.075400 0.01 0.01
0 0.695280 0.061283 0.01 0.01
0 0.646310 0.083636 0.01 0.01
0 0.630427 0.083636 0.01 0.01
0 0.625133 0.078930 0.01 0.01
0 0.610574 0.088342 0.01 0.01
0 0.601972 0.077753 0.01 0.01
0 0.573516 0.081283 0.01 0.01
0 0.550354 0.084812 0.01 0.01
0 0.542413 0.087165 0.01 0.01
0 0.543074 0.082459 0.01 0.01
0 0.522560 0.061283 0.01 0.01
0 0.492780 0.085989 0.01 0.01
0 0.486163 0.070694 0.01 0.01
0 0.490133 0.120106 0.01 0.01
0 0.488810 0.134224 0.01 0.01
0 0.521898 0.128342 0.01 0.01
0 0.540427 0.167165 0.01 0.01
0 0.501383 0.193047 0.01 0.01
0 0.471604 0.178930 0.01 0.01
0 0.614545 0.244812 0.01 0.01
0 0.608589 0.256577 0.01 0.01
0 0.689986 0.284812 0.01 0.01
0 0.683369 0.349518 0.01 0.01
0 0.682045 0.447165 0.01 0.01
0 0.714472 0.415400 0.01 0.01
0 0.667486 0.402459 0.01 0.01
0 0.757486 0.477753 0.01 0.01
0 0.746898 0.542459 0.01 0.01
0 0.767413 0.588342 0.01 0.01
0 0.747560 0.647165 0.01 0.01
0 0.706530 0.649518 0.01 0.01
0 0.720427 0.714224 0.01 0.01
0 0.732339 0.816577 0.01 0.01
0 0.762780 0.757753 0.01 0.01
0 0.731677 0.867165 0.01 0.01
0 0.704545 0.871871 0.01 0.01
0 0.665501 0.871871 0.01 0.01
0 0.656236 0.869518 0.01 0.01
0 0.626457 0.871871 0.01 0.01
0 0.588074 0.921283 0.01 0.01
0 0.566898 0.874224 0.01 0.01
0 0.590721 0.877753 0.01 0.01
0 0.587413 0.851871 0.01 0.01
0 0.631089 0.797753 0.01 0.01
0 0.580133 0.780106 0.01 0.01
0 0.534472 0.788342 0.01 0.01
0 0.580133 0.711871 0.01 0.01
0 0.570207 0.668342 0.01 0.01
0 0.577486 0.630694 0.01 0.01
0 0.614545 0.602459 0.01 0.01
0 0.613222 0.548342 0.01 0.01
0 0.611236 0.495400 0.01 0.01
0 0.614545 0.467165 0.01 0.01
0 0.611236 0.435400 0.01 0.01
0 0.634398 0.420106 0.01 0.01
0 0.658883 0.500106 0.01 0.01
0 0.562266 0.407165 0.01 0.01
0 0.559619 0.368341 0.01 0.01
0 0.534472 0.363636 0.01 0.01
0 0.548369 0.340106 0.01 0.01
0 0.540427 0.313047 0.01 0.01
0 0.497413 0.307165 0.01 0.01
0 0.508001 0.363636 0.01 0.01
0 0.476236 0.351871 0.01 0.01
0 0.472266 0.303636 0.01 0.01
0 0.438516 0.263636 0.01 0.01
0 0.431898 0.313047 0.01 0.01
0 0.443148 0.378930 0.01 0.01
0 0.433883 0.430694 0.01 0.01
0 0.418001 0.425989 0.01 0.01
0 0.473589 0.416577 0.01 0.01
0 0.519913 0.497753 0.01 0.01
0 0.504692 0.543636 0.01 0.01
0 0.492780 0.538930 0.01 0.01
0 0.492780 0.569518 0.01 0.01
0 0.492119 0.587165 0.01 0.01
0 0.493442 0.600106 0.01 0.01
0 0.486824 0.643636 0.01 0.01
0 0.525207 0.656577 0.01 0.01
0 0.523221 0.717753 0.01 0.01
0 0.491457 0.708342 0.01 0.01
0 0.465648 0.695400 0.01 0.01
0 0.480869 0.808341 0.01 0.01
0 0.487486 0.827165 0.01 0.01
0 0.463663 0.875400 0.01 0.01
0 0.451751 0.865989 0.01 0.01
0 0.437854 0.874224 0.01 0.01
0 0.410060 0.815400 0.01 0.01
0 0.385574 0.778930 0.01 0.01
0 0.434545 0.735400 0.01 0.01
0 0.422633 0.643636 0.01 0.01
0 0.397486 0.605989 0.01 0.01
0 0.385574 0.576577 0.01 0.01
0 0.374324 0.511871 0.01 0.01
0 0.365722 0.700106 0.01 0.01
0 0.340574 0.684812 0.01 0.01
0 0.328663 0.654224 0.01 0.01
0 0.314766 0.600106 0.01 0.01
0 0.308148 0.583636 0.01 0.01
0 0.325354 0.570694 0.01 0.01
0 0.317413 0.528342 0.01 0.01
0 0.290942 0.653047 0.01 0.01
0 0.273736 0.633047 0.01 0.01
0 0.246604 0.596577 0.01 0.01
0 0.257192 0.747165 0.01 0.01
0 0.259177 0.763636 0.01 0.01
0 0.245280 0.743636 0.01 0.01
0 0.232045 0.768341 0.01 0.01
0 0.226751 0.805989 0.01 0.01
0 0.218810 0.815400 0.01 0.01
0 0.245280 0.822459 0.01 0.01
0 0.257854 0.825989 0.01 0.01
0 0.269104 0.840106 0.01 0.01
0 0.275721 0.876577 0.01 0.01
0 0.291604 0.869518 0.01 0.01
0 0.298883 0.888342 0.01 0.01
0 0.323369 0.876577 0.01 0.01
0 0.259177 0.930694 0.01 0.01
0 0.251898 0.875400 0.01 0.01
0 0.237339 0.878930 0.01 0.01
0 0.229398 0.900106 0.01 0.01
0 0.219471 0.867165 0.01 0.01
0 0.203589 0.840106 0.01 0.01
0 0.193663 0.823636 0.01 0.01
0 0.157927 0.854224 0.01 0.01
0 0.199619 0.803636 0.01 0.01
0 0.187707 0.778930 0.01 0.01
0 0.187707 0.762459 0.01 0.01
0 0.186383 0.715400 0.01 0.01
0 0.192339 0.665989 0.01 0.01
0 0.186383 0.664812 0.01 0.01
0 0.190354 0.651871 0.01 0.01
0 0.206236 0.655400 0.01 0.01
0 0.191677 0.630694 0.01 0.01
0 0.169177 0.625989 0.01 0.01
0 0.142707 0.622459 0.01 0.01
0 0.196310 0.588342 0.01 0.01
0 0.208883 0.583636 0.01 0.01
0 0.184398 0.578930 0.01 0.01
0 0.186383 0.569518 0.01 0.01
0 0.190354 0.558930 0.01 0.01
0 0.194324 0.557753 0.01 0.01
0 0.204913 0.529518 0.01 0.01
0 0.220133 0.474224 0.01 0.01
0 0.235354 0.465989 0.01 0.01
0 0.190354 0.474224 0.01 0.01
0 0.184398 0.462459 0.01 0.01
0 0.184398 0.445989 0.01 0.01
0 0.192339 0.435400 0.01 0.01
0 0.191677 0.397753 0.01 0.01
0 0.185722 0.327165 0.01 0.01
0 0.148001 0.318930 0.01 0.01
0 0.192339 0.303636 0.01 0.01
0 0.200942 0.296577 0.01 0.01
0 0.201604 0.314224 0.01 0.01
0 0.230722 0.317753 0.01 0.01
0 0.269104 0.320106 0.01 0.01
0 0.296898 0.423636 0.01 0.01
0 0.318736 0.217753 0.01 0.01
0 0.341898 0.171871 0.01 0.01
0 0.326677 0.149518 0.01 0.01
0 0.339913 0.114224 0.01 0.01
0 0.331310 0.109518 0.01 0.01
0 0.345869 0.088342 0.01 0.01
0 0.358442 0.081283 0.01 0.01
0 0.410721 0.088342 0.01 0.01
0 0.422633 0.073047 0.01 0.01
0 0.323369 0.087165 0.01 0.01
0 0.318074 0.094224 0.01 0.01
0 0.312780 0.084812 0.01 0.01
0 0.299545 0.076577 0.01 0.01
0 0.291604 0.090694 0.01 0.01
0 0.285648 0.093047 0.01 0.01
0 0.279030 0.088342 0.01 0.01
0 0.242633 0.093047 0.01 0.01
0 0.238001 0.085989 0.01 0.01
0 0.233369 0.098930 0.01 0.01
0 0.256530 0.087165 0.01 0.01
0 0.238001 0.057753 0.01 0.01
0 0.201604 0.069518 0.01 0.01
0 0.190354 0.061283 0.01 0.01
0 0.177780 0.067165 0.01 0.01
0 0.184398 0.088342 0.01 0.01
0 0.214177 0.103636 0.01 0.01
0 0.208883 0.105989 0.01 0.01
0 0.196310 0.129518 0.01 0.01
0 0.191677 0.135400 0.01 0.01
0 0.184398 0.156577 0.01 0.01
0 0.187707 0.181283 0.01 0.01
0 0.189030 0.230694 0.01 0.01
0 0.181751 0.277753 0.01 0.01
0 0.216163 0.176577 0.01 0.01
0 0.209545 0.141283 0.01 0.01
0 0.221457 0.129518 0.01 0.01
0 0.247927 0.163636 0.01 0.01
0 0.576824 0.518930 0.01 0.01
