0 0.625781 0.181944 0.01 0.01
0 0.616406 0.155556 0.01 0.01
0 0.887192 0.357753 0.01 0.01
0 0.895795 0.335400 0.01 0.01
0 0.870648 0.333047 0.01 0.01
0 0.826310 0.276577 0.01 0.01
0 0.782633 0.311871 0.01 0.01
0 0.773369 0.316577 0.01 0.01
0 0.730354 0.278930 0.01 0.01
0 0.730354 0.191871 0.01 0.01
0 0.727045 0.130694 0.01 0.01
0 0.727045 0.114224 0.01 0.01
0 0.734324 0.116577 0.01 0.01
0 0.714472 0.101283 0.01 0.01
0 0.756163 0.134224 0.01 0.01
0 0.813074 0.155400 0.01 0.01
0 0.808442 0.136577 0.01 0.01
0 0.839545 0.110694 0.01 0.01
0 0.852780 0.128342 0.01 0.01
0 0.862045 0.137753 0.01 0.01
0 0.863369 0.140106 0.01 0.01
0 0.879251 0.154224 0.01 0.01
0 0.866016 0.168342 0.01 0.01
0 0.864692 0.223636 0.01 0.01
0 0.884545 0.248342 0.01 0.01
0 0.909030 0.213047 0.01 0.01
0 0.920942 0.180106 0.01 0.01
0 0.888516 0.176577 0.01 0.01
0 0.886530 0.596577 0.01 0.01
0 0.887192 0.634224 0.01 0.01
0 0.891163 0.647165 0.01 0.01
0 0.916972 0.769518 0.01 0.01
0 0.881898 0.774224 0.01 0.01
0 0.874619 0.763636 0.01 0.01
0 0.895133 0.890694 0.01 0.01
0 0.879251 0.889518 0.01 0.01
0 0.875280 0.913047 0.01 0.01
0 0.871310 0.916577 0.01 0.01
0 0.866677 0.898930 0.01 0.01
0 0.864692 0.863636 0.01 0.01
0 0.824324 0.807165 0.01 0.01
0 0.836236 0.934224 0.01 0.01
0 0.803148 0.954224 0.01 0.01
0 0.791898 0.950694 0.01 0.01
0 0.699251 0.949518 0.01 0.01
0 0.723736 0.930694 0.01 0.01
0 0.746236 0.844812 0.01 0.01
0 0.762780 0.634224 0.01 0.01
0 0.792560 0.590694 0.01 0.01
0 0.761457 0.573047 0.01 0.01
0 0.797854 0.525989 0.01 0.01
0 0.719766 0.435400 0.01 0.01
0 0.719766 0.413047 0.01 0.01
0 0.648295 0.354224 0.01 0.01
0 0.572854 0.375400 0.01 0.01
0 0.596677 0.358930 0.01 0.01
0 0.604619 0.309518 0.01 0.01
0 0.578810 0.208342 0.01 0.01
0 0.548369 0.154224 0.01 0.01
0 0.562266 0.071871 0.01 0.01
0 0.527854 0.108342 0.01 0.01
0 0.506677 0.109518 0.01 0.01
0 0.491457 0.115400 0.01 0.01
0 0.485501 0.116577 0.01 0.01
0 0.454398 0.136577 0.01 0.01
0 0.402780 0.100106 0.01 0.01
0 0.397486 0.147165 0.01 0.01
0 0.377633 0.154224 0.01 0.01
0 0.373001 0.148342 0.01 0.01
0 0.349177 0.151871 0.01 0.01
0 0.344545 0.065989 0.01 0.01
0 0.339251 0.102459 0.01 0.01
0 0.317413 0.098930 0.01 0.01
0 0.296236 0.102459 0.01 0.01
0 0.272413 0.109518 0.01 0.01
0 0.204251 0.062459 0.01 0.01
0 0.220795 0.164812 0.01 0.01
0 0.216163 0.200106 0.01 0.01
0 0.216824 0.229518 0.01 0.01
0 0.216163 0.243636 0.01 0.01
0 0.215501 0.276577 0.01 0.01
0 0.224766 0.256577 0.01 0.01
0 0.173148 0.296577 0.01 0.01
0 0.216163 0.320106 0.01 0.01
0 0.211530 0.356577 0.01 0.01
0 0.241972 0.385989 0.01 0.01
0 0.255207 0.349518 0.01 0.01
0 0.312780 0.214224 0.01 0.01
0 0.334619 0.238930 0.01 0.01
0 0.332633 0.264812 0.01 0.01
0 0.308148 0.164812 0.01 0.01
0 0.427927 0.258930 0.01 0.01
0 0.472266 0.302459 0.01 0.01
0 0.510648 0.287165 0.01 0.01
0 0.509986 0.443636 0.01 0.01
0 0.487486 0.418930 0.01 0.01
0 0.463663 0.451871 0.01 0.01
0 0.431898 0.395400 0.01 0.01
0 0.380942 0.428342 0.01 0.01
0 0.369692 0.504812 0.01 0.01
0 0.404104 0.509518 0.01 0.01
0 0.224104 0.422459 0.01 0.01
0 0.212192 0.485989 0.01 0.01
0 0.212854 0.513047 0.01 0.01
0 0.210207 0.547165 0.01 0.01
0 0.263148 0.684812 0.01 0.01
0 0.293589 0.687165 0.01 0.01
0 0.310795 0.596577 0.01 0.01
0 0.331310 0.607165 0.01 0.01
0 0.351163 0.689518 0.01 0.01
0 0.351163 0.761283 0.01 0.01
0 0.348516 0.780106 0.01 0.01
0 0.348516 0.856577 0.01 0.01
0 0.348516 0.985989 0.01 0.01
0 0.324030 0.934224 0.01 0.01
0 0.301530 0.908341 0.01 0.01
0 0.298883 0.888342 0.01 0.01
0 0.279692 0.921283 0.01 0.01
0 0.260501 0.901283 0.01 0.01
0 0.277045 0.876577 0.01 0.01
0 0.270427 0.844812 0.01 0.01
0 0.234692 0.933047 0.01 0.01
0 0.207560 0.928342 0.01 0.01
0 0.229398 0.896577 0.01 0.01
0 0.222119 0.901283 0.01 0.01
0 0.218810 0.875400 0.01 0.01
0 0.222780 0.854224 0.01 0.01
0 0.211530 0.850694 0.01 0.01
0 0.210869 0.841283 0.01 0.01
0 0.207560 0.824812 0.01 0.01
0 0.207560 0.807165 0.01 0.01
0 0.398810 0.985989 0.01 0.01
0 0.418663 0.929518 0.01 0.01
0 0.414030 0.838930 0.01 0.01
0 0.453736 0.930694 0.01 0.01
0 0.483516 0.900106 0.01 0.01
0 0.487486 0.943636 0.01 0.01
0 0.521898 0.949518 0.01 0.01
0 0.415354 0.721283 0.01 0.01
0 0.480869 0.741283 0.01 0.01
0 0.466971 0.668342 0.01 0.01
0 0.500722 0.605989 0.01 0.01
0 0.544398 0.569518 0.01 0.01
0 0.547707 0.555400 0.01 0.01
0 0.530501 0.491871 0.01 0.01
0 0.561604 0.605989 0.01 0.01
0 0.609251 0.502459 0.01 0.01
0 0.639030 0.543636 0.01 0.01
0 0.670133 0.496577 0.01 0.01
0 0.676751 0.528342 0.01 0.01
0 0.691971 0.515400 0.01 0.01
0 0.675427 0.548342 0.01 0.01
0 0.703883 0.573047 0.01 0.01
0 0.707192 0.596577 0.01 0.01
0 0.697266 0.636577 0.01 0.01
0 0.682045 0.636577 0.01 0.01
0 0.662854 0.736577 0.01 0.01
0 0.643001 0.711871 0.01 0.01
0 0.599324 0.717753 0.01 0.01
0 0.556310 0.711871 0.01 0.01
0 0.536457 0.776577 0.01 0.01
0 0.566898 0.800106 0.01 0.01
0 0.609251 0.840106 0.01 0.01
0 0.624472 0.867165 0.01 0.01
0 0.645648 0.877753 0.01 0.01
0 0.600648 0.924812 0.01 0.01
0 0.596016 0.955400 0.01 0.01
0 0.586089 0.934224 0.01 0.01
0 0.669472 0.740106 0.01 0.01
