0 0.857813 0.855556 0.01 0.01
0 0.858594 0.808333 0.01 0.01
0 0.806250 0.840278 0.01 0.01
0 0.858594 0.551389 0.01 0.01
0 0.814844 0.454167 0.01 0.01
0 0.709375 0.468056 0.01 0.01
0 0.623438 0.601389 0.01 0.01
0 0.558594 0.930556 0.01 0.01
0 0.508594 0.809722 0.01 0.01
0 0.492188 0.630556 0.01 0.01
0 0.462500 0.650000 0.01 0.01
0 0.374219 0.741667 0.01 0.01
0 0.349219 0.536111 0.01 0.01
0 0.239844 0.744444 0.01 0.01
0 0.215625 0.877778 0.01 0.01
0 0.759375 0.348611 0.01 0.01
0 0.836719 0.301389 0.01 0.01
0 0.826563 0.158333 0.01 0.01
0 0.863281 0.155556 0.01 0.01
0 0.850781 0.102778 0.01 0.01
0 0.795313 0.111111 0.01 0.01
0 0.784375 0.026389 0.01 0.01
0 0.642187 0.087500 0.01 0.01
0 0.691406 0.251389 0.01 0.01
0 0.434375 0.265278 0.01 0.01
0 0.405469 0.316667 0.01 0.01
0 0.293750 0.179167 0.01 0.01
0 0.131250 0.081944 0.01 0.01
