0 0.841406 0.086111 0.01 0.01
0 0.838281 0.094444 0.01 0.01
0 0.832031 0.141667 0.01 0.01
0 0.824219 0.122222 0.01 0.01
0 0.817969 0.106944 0.01 0.01
0 0.807813 0.093056 0.01 0.01
0 0.797656 0.105556 0.01 0.01
0 0.785937 0.077778 0.01 0.01
0 0.773438 0.079167 0.01 0.01
0 0.774219 0.095833 0.01 0.01
0 0.747656 0.136111 0.01 0.01
0 0.749219 0.081944 0.01 0.01
0 0.714063 0.080556 0.01 0.01
0 0.700781 0.088889 0.01 0.01
0 0.696094 0.080556 0.01 0.01
0 0.683594 0.083333 0.01 0.01
0 0.667188 0.069444 0.01 0.01
0 0.670313 0.058333 0.01 0.01
0 0.711719 0.052778 0.01 0.01
0 0.646094 0.075000 0.01 0.01
0 0.603125 0.083333 0.01 0.01
0 0.589844 0.079167 0.01 0.01
0 0.576563 0.093056 0.01 0.01
0 0.568750 0.091667 0.01 0.01
0 0.842969 0.158333 0.01 0.01
0 0.838281 0.181944 0.01 0.01
0 0.806250 0.213889 0.01 0.01
0 0.856250 0.255556 0.01 0.01
0 0.832812 0.275000 0.01 0.01
0 0.831250 0.308333 0.01 0.01
0 0.825781 0.352778 0.01 0.01
0 0.837500 0.430556 0.01 0.01
0 0.853125 0.476389 0.01 0.01
0 0.865625 0.448611 0.01 0.01
0 0.789844 0.512500 0.01 0.01
0 0.714844 0.481944 0.01 0.01
0 0.665625 0.441667 0.01 0.01
0 0.650781 0.413889 0.01 0.01
0 0.642969 0.416667 0.01 0.01
0 0.657031 0.265278 0.01 0.01
0 0.623438 0.180556 0.01 0.01
0 0.619531 0.169444 0.01 0.01
0 0.661719 0.137500 0.01 0.01
0 0.674219 0.155556 0.01 0.01
0 0.723437 0.151389 0.01 0.01
0 0.568750 0.168056 0.01 0.01
0 0.524219 0.116667 0.01 0.01
0 0.527344 0.069444 0.01 0.01
0 0.485156 0.086111 0.01 0.01
0 0.489844 0.069444 0.01 0.01
0 0.479688 0.063889 0.01 0.01
0 0.438281 0.080556 0.01 0.01
0 0.423438 0.080556 0.01 0.01
0 0.356250 0.076389 0.01 0.01
0 0.339063 0.101389 0.01 0.01
0 0.373437 0.118056 0.01 0.01
0 0.400781 0.145833 0.01 0.01
0 0.461719 0.136111 0.01 0.01
0 0.479688 0.141667 0.01 0.01
0 0.502344 0.198611 0.01 0.01
0 0.401563 0.216667 0.01 0.01
0 0.383594 0.291667 0.01 0.01
0 0.427344 0.305556 0.01 0.01
0 0.426562 0.409722 0.01 0.01
0 0.453125 0.370833 0.01 0.01
0 0.459375 0.400000 0.01 0.01
0 0.476562 0.412500 0.01 0.01
0 0.489062 0.388889 0.01 0.01
0 0.480469 0.325000 0.01 0.01
0 0.511719 0.280556 0.01 0.01
0 0.510938 0.366667 0.01 0.01
0 0.516406 0.365278 0.01 0.01
0 0.560156 0.290278 0.01 0.01
0 0.591406 0.247222 0.01 0.01
0 0.582812 0.368056 0.01 0.01
0 0.609375 0.468056 0.01 0.01
0 0.621094 0.486111 0.01 0.01
0 0.663281 0.506944 0.01 0.01
0 0.617188 0.565278 0.01 0.01
0 0.655469 0.602778 0.01 0.01
0 0.721875 0.576389 0.01 0.01
0 0.830469 0.579167 0.01 0.01
0 0.819531 0.595833 0.01 0.01
0 0.829687 0.608333 0.01 0.01
0 0.835156 0.650000 0.01 0.01
0 0.819531 0.698611 0.01 0.01
0 0.833594 0.734722 0.01 0.01
0 0.835938 0.759722 0.01 0.01
0 0.853125 0.727778 0.01 0.01
0 0.870313 0.826389 0.01 0.01
0 0.832031 0.806944 0.01 0.01
0 0.776563 0.715278 0.01 0.01
0 0.764063 0.720833 0.01 0.01
0 0.865625 0.862500 0.01 0.01
0 0.836719 0.856944 0.01 0.01
0 0.817969 0.906944 0.01 0.01
0 0.807813 0.858333 0.01 0.01
0 0.797656 0.915278 0.01 0.01
0 0.775781 0.872222 0.01 0.01
0 0.760156 0.862500 0.01 0.01
0 0.759375 0.881944 0.01 0.01
0 0.767187 0.858333 0.01 0.01
0 0.732813 0.825000 0.01 0.01
0 0.700781 0.888889 0.01 0.01
0 0.663281 0.818056 0.01 0.01
0 0.621094 0.900000 0.01 0.01
0 0.604688 0.837500 0.01 0.01
0 0.590625 0.866667 0.01 0.01
0 0.556250 0.873611 0.01 0.01
0 0.556250 0.845833 0.01 0.01
0 0.586719 0.783333 0.01 0.01
0 0.596875 0.788889 0.01 0.01
0 0.577344 0.708333 0.01 0.01
0 0.571875 0.686111 0.01 0.01
0 0.542188 0.777778 0.01 0.01
0 0.496094 0.862500 0.01 0.01
0 0.482031 0.870833 0.01 0.01
0 0.475781 0.863889 0.01 0.01
0 0.517187 0.823611 0.01 0.01
0 0.503125 0.808333 0.01 0.01
0 0.530469 0.865278 0.01 0.01
0 0.426562 0.850000 0.01 0.01
0 0.399219 0.841667 0.01 0.01
0 0.367188 0.856944 0.01 0.01
0 0.367188 0.863889 0.01 0.01
0 0.341406 0.905556 0.01 0.01
0 0.328906 0.726389 0.01 0.01
0 0.507031 0.688889 0.01 0.01
0 0.556250 0.630556 0.01 0.01
0 0.490625 0.645833 0.01 0.01
0 0.465625 0.615278 0.01 0.01
0 0.436719 0.613889 0.01 0.01
0 0.403125 0.670833 0.01 0.01
0 0.496094 0.568056 0.01 0.01
0 0.478125 0.565278 0.01 0.01
0 0.544531 0.536111 0.01 0.01
0 0.214062 0.906944 0.01 0.01
0 0.169531 0.887500 0.01 0.01
0 0.180469 0.880556 0.01 0.01
0 0.200000 0.865278 0.01 0.01
0 0.190625 0.844444 0.01 0.01
0 0.202344 0.833333 0.01 0.01
0 0.198437 0.816667 0.01 0.01
0 0.192969 0.805556 0.01 0.01
0 0.153906 0.809722 0.01 0.01
0 0.137500 0.804167 0.01 0.01
0 0.145313 0.791667 0.01 0.01
0 0.145313 0.745833 0.01 0.01
0 0.167969 0.708333 0.01 0.01
0 0.142969 0.659722 0.01 0.01
0 0.187500 0.688889 0.01 0.01
0 0.195312 0.697222 0.01 0.01
0 0.190625 0.769444 0.01 0.01
0 0.182031 0.773611 0.01 0.01
0 0.193750 0.787500 0.01 0.01
0 0.237500 0.729167 0.01 0.01
0 0.246094 0.731944 0.01 0.01
0 0.222656 0.702778 0.01 0.01
0 0.244531 0.780556 0.01 0.01
0 0.213281 0.845833 0.01 0.01
0 0.217187 0.845833 0.01 0.01
0 0.223438 0.845833 0.01 0.01
0 0.242188 0.870833 0.01 0.01
0 0.278906 0.863889 0.01 0.01
0 0.284375 0.862500 0.01 0.01
0 0.292188 0.863889 0.01 0.01
0 0.292969 0.880556 0.01 0.01
0 0.252344 0.747222 0.01 0.01
0 0.261719 0.726389 0.01 0.01
0 0.264062 0.713889 0.01 0.01
0 0.287500 0.647222 0.01 0.01
0 0.279687 0.615278 0.01 0.01
0 0.255469 0.627778 0.01 0.01
0 0.251563 0.581944 0.01 0.01
0 0.195312 0.604167 0.01 0.01
0 0.352344 0.634722 0.01 0.01
0 0.376563 0.594444 0.01 0.01
0 0.321875 0.547222 0.01 0.01
0 0.285937 0.529167 0.01 0.01
0 0.384375 0.497222 0.01 0.01
0 0.415625 0.468056 0.01 0.01
0 0.192969 0.518056 0.01 0.01
0 0.193750 0.480556 0.01 0.01
0 0.181250 0.444444 0.01 0.01
0 0.192188 0.415278 0.01 0.01
0 0.193750 0.390278 0.01 0.01
0 0.176563 0.368056 0.01 0.01
0 0.192969 0.359722 0.01 0.01
0 0.173438 0.313889 0.01 0.01
0 0.195312 0.291667 0.01 0.01
0 0.187500 0.305556 0.01 0.01
0 0.195312 0.270833 0.01 0.01
0 0.195312 0.247222 0.01 0.01
0 0.196094 0.233333 0.01 0.01
0 0.196875 0.205556 0.01 0.01
0 0.170312 0.194444 0.01 0.01
0 0.192188 0.170833 0.01 0.01
0 0.196875 0.151389 0.01 0.01
0 0.200000 0.138889 0.01 0.01
0 0.192969 0.133333 0.01 0.01
0 0.185937 0.143056 0.01 0.01
0 0.211719 0.151389 0.01 0.01
0 0.222656 0.159722 0.01 0.01
0 0.217187 0.136111 0.01 0.01
0 0.212500 0.137500 0.01 0.01
0 0.218750 0.111111 0.01 0.01
0 0.219531 0.094444 0.01 0.01
0 0.214844 0.097222 0.01 0.01
0 0.192188 0.091667 0.01 0.01
0 0.201562 0.058333 0.01 0.01
0 0.210938 0.034722 0.01 0.01
0 0.231250 0.081944 0.01 0.01
0 0.242188 0.091667 0.01 0.01
0 0.247656 0.076389 0.01 0.01
0 0.263281 0.079167 0.01 0.01
0 0.276563 0.075000 0.01 0.01
0 0.276563 0.061111 0.01 0.01
0 0.333594 0.075000 0.01 0.01
0 0.388281 0.069444 0.01 0.01
0 0.271875 0.226389 0.01 0.01
0 0.267188 0.343056 0.01 0.01
0 0.281250 0.338889 0.01 0.01
0 0.314063 0.354167 0.01 0.01
