0 0.948736 0.203636 0.01 0.01
0 0.913001 0.197753 0.01 0.01
0 0.932192 0.165989 0.01 0.01
0 0.910354 0.175400 0.01 0.01
0 0.915648 0.153047 0.01 0.01
0 0.897780 0.138930 0.01 0.01
0 0.896457 0.128342 0.01 0.01
0 0.885869 0.121283 0.01 0.01
0 0.879251 0.061283 0.01 0.01
0 0.859398 0.109518 0.01 0.01
0 0.847486 0.109518 0.01 0.01
0 0.835574 0.101283 0.01 0.01
0 0.821016 0.122459 0.01 0.01
0 0.819692 0.113047 0.01 0.01
0 0.807780 0.107165 0.01 0.01
0 0.792560 0.144812 0.01 0.01
0 0.798516 0.156577 0.01 0.01
0 0.768736 0.103636 0.01 0.01
0 0.771383 0.078930 0.01 0.01
0 0.746898 0.071871 0.01 0.01
0 0.740942 0.105989 0.01 0.01
0 0.737633 0.145989 0.01 0.01
0 0.713810 0.101283 0.01 0.01
0 0.701898 0.116577 0.01 0.01
0 0.627119 0.122459 0.01 0.01
0 0.617192 0.108342 0.01 0.01
0 0.614545 0.149518 0.01 0.01
0 0.574177 0.115400 0.01 0.01
0 0.512633 0.114224 0.01 0.01
0 0.490133 0.094224 0.01 0.01
0 0.451751 0.103636 0.01 0.01
0 0.525207 0.161283 0.01 0.01
0 0.537780 0.198930 0.01 0.01
0 0.535795 0.288341 0.01 0.01
0 0.444472 0.227165 0.01 0.01
0 0.380280 0.211871 0.01 0.01
0 0.369692 0.118930 0.01 0.01
0 0.353148 0.105989 0.01 0.01
0 0.323369 0.107165 0.01 0.01
0 0.296236 0.094224 0.01 0.01
0 0.281677 0.113047 0.01 0.01
0 0.260501 0.140106 0.01 0.01
0 0.257854 0.134224 0.01 0.01
0 0.220795 0.137753 0.01 0.01
0 0.215501 0.178930 0.01 0.01
0 0.247927 0.213047 0.01 0.01
0 0.245280 0.207165 0.01 0.01
0 0.238663 0.211871 0.01 0.01
0 0.251898 0.177753 0.01 0.01
0 0.298222 0.193047 0.01 0.01
0 0.316089 0.209518 0.01 0.01
0 0.341898 0.273047 0.01 0.01
0 0.252560 0.274224 0.01 0.01
0 0.238001 0.271871 0.01 0.01
0 0.245280 0.320106 0.01 0.01
0 0.241972 0.391871 0.01 0.01
0 0.244619 0.422459 0.01 0.01
0 0.241972 0.469518 0.01 0.01
0 0.242633 0.551871 0.01 0.01
0 0.242633 0.591871 0.01 0.01
0 0.238663 0.631871 0.01 0.01
0 0.275060 0.648341 0.01 0.01
0 0.309472 0.601283 0.01 0.01
0 0.310795 0.564812 0.01 0.01
0 0.339913 0.530694 0.01 0.01
0 0.396824 0.388342 0.01 0.01
0 0.434545 0.303636 0.01 0.01
0 0.478222 0.369518 0.01 0.01
0 0.487486 0.363636 0.01 0.01
0 0.481530 0.445989 0.01 0.01
0 0.552339 0.490694 0.01 0.01
0 0.242633 0.747165 0.01 0.01
0 0.232045 0.768341 0.01 0.01
0 0.239986 0.783636 0.01 0.01
0 0.236016 0.810694 0.01 0.01
0 0.241972 0.822459 0.01 0.01
0 0.244619 0.849518 0.01 0.01
0 0.239986 0.863636 0.01 0.01
0 0.263810 0.910694 0.01 0.01
0 0.271089 0.904812 0.01 0.01
0 0.255207 0.883636 0.01 0.01
0 0.261824 0.873047 0.01 0.01
0 0.273736 0.863636 0.01 0.01
0 0.271751 0.834224 0.01 0.01
0 0.265133 0.856577 0.01 0.01
0 0.221457 0.954224 0.01 0.01
0 0.192339 0.908341 0.01 0.01
0 0.189692 0.887165 0.01 0.01
0 0.197633 0.815400 0.01 0.01
0 0.323369 0.748342 0.01 0.01
0 0.284324 0.760106 0.01 0.01
0 0.341236 0.705989 0.01 0.01
0 0.371016 0.722459 0.01 0.01
0 0.376310 0.740106 0.01 0.01
0 0.370354 0.781283 0.01 0.01
0 0.356457 0.869518 0.01 0.01
0 0.361751 0.925989 0.01 0.01
0 0.342560 0.930694 0.01 0.01
0 0.307486 0.929518 0.01 0.01
0 0.294913 0.897753 0.01 0.01
0 0.288295 0.987165 0.01 0.01
0 0.401457 0.925989 0.01 0.01
0 0.407413 0.921283 0.01 0.01
0 0.416016 0.903636 0.01 0.01
0 0.393516 0.849518 0.01 0.01
0 0.419986 0.816577 0.01 0.01
0 0.427266 0.800106 0.01 0.01
0 0.476236 0.703636 0.01 0.01
0 0.474913 0.607165 0.01 0.01
0 0.549030 0.587165 0.01 0.01
0 0.506677 0.540106 0.01 0.01
0 0.568883 0.747165 0.01 0.01
0 0.564913 0.761283 0.01 0.01
0 0.549030 0.836577 0.01 0.01
0 0.533810 0.897753 0.01 0.01
0 0.535133 0.934224 0.01 0.01
0 0.499398 0.938930 0.01 0.01
0 0.556310 0.915400 0.01 0.01
0 0.590060 0.809518 0.01 0.01
0 0.650942 0.889518 0.01 0.01
0 0.646310 0.965989 0.01 0.01
0 0.668148 0.941283 0.01 0.01
0 0.693295 0.881283 0.01 0.01
0 0.682045 0.855400 0.01 0.01
0 0.715133 0.855400 0.01 0.01
0 0.743589 0.936577 0.01 0.01
0 0.768074 0.948342 0.01 0.01
0 0.784619 0.936577 0.01 0.01
0 0.824986 0.865989 0.01 0.01
0 0.844839 0.943636 0.01 0.01
0 0.859398 0.950694 0.01 0.01
0 0.866677 0.917753 0.01 0.01
0 0.952707 0.877753 0.01 0.01
0 0.926898 0.882459 0.01 0.01
0 0.912339 0.863636 0.01 0.01
0 0.913663 0.842459 0.01 0.01
0 0.900427 0.871871 0.01 0.01
0 0.901089 0.827165 0.01 0.01
0 0.911016 0.815400 0.01 0.01
0 0.915648 0.750694 0.01 0.01
0 0.914324 0.645989 0.01 0.01
0 0.915648 0.575400 0.01 0.01
0 0.911016 0.583636 0.01 0.01
0 0.924251 0.575400 0.01 0.01
0 0.912339 0.337753 0.01 0.01
0 0.861383 0.318930 0.01 0.01
0 0.810427 0.267165 0.01 0.01
0 0.775354 0.284812 0.01 0.01
0 0.791236 0.336577 0.01 0.01
0 0.693295 0.224812 0.01 0.01
0 0.591383 0.384812 0.01 0.01
0 0.617192 0.423636 0.01 0.01
0 0.697927 0.460106 0.01 0.01
0 0.725721 0.431871 0.01 0.01
0 0.693295 0.484812 0.01 0.01
0 0.698589 0.496577 0.01 0.01
0 0.725060 0.534224 0.01 0.01
0 0.698589 0.547165 0.01 0.01
0 0.731016 0.584812 0.01 0.01
0 0.748222 0.589518 0.01 0.01
0 0.766751 0.603636 0.01 0.01
0 0.816383 0.603636 0.01 0.01
0 0.838222 0.598930 0.01 0.01
0 0.854766 0.693047 0.01 0.01
0 0.809104 0.710694 0.01 0.01
0 0.790574 0.775400 0.01 0.01
0 0.732339 0.769518 0.01 0.01
0 0.671457 0.694224 0.01 0.01
0 0.656236 0.709518 0.01 0.01
0 0.682045 0.647165 0.01 0.01
0 0.363736 0.493047 0.01 0.01
