0 0.800000 0.056944 0.01 0.01
0 0.792969 0.072222 0.01 0.01
0 0.793750 0.086111 0.01 0.01
0 0.784375 0.106944 0.01 0.01
0 0.769531 0.068056 0.01 0.01
0 0.764844 0.059722 0.01 0.01
0 0.757031 0.062500 0.01 0.01
0 0.757031 0.075000 0.01 0.01
0 0.746875 0.020833 0.01 0.01
0 0.738281 0.058333 0.01 0.01
0 0.731250 0.069444 0.01 0.01
0 0.721094 0.063889 0.01 0.01
0 0.701563 0.040278 0.01 0.01
0 0.691406 0.079167 0.01 0.01
0 0.712500 0.098611 0.01 0.01
0 0.672656 0.134722 0.01 0.01
0 0.655469 0.063889 0.01 0.01
0 0.647656 0.050000 0.01 0.01
0 0.613281 0.094444 0.01 0.01
0 0.600781 0.063889 0.01 0.01
0 0.596875 0.066667 0.01 0.01
0 0.592188 0.058333 0.01 0.01
0 0.582812 0.070833 0.01 0.01
0 0.578125 0.088889 0.01 0.01
0 0.507031 0.070833 0.01 0.01
0 0.510938 0.047222 0.01 0.01
0 0.458594 0.036111 0.01 0.01
0 0.446875 0.059722 0.01 0.01
0 0.425781 0.058333 0.01 0.01
0 0.422656 0.044444 0.01 0.01
0 0.382812 0.058333 0.01 0.01
0 0.393750 0.058333 0.01 0.01
0 0.374219 0.061111 0.01 0.01
0 0.339063 0.077778 0.01 0.01
0 0.310937 0.063889 0.01 0.01
0 0.328906 0.040278 0.01 0.01
0 0.482031 0.101389 0.01 0.01
0 0.507031 0.101389 0.01 0.01
0 0.472656 0.143056 0.01 0.01
0 0.464063 0.151389 0.01 0.01
0 0.479688 0.191667 0.01 0.01
0 0.492188 0.172222 0.01 0.01
0 0.500000 0.194444 0.01 0.01
0 0.525000 0.237500 0.01 0.01
0 0.546875 0.191667 0.01 0.01
0 0.582812 0.180556 0.01 0.01
0 0.618750 0.181944 0.01 0.01
0 0.682031 0.216667 0.01 0.01
0 0.810156 0.106944 0.01 0.01
0 0.817187 0.131944 0.01 0.01
0 0.830469 0.150000 0.01 0.01
0 0.819531 0.155556 0.01 0.01
0 0.817187 0.170833 0.01 0.01
0 0.813281 0.190278 0.01 0.01
0 0.819531 0.231944 0.01 0.01
0 0.817969 0.261111 0.01 0.01
0 0.817187 0.288889 0.01 0.01
0 0.822656 0.386111 0.01 0.01
0 0.757031 0.295833 0.01 0.01
0 0.742969 0.348611 0.01 0.01
0 0.681250 0.345833 0.01 0.01
0 0.655469 0.376389 0.01 0.01
0 0.629687 0.397222 0.01 0.01
0 0.579687 0.338889 0.01 0.01
0 0.575781 0.315278 0.01 0.01
0 0.567187 0.348611 0.01 0.01
0 0.535937 0.326389 0.01 0.01
0 0.517187 0.319444 0.01 0.01
0 0.455469 0.326389 0.01 0.01
0 0.428906 0.216667 0.01 0.01
0 0.371875 0.258333 0.01 0.01
0 0.307813 0.226389 0.01 0.01
0 0.465625 0.390278 0.01 0.01
0 0.433594 0.333333 0.01 0.01
0 0.428125 0.390278 0.01 0.01
0 0.356250 0.418056 0.01 0.01
0 0.329688 0.586111 0.01 0.01
0 0.323438 0.629167 0.01 0.01
0 0.358594 0.586111 0.01 0.01
0 0.381250 0.550000 0.01 0.01
0 0.391406 0.568056 0.01 0.01
0 0.382812 0.573611 0.01 0.01
0 0.396094 0.604167 0.01 0.01
0 0.400781 0.666667 0.01 0.01
0 0.396094 0.731944 0.01 0.01
0 0.415625 0.684722 0.01 0.01
0 0.450781 0.668056 0.01 0.01
0 0.461719 0.594444 0.01 0.01
0 0.482812 0.544444 0.01 0.01
0 0.486719 0.516667 0.01 0.01
0 0.472656 0.498611 0.01 0.01
0 0.446875 0.484722 0.01 0.01
0 0.549219 0.461111 0.01 0.01
0 0.559375 0.438889 0.01 0.01
0 0.611719 0.494444 0.01 0.01
0 0.611719 0.526389 0.01 0.01
0 0.648438 0.487500 0.01 0.01
0 0.675000 0.447222 0.01 0.01
0 0.745313 0.509722 0.01 0.01
0 0.810938 0.461111 0.01 0.01
0 0.854688 0.497222 0.01 0.01
0 0.851562 0.555556 0.01 0.01
0 0.812500 0.511111 0.01 0.01
0 0.807813 0.515278 0.01 0.01
0 0.807813 0.543056 0.01 0.01
0 0.821875 0.568056 0.01 0.01
0 0.785156 0.625000 0.01 0.01
0 0.737500 0.622222 0.01 0.01
0 0.732031 0.563889 0.01 0.01
0 0.697656 0.625000 0.01 0.01
0 0.696094 0.687500 0.01 0.01
0 0.694531 0.683333 0.01 0.01
0 0.755469 0.713889 0.01 0.01
0 0.835156 0.738889 0.01 0.01
0 0.826563 0.745833 0.01 0.01
0 0.825000 0.758333 0.01 0.01
0 0.821094 0.758333 0.01 0.01
0 0.819531 0.775000 0.01 0.01
0 0.818750 0.800000 0.01 0.01
0 0.845312 0.813889 0.01 0.01
0 0.771094 0.843056 0.01 0.01
0 0.754687 0.844444 0.01 0.01
0 0.756250 0.802778 0.01 0.01
0 0.717188 0.780556 0.01 0.01
0 0.725000 0.850000 0.01 0.01
0 0.675781 0.883333 0.01 0.01
0 0.655469 0.844444 0.01 0.01
0 0.644531 0.847222 0.01 0.01
0 0.632031 0.840278 0.01 0.01
0 0.607813 0.887500 0.01 0.01
0 0.581250 0.841667 0.01 0.01
0 0.559375 0.873611 0.01 0.01
0 0.580469 0.762500 0.01 0.01
0 0.572656 0.684722 0.01 0.01
0 0.562500 0.652778 0.01 0.01
0 0.570312 0.606944 0.01 0.01
0 0.535156 0.622222 0.01 0.01
0 0.488281 0.620833 0.01 0.01
0 0.499219 0.673611 0.01 0.01
0 0.492969 0.675000 0.01 0.01
0 0.460938 0.704167 0.01 0.01
0 0.474219 0.740278 0.01 0.01
0 0.471875 0.777778 0.01 0.01
0 0.536719 0.772222 0.01 0.01
0 0.522656 0.844444 0.01 0.01
0 0.478906 0.856944 0.01 0.01
0 0.449219 0.843056 0.01 0.01
0 0.439063 0.838889 0.01 0.01
0 0.413281 0.840278 0.01 0.01
0 0.370313 0.851389 0.01 0.01
0 0.328125 0.833333 0.01 0.01
0 0.281250 0.847222 0.01 0.01
0 0.268750 0.841667 0.01 0.01
0 0.258594 0.841667 0.01 0.01
0 0.247656 0.845833 0.01 0.01
0 0.235156 0.844444 0.01 0.01
0 0.221875 0.858333 0.01 0.01
0 0.207031 0.895833 0.01 0.01
0 0.162500 0.852778 0.01 0.01
0 0.214062 0.827778 0.01 0.01
0 0.196875 0.812500 0.01 0.01
0 0.173438 0.801389 0.01 0.01
0 0.182812 0.786111 0.01 0.01
0 0.174219 0.761111 0.01 0.01
0 0.175781 0.747222 0.01 0.01
0 0.179688 0.713889 0.01 0.01
0 0.203906 0.761111 0.01 0.01
0 0.216406 0.777778 0.01 0.01
0 0.242188 0.773611 0.01 0.01
0 0.247656 0.748611 0.01 0.01
0 0.274219 0.752778 0.01 0.01
0 0.250000 0.733333 0.01 0.01
0 0.233594 0.709722 0.01 0.01
0 0.182812 0.688889 0.01 0.01
0 0.179688 0.679167 0.01 0.01
0 0.179688 0.651389 0.01 0.01
0 0.174219 0.651389 0.01 0.01
0 0.175781 0.625000 0.01 0.01
0 0.133594 0.644444 0.01 0.01
0 0.182031 0.590278 0.01 0.01
0 0.182812 0.566667 0.01 0.01
0 0.183594 0.556944 0.01 0.01
0 0.182031 0.527778 0.01 0.01
0 0.146094 0.498611 0.01 0.01
0 0.184375 0.454167 0.01 0.01
0 0.174219 0.431944 0.01 0.01
0 0.184375 0.387500 0.01 0.01
0 0.203125 0.430556 0.01 0.01
0 0.221875 0.470833 0.01 0.01
0 0.225781 0.501389 0.01 0.01
0 0.242188 0.565278 0.01 0.01
0 0.241406 0.609722 0.01 0.01
0 0.270312 0.594444 0.01 0.01
0 0.280469 0.616667 0.01 0.01
0 0.312500 0.544444 0.01 0.01
0 0.281250 0.454167 0.01 0.01
0 0.235938 0.409722 0.01 0.01
0 0.239844 0.383333 0.01 0.01
0 0.139844 0.369444 0.01 0.01
0 0.183594 0.301389 0.01 0.01
0 0.184375 0.293056 0.01 0.01
0 0.185937 0.268056 0.01 0.01
0 0.175000 0.263889 0.01 0.01
0 0.182031 0.230556 0.01 0.01
0 0.184375 0.173611 0.01 0.01
0 0.203125 0.259722 0.01 0.01
0 0.232812 0.340278 0.01 0.01
0 0.229687 0.237500 0.01 0.01
0 0.240625 0.229167 0.01 0.01
0 0.210938 0.140278 0.01 0.01
0 0.218750 0.138889 0.01 0.01
0 0.299219 0.109722 0.01 0.01
0 0.274219 0.068056 0.01 0.01
0 0.275000 0.051389 0.01 0.01
0 0.269531 0.058333 0.01 0.01
0 0.255469 0.054167 0.01 0.01
0 0.246875 0.050000 0.01 0.01
0 0.241406 0.056944 0.01 0.01
0 0.239844 0.062500 0.01 0.01
0 0.237500 0.055556 0.01 0.01
0 0.235938 0.069444 0.01 0.01
0 0.231250 0.052778 0.01 0.01
0 0.209375 0.069444 0.01 0.01
0 0.196094 0.047222 0.01 0.01
0 0.192969 0.031944 0.01 0.01
0 0.172656 0.048611 0.01 0.01
0 0.156250 0.051389 0.01 0.01
0 0.153125 0.073611 0.01 0.01
0 0.189063 0.090278 0.01 0.01
0 0.193750 0.102778 0.01 0.01
0 0.190625 0.111111 0.01 0.01
0 0.183594 0.120833 0.01 0.01
0 0.186719 0.127778 0.01 0.01
