0 0.833589 0.518930 0.01 0.01
0 0.854104 0.617753 0.01 0.01
0 0.830942 0.590694 0.01 0.01
0 0.810427 0.568341 0.01 0.01
0 0.808442 0.530694 0.01 0.01
0 0.811751 0.525989 0.01 0.01
0 0.853442 0.474224 0.01 0.01
0 0.854104 0.402459 0.01 0.01
0 0.821677 0.302459 0.01 0.01
0 0.813736 0.298930 0.01 0.01
0 0.824324 0.289518 0.01 0.01
0 0.768736 0.269518 0.01 0.01
0 0.819692 0.227165 0.01 0.01
0 0.821016 0.208342 0.01 0.01
0 0.820354 0.187165 0.01 0.01
0 0.828957 0.155400 0.01 0.01
0 0.815060 0.138930 0.01 0.01
0 0.813074 0.113047 0.01 0.01
0 0.802486 0.108342 0.01 0.01
0 0.802486 0.065989 0.01 0.01
0 0.796530 0.089518 0.01 0.01
0 0.774030 0.082459 0.01 0.01
0 0.763442 0.076577 0.01 0.01
0 0.758810 0.074224 0.01 0.01
0 0.754839 0.073047 0.01 0.01
0 0.750207 0.071871 0.01 0.01
0 0.758810 0.101283 0.01 0.01
0 0.736971 0.069518 0.01 0.01
0 0.740280 0.051871 0.01 0.01
0 0.768736 0.163636 0.01 0.01
0 0.735648 0.140106 0.01 0.01
0 0.713148 0.134224 0.01 0.01
0 0.672119 0.163636 0.01 0.01
0 0.678074 0.124812 0.01 0.01
0 0.650280 0.118930 0.01 0.01
0 0.656898 0.074224 0.01 0.01
0 0.635722 0.081283 0.01 0.01
0 0.618516 0.075400 0.01 0.01
0 0.608589 0.073047 0.01 0.01
0 0.599986 0.078930 0.01 0.01
0 0.588074 0.074224 0.01 0.01
0 0.564251 0.076577 0.01 0.01
0 0.553663 0.073047 0.01 0.01
0 0.542413 0.098930 0.01 0.01
0 0.509324 0.114224 0.01 0.01
0 0.515942 0.070694 0.01 0.01
0 0.511310 0.055400 0.01 0.01
0 0.477560 0.068342 0.01 0.01
0 0.478222 0.115400 0.01 0.01
0 0.476898 0.155400 0.01 0.01
0 0.488810 0.188341 0.01 0.01
0 0.464324 0.180106 0.01 0.01
0 0.482854 0.141283 0.01 0.01
0 0.521236 0.176577 0.01 0.01
0 0.446457 0.075400 0.01 0.01
0 0.414692 0.063636 0.01 0.01
0 0.400133 0.076577 0.01 0.01
0 0.342560 0.074224 0.01 0.01
0 0.334619 0.083636 0.01 0.01
0 0.336604 0.101283 0.01 0.01
0 0.322045 0.097753 0.01 0.01
0 0.308810 0.077753 0.01 0.01
0 0.301530 0.073047 0.01 0.01
0 0.312780 0.130694 0.01 0.01
0 0.332633 0.187165 0.01 0.01
0 0.291604 0.216577 0.01 0.01
0 0.277045 0.084812 0.01 0.01
0 0.277707 0.067165 0.01 0.01
0 0.269766 0.082459 0.01 0.01
0 0.245942 0.077753 0.01 0.01
0 0.234030 0.077753 0.01 0.01
0 0.233369 0.085989 0.01 0.01
0 0.225427 0.090694 0.01 0.01
0 0.217486 0.047165 0.01 0.01
0 0.193001 0.057753 0.01 0.01
0 0.180427 0.050694 0.01 0.01
0 0.164545 0.055400 0.01 0.01
0 0.169177 0.070694 0.01 0.01
0 0.199619 0.093047 0.01 0.01
0 0.210869 0.115400 0.01 0.01
0 0.201604 0.134224 0.01 0.01
0 0.189692 0.123636 0.01 0.01
0 0.175795 0.148342 0.01 0.01
0 0.181089 0.121283 0.01 0.01
0 0.180427 0.169518 0.01 0.01
0 0.206236 0.164812 0.01 0.01
0 0.228736 0.154224 0.01 0.01
0 0.175795 0.234224 0.01 0.01
0 0.175133 0.265989 0.01 0.01
0 0.178442 0.288341 0.01 0.01
0 0.178442 0.309518 0.01 0.01
0 0.191016 0.288341 0.01 0.01
0 0.197633 0.289518 0.01 0.01
0 0.224104 0.293047 0.01 0.01
0 0.253222 0.321283 0.01 0.01
0 0.271089 0.402459 0.01 0.01
0 0.182413 0.371871 0.01 0.01
0 0.186383 0.356577 0.01 0.01
0 0.182413 0.422459 0.01 0.01
0 0.177119 0.453047 0.01 0.01
0 0.175795 0.469518 0.01 0.01
0 0.180427 0.465989 0.01 0.01
0 0.226089 0.457753 0.01 0.01
0 0.197633 0.490694 0.01 0.01
0 0.193001 0.527165 0.01 0.01
0 0.181751 0.541283 0.01 0.01
0 0.177119 0.556577 0.01 0.01
0 0.187707 0.555400 0.01 0.01
0 0.177119 0.568341 0.01 0.01
0 0.182413 0.577753 0.01 0.01
0 0.206898 0.562459 0.01 0.01
0 0.132119 0.627165 0.01 0.01
0 0.162560 0.647165 0.01 0.01
0 0.181751 0.635400 0.01 0.01
0 0.189692 0.636577 0.01 0.01
0 0.183736 0.645989 0.01 0.01
0 0.177780 0.649518 0.01 0.01
0 0.178442 0.689518 0.01 0.01
0 0.180427 0.702459 0.01 0.01
0 0.177780 0.743636 0.01 0.01
0 0.147339 0.841283 0.01 0.01
0 0.181751 0.811871 0.01 0.01
0 0.187707 0.791871 0.01 0.01
0 0.177119 0.777753 0.01 0.01
0 0.194324 0.835400 0.01 0.01
0 0.209545 0.804812 0.01 0.01
0 0.216824 0.802459 0.01 0.01
0 0.221457 0.762459 0.01 0.01
0 0.236016 0.733047 0.01 0.01
0 0.247266 0.733047 0.01 0.01
0 0.259177 0.757753 0.01 0.01
0 0.245942 0.809518 0.01 0.01
0 0.238001 0.813047 0.01 0.01
0 0.246604 0.868342 0.01 0.01
0 0.228074 0.875400 0.01 0.01
0 0.218148 0.881283 0.01 0.01
0 0.219471 0.860106 0.01 0.01
0 0.210869 0.856577 0.01 0.01
0 0.237339 0.921283 0.01 0.01
0 0.265795 0.862459 0.01 0.01
0 0.274398 0.845989 0.01 0.01
0 0.281677 0.874224 0.01 0.01
0 0.293589 0.871871 0.01 0.01
0 0.314104 0.874224 0.01 0.01
0 0.280354 0.643636 0.01 0.01
0 0.265795 0.611871 0.01 0.01
0 0.239324 0.587165 0.01 0.01
0 0.299545 0.571871 0.01 0.01
0 0.306163 0.585989 0.01 0.01
0 0.311457 0.563636 0.01 0.01
0 0.297560 0.524812 0.01 0.01
0 0.317413 0.649518 0.01 0.01
0 0.337266 0.683636 0.01 0.01
0 0.360427 0.653047 0.01 0.01
0 0.404104 0.633047 0.01 0.01
0 0.389545 0.589518 0.01 0.01
0 0.374324 0.576577 0.01 0.01
0 0.425280 0.430694 0.01 0.01
0 0.403442 0.402459 0.01 0.01
0 0.402780 0.296577 0.01 0.01
0 0.436530 0.230694 0.01 0.01
0 0.430574 0.375400 0.01 0.01
0 0.466310 0.348341 0.01 0.01
0 0.463001 0.287165 0.01 0.01
0 0.486163 0.298930 0.01 0.01
0 0.461016 0.410694 0.01 0.01
0 0.499398 0.331871 0.01 0.01
0 0.521236 0.355400 0.01 0.01
0 0.529839 0.314224 0.01 0.01
0 0.545060 0.325989 0.01 0.01
0 0.554324 0.391871 0.01 0.01
0 0.392192 0.750694 0.01 0.01
0 0.398148 0.805989 0.01 0.01
0 0.440501 0.701283 0.01 0.01
0 0.423957 0.867165 0.01 0.01
0 0.456383 0.858930 0.01 0.01
0 0.448442 0.840106 0.01 0.01
0 0.472927 0.842459 0.01 0.01
0 0.475574 0.800106 0.01 0.01
0 0.423957 0.722459 0.01 0.01
0 0.482854 0.731871 0.01 0.01
0 0.517927 0.710694 0.01 0.01
0 0.518589 0.665989 0.01 0.01
0 0.466971 0.631871 0.01 0.01
0 0.476898 0.587165 0.01 0.01
0 0.480869 0.569518 0.01 0.01
0 0.482192 0.538930 0.01 0.01
0 0.494766 0.533047 0.01 0.01
0 0.493442 0.489518 0.01 0.01
0 0.572854 0.909518 0.01 0.01
0 0.554324 0.868342 0.01 0.01
0 0.582119 0.863636 0.01 0.01
0 0.574177 0.844812 0.01 0.01
0 0.600648 0.780106 0.01 0.01
0 0.580133 0.778930 0.01 0.01
0 0.527854 0.784812 0.01 0.01
0 0.573516 0.704812 0.01 0.01
0 0.558295 0.663636 0.01 0.01
0 0.569545 0.618930 0.01 0.01
0 0.599986 0.573047 0.01 0.01
0 0.603957 0.538930 0.01 0.01
0 0.572192 0.504812 0.01 0.01
0 0.584766 0.436577 0.01 0.01
0 0.598663 0.454224 0.01 0.01
0 0.610574 0.436577 0.01 0.01
0 0.624472 0.414224 0.01 0.01
0 0.645648 0.494224 0.01 0.01
0 0.672780 0.436577 0.01 0.01
0 0.656898 0.396577 0.01 0.01
0 0.657560 0.375400 0.01 0.01
0 0.598663 0.265989 0.01 0.01
0 0.612560 0.229518 0.01 0.01
0 0.675427 0.343636 0.01 0.01
0 0.691971 0.322459 0.01 0.01
0 0.722413 0.431871 0.01 0.01
0 0.748883 0.455400 0.01 0.01
0 0.746898 0.513047 0.01 0.01
0 0.756824 0.575400 0.01 0.01
0 0.736971 0.633047 0.01 0.01
0 0.696604 0.641283 0.01 0.01
0 0.695942 0.702459 0.01 0.01
0 0.709839 0.703636 0.01 0.01
0 0.756163 0.733047 0.01 0.01
0 0.793222 0.780106 0.01 0.01
0 0.803810 0.780106 0.01 0.01
0 0.809766 0.837753 0.01 0.01
0 0.819030 0.814224 0.01 0.01
0 0.819692 0.790694 0.01 0.01
0 0.826310 0.787165 0.01 0.01
0 0.823001 0.744812 0.01 0.01
0 0.825648 0.703636 0.01 0.01
0 0.780648 0.908341 0.01 0.01
0 0.843516 0.867165 0.01 0.01
0 0.771383 0.851871 0.01 0.01
0 0.755501 0.874224 0.01 0.01
0 0.727707 0.865989 0.01 0.01
0 0.693957 0.856577 0.01 0.01
0 0.722413 0.798930 0.01 0.01
0 0.653589 0.858930 0.01 0.01
0 0.635060 0.843636 0.01 0.01
0 0.621163 0.869518 0.01 0.01
