0 0.786719 0.068056 0.01 0.01
0 0.775000 0.198611 0.01 0.01
0 0.746875 0.202778 0.01 0.01
0 0.652344 0.258333 0.01 0.01
0 0.508594 0.369444 0.01 0.01
0 0.482812 0.048611 0.01 0.01
0 0.285156 0.280556 0.01 0.01
0 0.315625 0.173611 0.01 0.01
0 0.376563 0.447222 0.01 0.01
0 0.390625 0.534722 0.01 0.01
0 0.862500 0.261111 0.01 0.01
0 0.838281 0.391667 0.01 0.01
0 0.685156 0.405556 0.01 0.01
0 0.626562 0.381944 0.01 0.01
0 0.667969 0.465278 0.01 0.01
0 0.704687 0.583333 0.01 0.01
0 0.862500 0.590278 0.01 0.01
0 0.867969 0.727778 0.01 0.01
0 0.859375 0.869444 0.01 0.01
0 0.803906 0.943056 0.01 0.01
0 0.721094 0.862500 0.01 0.01
0 0.579687 0.869444 0.01 0.01
0 0.546094 0.813889 0.01 0.01
0 0.478906 0.683333 0.01 0.01
0 0.447656 0.825000 0.01 0.01
0 0.431250 0.801389 0.01 0.01
0 0.409375 0.743056 0.01 0.01
0 0.479688 0.862500 0.01 0.01
0 0.234375 0.633333 0.01 0.01
