0 0.877927 0.393047 0.01 0.01
0 0.879913 0.363636 0.01 0.01
0 0.828295 0.374224 0.01 0.01
0 0.843516 0.320106 0.01 0.01
0 0.842192 0.302459 0.01 0.01
0 0.843516 0.241283 0.01 0.01
0 0.850133 0.234224 0.01 0.01
0 0.843516 0.220106 0.01 0.01
0 0.858074 0.149518 0.01 0.01
0 0.846824 0.108342 0.01 0.01
0 0.821677 0.108342 0.01 0.01
0 0.819692 0.116577 0.01 0.01
0 0.819692 0.129518 0.01 0.01
0 0.834913 0.137753 0.01 0.01
0 0.802486 0.211871 0.01 0.01
0 0.765427 0.162459 0.01 0.01
0 0.786604 0.118930 0.01 0.01
0 0.794545 0.093047 0.01 0.01
0 0.789251 0.093047 0.01 0.01
0 0.764104 0.093047 0.01 0.01
0 0.740280 0.062459 0.01 0.01
0 0.736310 0.078930 0.01 0.01
0 0.729692 0.131871 0.01 0.01
0 0.719104 0.081283 0.01 0.01
0 0.711163 0.091871 0.01 0.01
0 0.701898 0.065989 0.01 0.01
0 0.693295 0.082459 0.01 0.01
0 0.680060 0.089518 0.01 0.01
0 0.705869 0.145989 0.01 0.01
0 0.709839 0.160106 0.01 0.01
0 0.693295 0.196577 0.01 0.01
0 0.656236 0.133047 0.01 0.01
0 0.628442 0.103636 0.01 0.01
0 0.621824 0.094224 0.01 0.01
0 0.629766 0.196577 0.01 0.01
0 0.629766 0.275400 0.01 0.01
0 0.583442 0.256577 0.01 0.01
0 0.570869 0.162459 0.01 0.01
0 0.553001 0.194224 0.01 0.01
0 0.511310 0.200106 0.01 0.01
0 0.476236 0.177753 0.01 0.01
0 0.501383 0.133047 0.01 0.01
0 0.536457 0.094224 0.01 0.01
0 0.560280 0.093047 0.01 0.01
0 0.565574 0.090694 0.01 0.01
0 0.517266 0.071871 0.01 0.01
0 0.505354 0.093047 0.01 0.01
0 0.495427 0.077753 0.01 0.01
0 0.494766 0.091871 0.01 0.01
0 0.486824 0.096577 0.01 0.01
0 0.466971 0.117753 0.01 0.01
0 0.423957 0.100106 0.01 0.01
0 0.416677 0.096577 0.01 0.01
0 0.378957 0.103636 0.01 0.01
0 0.361751 0.137753 0.01 0.01
0 0.351824 0.140106 0.01 0.01
0 0.349839 0.141283 0.01 0.01
0 0.344545 0.160106 0.01 0.01
0 0.351824 0.103636 0.01 0.01
0 0.341236 0.089518 0.01 0.01
0 0.328663 0.096577 0.01 0.01
0 0.316089 0.085989 0.01 0.01
0 0.303516 0.100106 0.01 0.01
0 0.299545 0.113047 0.01 0.01
0 0.288957 0.085989 0.01 0.01
0 0.275060 0.093047 0.01 0.01
0 0.273074 0.100106 0.01 0.01
0 0.273074 0.056577 0.01 0.01
0 0.255869 0.097753 0.01 0.01
0 0.243957 0.101283 0.01 0.01
0 0.225427 0.057753 0.01 0.01
0 0.210869 0.073047 0.01 0.01
0 0.192339 0.061283 0.01 0.01
0 0.193001 0.104812 0.01 0.01
0 0.202927 0.125989 0.01 0.01
0 0.204913 0.143636 0.01 0.01
0 0.200280 0.148342 0.01 0.01
0 0.199619 0.156577 0.01 0.01
0 0.229398 0.168342 0.01 0.01
0 0.222119 0.140106 0.01 0.01
0 0.228074 0.108342 0.01 0.01
0 0.263810 0.145989 0.01 0.01
0 0.262486 0.175400 0.01 0.01
0 0.167192 0.277753 0.01 0.01
0 0.202927 0.281283 0.01 0.01
0 0.194324 0.301283 0.01 0.01
0 0.201604 0.313047 0.01 0.01
0 0.198957 0.342459 0.01 0.01
0 0.193663 0.348341 0.01 0.01
0 0.218810 0.370694 0.01 0.01
0 0.218810 0.304812 0.01 0.01
0 0.236016 0.271871 0.01 0.01
0 0.314104 0.290694 0.01 0.01
0 0.390207 0.210694 0.01 0.01
0 0.432560 0.351871 0.01 0.01
0 0.459030 0.329518 0.01 0.01
0 0.481530 0.340106 0.01 0.01
0 0.507339 0.368341 0.01 0.01
0 0.508663 0.314224 0.01 0.01
0 0.554324 0.323636 0.01 0.01
0 0.533810 0.373047 0.01 0.01
0 0.545060 0.381283 0.01 0.01
0 0.568222 0.425989 0.01 0.01
0 0.557633 0.407165 0.01 0.01
0 0.529177 0.463636 0.01 0.01
0 0.529839 0.518930 0.01 0.01
0 0.551677 0.504812 0.01 0.01
0 0.490133 0.422459 0.01 0.01
0 0.455722 0.433047 0.01 0.01
0 0.447780 0.478930 0.01 0.01
0 0.412707 0.551871 0.01 0.01
0 0.384913 0.458930 0.01 0.01
0 0.398810 0.590694 0.01 0.01
0 0.410060 0.615400 0.01 0.01
0 0.337266 0.509518 0.01 0.01
0 0.326677 0.502459 0.01 0.01
0 0.310133 0.474224 0.01 0.01
0 0.248589 0.478930 0.01 0.01
0 0.259839 0.389518 0.01 0.01
0 0.236677 0.415400 0.01 0.01
0 0.203589 0.416577 0.01 0.01
0 0.204913 0.442459 0.01 0.01
0 0.198295 0.458930 0.01 0.01
0 0.203589 0.501283 0.01 0.01
0 0.198295 0.509518 0.01 0.01
0 0.222780 0.496577 0.01 0.01
0 0.226089 0.525989 0.01 0.01
0 0.200942 0.540106 0.01 0.01
0 0.206236 0.567165 0.01 0.01
0 0.198295 0.575400 0.01 0.01
0 0.167192 0.580106 0.01 0.01
0 0.155280 0.576577 0.01 0.01
0 0.198295 0.615400 0.01 0.01
0 0.210869 0.603636 0.01 0.01
0 0.202266 0.662459 0.01 0.01
0 0.200280 0.682459 0.01 0.01
0 0.194986 0.714224 0.01 0.01
0 0.241310 0.673047 0.01 0.01
0 0.261163 0.596577 0.01 0.01
0 0.328001 0.604812 0.01 0.01
0 0.334619 0.585989 0.01 0.01
0 0.338589 0.650694 0.01 0.01
0 0.307486 0.674224 0.01 0.01
0 0.320722 0.740106 0.01 0.01
0 0.255207 0.731871 0.01 0.01
0 0.263148 0.742459 0.01 0.01
0 0.235354 0.757753 0.01 0.01
0 0.222119 0.742459 0.01 0.01
0 0.200942 0.767165 0.01 0.01
0 0.208883 0.815400 0.01 0.01
0 0.200280 0.835400 0.01 0.01
0 0.208222 0.842459 0.01 0.01
0 0.208222 0.856577 0.01 0.01
0 0.216163 0.851871 0.01 0.01
0 0.178442 0.889518 0.01 0.01
0 0.221457 0.867165 0.01 0.01
0 0.230722 0.822459 0.01 0.01
0 0.237339 0.814224 0.01 0.01
0 0.259177 0.827165 0.01 0.01
0 0.264472 0.881283 0.01 0.01
0 0.271751 0.905989 0.01 0.01
0 0.286972 0.941283 0.01 0.01
0 0.288957 0.877753 0.01 0.01
0 0.292927 0.862459 0.01 0.01
0 0.306824 0.888342 0.01 0.01
0 0.380942 0.787165 0.01 0.01
0 0.387560 0.731871 0.01 0.01
0 0.419986 0.823636 0.01 0.01
0 0.428589 0.894224 0.01 0.01
0 0.444472 0.883636 0.01 0.01
0 0.476898 0.845989 0.01 0.01
0 0.491457 0.822459 0.01 0.01
0 0.504692 0.830694 0.01 0.01
0 0.515942 0.808341 0.01 0.01
0 0.458369 0.640106 0.01 0.01
0 0.482192 0.634224 0.01 0.01
0 0.503369 0.580106 0.01 0.01
0 0.505354 0.557753 0.01 0.01
0 0.529839 0.633047 0.01 0.01
0 0.525207 0.693047 0.01 0.01
0 0.521898 0.734224 0.01 0.01
0 0.558295 0.831871 0.01 0.01
0 0.554324 0.789518 0.01 0.01
0 0.592045 0.728342 0.01 0.01
0 0.579471 0.684812 0.01 0.01
0 0.589398 0.634224 0.01 0.01
0 0.617854 0.551871 0.01 0.01
0 0.605280 0.530694 0.01 0.01
0 0.644324 0.410694 0.01 0.01
0 0.675427 0.451871 0.01 0.01
0 0.686016 0.430694 0.01 0.01
0 0.678736 0.413047 0.01 0.01
0 0.691310 0.357753 0.01 0.01
0 0.741604 0.237753 0.01 0.01
0 0.830942 0.576577 0.01 0.01
0 0.840207 0.547165 0.01 0.01
0 0.737633 0.564812 0.01 0.01
0 0.691310 0.571871 0.01 0.01
0 0.669472 0.508341 0.01 0.01
0 0.650280 0.623636 0.01 0.01
0 0.692633 0.580106 0.01 0.01
0 0.721751 0.663636 0.01 0.01
0 0.718442 0.718930 0.01 0.01
0 0.744913 0.740106 0.01 0.01
0 0.760133 0.654224 0.01 0.01
0 0.783957 0.633047 0.01 0.01
0 0.844839 0.701283 0.01 0.01
0 0.850795 0.694224 0.01 0.01
0 0.880574 0.650694 0.01 0.01
0 0.846163 0.751871 0.01 0.01
0 0.844177 0.822459 0.01 0.01
0 0.864030 0.808341 0.01 0.01
0 0.836898 0.858930 0.01 0.01
0 0.836236 0.849518 0.01 0.01
0 0.847486 0.847165 0.01 0.01
0 0.823001 0.874224 0.01 0.01
0 0.826310 0.849518 0.01 0.01
0 0.848810 0.901283 0.01 0.01
0 0.850795 0.924812 0.01 0.01
0 0.794545 0.873047 0.01 0.01
0 0.785942 0.888342 0.01 0.01
0 0.765427 0.887165 0.01 0.01
0 0.742266 0.882459 0.01 0.01
0 0.704545 0.887165 0.01 0.01
0 0.678074 0.884812 0.01 0.01
0 0.668810 0.889518 0.01 0.01
0 0.643001 0.894224 0.01 0.01
0 0.607927 0.935400 0.01 0.01
0 0.601310 0.891871 0.01 0.01
0 0.608589 0.884812 0.01 0.01
0 0.606604 0.851871 0.01 0.01
0 0.742927 0.822459 0.01 0.01
0 0.789251 0.795400 0.01 0.01
0 0.691310 0.863636 0.01 0.01
0 0.801824 0.513047 0.01 0.01
0 0.648957 0.434224 0.01 0.01
