0 0.176457 0.150694 0.01 0.01
0 0.165869 0.129518 0.01 0.01
0 0.176457 0.107165 0.01 0.01
0 0.155280 0.062459 0.01 0.01
0 0.191677 0.031871 0.01 0.01
0 0.234692 0.044812 0.01 0.01
0 0.246604 0.054224 0.01 0.01
0 0.261163 0.050694 0.01 0.01
0 0.259177 0.056577 0.01 0.01
0 0.273074 0.055400 0.01 0.01
0 0.268442 0.089518 0.01 0.01
0 0.216163 0.087165 0.01 0.01
0 0.214177 0.082459 0.01 0.01
0 0.212854 0.077753 0.01 0.01
0 0.216163 0.074224 0.01 0.01
0 0.218148 0.070694 0.01 0.01
0 0.215501 0.062459 0.01 0.01
0 0.208883 0.065989 0.01 0.01
0 0.204913 0.063636 0.01 0.01
0 0.202266 0.089518 0.01 0.01
0 0.193001 0.085989 0.01 0.01
0 0.199619 0.101283 0.01 0.01
0 0.207560 0.089518 0.01 0.01
0 0.196972 0.121283 0.01 0.01
0 0.211530 0.127165 0.01 0.01
0 0.221457 0.138930 0.01 0.01
0 0.332633 0.071871 0.01 0.01
0 0.329324 0.042459 0.01 0.01
0 0.354472 0.060106 0.01 0.01
0 0.369030 0.056577 0.01 0.01
0 0.394839 0.049518 0.01 0.01
0 0.415354 0.070694 0.01 0.01
0 0.423295 0.056577 0.01 0.01
0 0.437854 0.061283 0.01 0.01
0 0.441163 0.040106 0.01 0.01
0 0.464986 0.091871 0.01 0.01
0 0.458369 0.114224 0.01 0.01
0 0.359104 0.127165 0.01 0.01
0 0.342560 0.140106 0.01 0.01
0 0.252560 0.222459 0.01 0.01
0 0.232707 0.245989 0.01 0.01
0 0.191016 0.242459 0.01 0.01
0 0.196310 0.210694 0.01 0.01
0 0.193663 0.262459 0.01 0.01
0 0.193663 0.273047 0.01 0.01
0 0.192339 0.284812 0.01 0.01
0 0.181089 0.300106 0.01 0.01
0 0.171824 0.289518 0.01 0.01
0 0.321383 0.277753 0.01 0.01
0 0.373001 0.324812 0.01 0.01
0 0.424619 0.287165 0.01 0.01
0 0.413369 0.236577 0.01 0.01
0 0.474251 0.193047 0.01 0.01
0 0.498736 0.174224 0.01 0.01
0 0.531824 0.168342 0.01 0.01
0 0.506677 0.124812 0.01 0.01
0 0.488810 0.045989 0.01 0.01
0 0.521898 0.055400 0.01 0.01
0 0.529177 0.050694 0.01 0.01
0 0.563589 0.064812 0.01 0.01
0 0.570869 0.074224 0.01 0.01
0 0.589398 0.067165 0.01 0.01
0 0.601972 0.067165 0.01 0.01
0 0.654251 0.056577 0.01 0.01
0 0.646310 0.044812 0.01 0.01
0 0.667486 0.056577 0.01 0.01
0 0.676089 0.056577 0.01 0.01
0 0.686677 0.057753 0.01 0.01
0 0.697266 0.058930 0.01 0.01
0 0.702560 0.062459 0.01 0.01
0 0.718442 0.050694 0.01 0.01
0 0.723736 0.057753 0.01 0.01
0 0.737633 0.047165 0.01 0.01
0 0.746898 0.049518 0.01 0.01
0 0.735648 0.082459 0.01 0.01
0 0.709177 0.103636 0.01 0.01
0 0.698589 0.125989 0.01 0.01
0 0.662854 0.093047 0.01 0.01
0 0.619177 0.140106 0.01 0.01
0 0.568222 0.142459 0.01 0.01
0 0.762780 0.061283 0.01 0.01
0 0.770722 0.065989 0.01 0.01
0 0.781310 0.067165 0.01 0.01
0 0.800501 0.070694 0.01 0.01
0 0.817707 0.082459 0.01 0.01
0 0.817045 0.095400 0.01 0.01
0 0.822339 0.103636 0.01 0.01
0 0.836236 0.064812 0.01 0.01
0 0.836898 0.105989 0.01 0.01
0 0.823663 0.123636 0.01 0.01
0 0.828957 0.154224 0.01 0.01
0 0.832266 0.155400 0.01 0.01
0 0.827633 0.161283 0.01 0.01
0 0.830280 0.169518 0.01 0.01
0 0.807119 0.181283 0.01 0.01
0 0.854104 0.238930 0.01 0.01
0 0.827633 0.283636 0.01 0.01
0 0.826310 0.288341 0.01 0.01
0 0.747560 0.248342 0.01 0.01
0 0.779986 0.361283 0.01 0.01
0 0.830942 0.362459 0.01 0.01
0 0.854104 0.458930 0.01 0.01
0 0.858074 0.462459 0.01 0.01
0 0.797192 0.485989 0.01 0.01
0 0.815722 0.538930 0.01 0.01
0 0.823001 0.542459 0.01 0.01
0 0.828295 0.551871 0.01 0.01
0 0.826310 0.567165 0.01 0.01
0 0.805795 0.577753 0.01 0.01
0 0.830942 0.622459 0.01 0.01
0 0.866016 0.714224 0.01 0.01
0 0.864692 0.756577 0.01 0.01
0 0.833589 0.736577 0.01 0.01
0 0.836236 0.721283 0.01 0.01
0 0.826310 0.717753 0.01 0.01
0 0.832266 0.780106 0.01 0.01
0 0.844177 0.805989 0.01 0.01
0 0.848810 0.824812 0.01 0.01
0 0.817707 0.837753 0.01 0.01
0 0.803810 0.833047 0.01 0.01
0 0.813736 0.800106 0.01 0.01
0 0.815060 0.882459 0.01 0.01
0 0.774030 0.847165 0.01 0.01
0 0.765427 0.844812 0.01 0.01
0 0.758148 0.717753 0.01 0.01
0 0.776677 0.696577 0.01 0.01
0 0.740942 0.840106 0.01 0.01
0 0.715133 0.850694 0.01 0.01
0 0.702560 0.847165 0.01 0.01
0 0.656898 0.805989 0.01 0.01
0 0.611236 0.837753 0.01 0.01
0 0.586751 0.841283 0.01 0.01
0 0.580795 0.789518 0.01 0.01
0 0.571530 0.785989 0.01 0.01
0 0.583442 0.760106 0.01 0.01
0 0.619839 0.763636 0.01 0.01
0 0.701898 0.681283 0.01 0.01
0 0.633736 0.648341 0.01 0.01
0 0.678074 0.598930 0.01 0.01
0 0.639692 0.554224 0.01 0.01
0 0.625795 0.525989 0.01 0.01
0 0.605942 0.447165 0.01 0.01
0 0.656898 0.483636 0.01 0.01
0 0.673442 0.433047 0.01 0.01
0 0.638369 0.389518 0.01 0.01
0 0.648295 0.388342 0.01 0.01
0 0.662192 0.373047 0.01 0.01
0 0.642339 0.330694 0.01 0.01
0 0.596016 0.250694 0.01 0.01
0 0.586751 0.241283 0.01 0.01
0 0.584104 0.229518 0.01 0.01
0 0.508663 0.256577 0.01 0.01
0 0.505354 0.313047 0.01 0.01
0 0.510648 0.333047 0.01 0.01
0 0.562266 0.316577 0.01 0.01
0 0.580795 0.340106 0.01 0.01
0 0.478883 0.367165 0.01 0.01
0 0.473589 0.387165 0.01 0.01
0 0.443810 0.424812 0.01 0.01
0 0.441824 0.395400 0.01 0.01
0 0.423957 0.383636 0.01 0.01
0 0.478883 0.447165 0.01 0.01
0 0.535133 0.425989 0.01 0.01
0 0.543074 0.517753 0.01 0.01
0 0.579471 0.603636 0.01 0.01
0 0.569545 0.658930 0.01 0.01
0 0.576163 0.683636 0.01 0.01
0 0.517266 0.698930 0.01 0.01
0 0.508001 0.638930 0.01 0.01
0 0.464324 0.589518 0.01 0.01
0 0.476898 0.560106 0.01 0.01
0 0.479545 0.536577 0.01 0.01
0 0.492119 0.544812 0.01 0.01
0 0.446457 0.622459 0.01 0.01
0 0.432560 0.588342 0.01 0.01
0 0.465648 0.702459 0.01 0.01
0 0.478222 0.751871 0.01 0.01
0 0.511310 0.815400 0.01 0.01
0 0.524545 0.843636 0.01 0.01
0 0.494104 0.837753 0.01 0.01
0 0.472266 0.836577 0.01 0.01
0 0.468957 0.843636 0.01 0.01
0 0.442486 0.873047 0.01 0.01
0 0.436530 0.836577 0.01 0.01
0 0.423957 0.825989 0.01 0.01
0 0.421971 0.798930 0.01 0.01
0 0.394839 0.815400 0.01 0.01
0 0.329986 0.704812 0.01 0.01
0 0.314104 0.690694 0.01 0.01
0 0.352486 0.608342 0.01 0.01
0 0.374986 0.567165 0.01 0.01
0 0.319398 0.535400 0.01 0.01
0 0.345869 0.422459 0.01 0.01
0 0.268442 0.431871 0.01 0.01
0 0.264472 0.440106 0.01 0.01
0 0.251898 0.367165 0.01 0.01
0 0.193001 0.383636 0.01 0.01
0 0.187707 0.377753 0.01 0.01
0 0.190354 0.401283 0.01 0.01
0 0.173810 0.393047 0.01 0.01
0 0.146016 0.527165 0.01 0.01
0 0.193663 0.520106 0.01 0.01
0 0.192339 0.470694 0.01 0.01
0 0.194324 0.575400 0.01 0.01
0 0.177780 0.587165 0.01 0.01
0 0.159913 0.607165 0.01 0.01
0 0.189030 0.617753 0.01 0.01
0 0.189692 0.629518 0.01 0.01
0 0.183736 0.641283 0.01 0.01
0 0.179766 0.645989 0.01 0.01
0 0.191677 0.669518 0.01 0.01
0 0.188369 0.713047 0.01 0.01
0 0.138074 0.756577 0.01 0.01
0 0.136751 0.815400 0.01 0.01
0 0.178442 0.797753 0.01 0.01
0 0.189030 0.776577 0.01 0.01
0 0.194986 0.793047 0.01 0.01
0 0.197633 0.793047 0.01 0.01
0 0.199619 0.804812 0.01 0.01
0 0.204913 0.807165 0.01 0.01
0 0.200942 0.822459 0.01 0.01
0 0.207560 0.820106 0.01 0.01
0 0.220795 0.821283 0.01 0.01
0 0.212192 0.790694 0.01 0.01
0 0.214177 0.845989 0.01 0.01
0 0.187045 0.849518 0.01 0.01
0 0.176457 0.854224 0.01 0.01
0 0.222780 0.861283 0.01 0.01
0 0.232045 0.843636 0.01 0.01
0 0.258516 0.833047 0.01 0.01
0 0.264472 0.836577 0.01 0.01
0 0.287633 0.840106 0.01 0.01
0 0.320722 0.835400 0.01 0.01
0 0.222780 0.765989 0.01 0.01
0 0.243295 0.760106 0.01 0.01
0 0.257192 0.742459 0.01 0.01
0 0.247266 0.707165 0.01 0.01
0 0.238001 0.708342 0.01 0.01
0 0.287633 0.725989 0.01 0.01
0 0.267119 0.667165 0.01 0.01
0 0.286310 0.647165 0.01 0.01
0 0.295574 0.637753 0.01 0.01
0 0.277045 0.596577 0.01 0.01
0 0.262486 0.607165 0.01 0.01
0 0.249913 0.561283 0.01 0.01
