0 0.839545 0.881283 0.01 0.01
0 0.847486 0.860106 0.01 0.01
0 0.751530 0.849518 0.01 0.01
0 0.852119 0.689518 0.01 0.01
0 0.847486 0.574224 0.01 0.01
0 0.724398 0.497753 0.01 0.01
0 0.710501 0.463636 0.01 0.01
0 0.643001 0.549518 0.01 0.01
0 0.838222 0.630694 0.01 0.01
0 0.825648 0.334224 0.01 0.01
0 0.854104 0.204812 0.01 0.01
0 0.777339 0.178930 0.01 0.01
0 0.780648 0.147165 0.01 0.01
0 0.783295 0.074224 0.01 0.01
0 0.644986 0.177753 0.01 0.01
0 0.610574 0.150694 0.01 0.01
0 0.525207 0.056577 0.01 0.01
0 0.436530 0.085989 0.01 0.01
0 0.409398 0.050694 0.01 0.01
0 0.411383 0.035400 0.01 0.01
0 0.302192 0.235400 0.01 0.01
0 0.370354 0.549518 0.01 0.01
0 0.209545 0.663636 0.01 0.01
0 0.377633 0.876577 0.01 0.01
0 0.370354 0.903636 0.01 0.01
0 0.386898 0.744812 0.01 0.01
0 0.470942 0.693047 0.01 0.01
0 0.455060 0.777753 0.01 0.01
0 0.504030 0.931871 0.01 0.01
0 0.455722 0.953047 0.01 0.01
0 0.537119 0.830694 0.01 0.01
0 0.665501 0.302459 0.01 0.01
0 0.381604 0.403636 0.01 0.01
0 0.488810 0.484812 0.01 0.01
