0 0.787500 0.109722 0.01 0.01
0 0.787500 0.065278 0.01 0.01
0 0.849219 0.133333 0.01 0.01
0 0.838281 0.234722 0.01 0.01
0 0.795313 0.206944 0.01 0.01
0 0.839844 0.537500 0.01 0.01
0 0.857031 0.625000 0.01 0.01
0 0.874219 0.573611 0.01 0.01
0 0.849219 0.813889 0.01 0.01
0 0.841406 0.868056 0.01 0.01
0 0.769531 0.836111 0.01 0.01
0 0.542969 0.836111 0.01 0.01
0 0.519531 0.944444 0.01 0.01
0 0.470313 0.877778 0.01 0.01
0 0.339844 0.930556 0.01 0.01
0 0.213281 0.673611 0.01 0.01
0 0.380469 0.741667 0.01 0.01
0 0.499219 0.661111 0.01 0.01
0 0.633594 0.552778 0.01 0.01
0 0.738281 0.463889 0.01 0.01
0 0.727344 0.433333 0.01 0.01
0 0.708594 0.180556 0.01 0.01
0 0.629687 0.077778 0.01 0.01
0 0.609375 0.080556 0.01 0.01
0 0.604688 0.175000 0.01 0.01
0 0.503125 0.155556 0.01 0.01
0 0.428125 0.531944 0.01 0.01
0 0.371094 0.536111 0.01 0.01
0 0.396094 0.372222 0.01 0.01
0 0.289844 0.186111 0.01 0.01
0 0.257031 0.034722 0.01 0.01
0 0.377344 0.338889 0.01 0.01
