0 0.826310 0.285989 0.01 0.01
0 0.828295 0.278930 0.01 0.01
0 0.854104 0.238930 0.01 0.01
0 0.748222 0.256577 0.01 0.01
0 0.808442 0.180106 0.01 0.01
0 0.830942 0.171871 0.01 0.01
0 0.829619 0.165989 0.01 0.01
0 0.828957 0.157753 0.01 0.01
0 0.832927 0.155400 0.01 0.01
0 0.824324 0.120106 0.01 0.01
0 0.822339 0.107165 0.01 0.01
0 0.817045 0.096577 0.01 0.01
0 0.817045 0.081283 0.01 0.01
0 0.836236 0.104812 0.01 0.01
0 0.836236 0.063636 0.01 0.01
0 0.801824 0.074224 0.01 0.01
0 0.780648 0.067165 0.01 0.01
0 0.770722 0.065989 0.01 0.01
0 0.762119 0.058930 0.01 0.01
0 0.746898 0.047165 0.01 0.01
0 0.735648 0.047165 0.01 0.01
0 0.724398 0.057753 0.01 0.01
0 0.719104 0.053047 0.01 0.01
0 0.733663 0.076577 0.01 0.01
0 0.706530 0.100106 0.01 0.01
0 0.697266 0.125989 0.01 0.01
0 0.662192 0.094224 0.01 0.01
0 0.702560 0.062459 0.01 0.01
0 0.697266 0.058930 0.01 0.01
0 0.684692 0.057753 0.01 0.01
0 0.675427 0.054224 0.01 0.01
0 0.667486 0.054224 0.01 0.01
0 0.659545 0.045989 0.01 0.01
0 0.654251 0.055400 0.01 0.01
0 0.647633 0.047165 0.01 0.01
0 0.601310 0.068342 0.01 0.01
0 0.590721 0.067165 0.01 0.01
0 0.590060 0.060106 0.01 0.01
0 0.570869 0.074224 0.01 0.01
0 0.563589 0.063636 0.01 0.01
0 0.526530 0.051871 0.01 0.01
0 0.523883 0.053047 0.01 0.01
0 0.486824 0.044812 0.01 0.01
0 0.438516 0.057753 0.01 0.01
0 0.439839 0.043636 0.01 0.01
0 0.423295 0.056577 0.01 0.01
0 0.416016 0.068342 0.01 0.01
0 0.394839 0.047165 0.01 0.01
0 0.367707 0.057753 0.01 0.01
0 0.355133 0.057753 0.01 0.01
0 0.331971 0.069518 0.01 0.01
0 0.330648 0.044812 0.01 0.01
0 0.267780 0.089518 0.01 0.01
0 0.271751 0.055400 0.01 0.01
0 0.259177 0.060106 0.01 0.01
0 0.257192 0.056577 0.01 0.01
0 0.259177 0.054224 0.01 0.01
0 0.245942 0.051871 0.01 0.01
0 0.236016 0.043636 0.01 0.01
0 0.191016 0.029518 0.01 0.01
0 0.155942 0.058930 0.01 0.01
0 0.165207 0.128342 0.01 0.01
0 0.175133 0.147165 0.01 0.01
0 0.176457 0.104812 0.01 0.01
0 0.196310 0.120106 0.01 0.01
0 0.208883 0.124812 0.01 0.01
0 0.220795 0.138930 0.01 0.01
0 0.200280 0.102459 0.01 0.01
0 0.200942 0.089518 0.01 0.01
0 0.191677 0.082459 0.01 0.01
0 0.207560 0.091871 0.01 0.01
0 0.214839 0.085989 0.01 0.01
0 0.219471 0.068342 0.01 0.01
0 0.216163 0.070694 0.01 0.01
0 0.212192 0.074224 0.01 0.01
0 0.214839 0.064812 0.01 0.01
0 0.207560 0.065989 0.01 0.01
0 0.206236 0.063636 0.01 0.01
0 0.230722 0.245989 0.01 0.01
0 0.254545 0.225989 0.01 0.01
0 0.193001 0.238930 0.01 0.01
0 0.189692 0.241283 0.01 0.01
0 0.196972 0.210694 0.01 0.01
0 0.193001 0.263636 0.01 0.01
0 0.193663 0.271871 0.01 0.01
0 0.192339 0.282459 0.01 0.01
0 0.181751 0.297753 0.01 0.01
0 0.173148 0.287165 0.01 0.01
0 0.186383 0.371871 0.01 0.01
0 0.175133 0.390694 0.01 0.01
0 0.189692 0.401283 0.01 0.01
0 0.192339 0.382459 0.01 0.01
0 0.200280 0.351871 0.01 0.01
0 0.249913 0.365989 0.01 0.01
0 0.262486 0.435400 0.01 0.01
0 0.267780 0.428342 0.01 0.01
0 0.322045 0.276577 0.01 0.01
0 0.343883 0.137753 0.01 0.01
0 0.359104 0.127165 0.01 0.01
0 0.372339 0.325989 0.01 0.01
0 0.414692 0.237753 0.01 0.01
0 0.423295 0.290694 0.01 0.01
0 0.460354 0.109518 0.01 0.01
0 0.464986 0.095400 0.01 0.01
0 0.506677 0.125989 0.01 0.01
0 0.498736 0.173047 0.01 0.01
0 0.472927 0.191871 0.01 0.01
0 0.530501 0.173047 0.01 0.01
0 0.568222 0.142459 0.01 0.01
0 0.619839 0.141283 0.01 0.01
0 0.599324 0.244812 0.01 0.01
0 0.590060 0.236577 0.01 0.01
0 0.584766 0.229518 0.01 0.01
0 0.509986 0.256577 0.01 0.01
0 0.505354 0.308342 0.01 0.01
0 0.510648 0.329518 0.01 0.01
0 0.564913 0.318930 0.01 0.01
0 0.581457 0.338930 0.01 0.01
0 0.640354 0.331871 0.01 0.01
0 0.648295 0.385989 0.01 0.01
0 0.639030 0.389518 0.01 0.01
0 0.660869 0.375400 0.01 0.01
0 0.607266 0.442459 0.01 0.01
0 0.672119 0.434224 0.01 0.01
0 0.777339 0.361283 0.01 0.01
0 0.830280 0.361283 0.01 0.01
0 0.854766 0.457753 0.01 0.01
0 0.858736 0.463636 0.01 0.01
0 0.794545 0.487165 0.01 0.01
0 0.818369 0.535400 0.01 0.01
0 0.823663 0.544812 0.01 0.01
0 0.828957 0.550694 0.01 0.01
0 0.826310 0.565989 0.01 0.01
0 0.805133 0.576577 0.01 0.01
0 0.830942 0.621283 0.01 0.01
0 0.866016 0.708342 0.01 0.01
0 0.864030 0.750694 0.01 0.01
0 0.832927 0.736577 0.01 0.01
0 0.836236 0.722459 0.01 0.01
0 0.828295 0.715400 0.01 0.01
0 0.832266 0.775400 0.01 0.01
0 0.842854 0.797753 0.01 0.01
0 0.848148 0.823636 0.01 0.01
0 0.814398 0.797753 0.01 0.01
0 0.817045 0.835400 0.01 0.01
0 0.802486 0.834224 0.01 0.01
0 0.815722 0.881283 0.01 0.01
0 0.775354 0.845989 0.01 0.01
0 0.764104 0.843636 0.01 0.01
0 0.740280 0.838930 0.01 0.01
0 0.758810 0.715400 0.01 0.01
0 0.774692 0.697753 0.01 0.01
0 0.715795 0.849518 0.01 0.01
0 0.701898 0.845989 0.01 0.01
0 0.657560 0.805989 0.01 0.01
0 0.609913 0.835400 0.01 0.01
0 0.586751 0.840106 0.01 0.01
0 0.578148 0.787165 0.01 0.01
0 0.573516 0.787165 0.01 0.01
0 0.584766 0.756577 0.01 0.01
0 0.619839 0.762459 0.01 0.01
0 0.702560 0.682459 0.01 0.01
0 0.678074 0.597753 0.01 0.01
0 0.640354 0.554224 0.01 0.01
0 0.622486 0.528342 0.01 0.01
0 0.658222 0.482459 0.01 0.01
0 0.633074 0.647165 0.01 0.01
0 0.576163 0.683636 0.01 0.01
0 0.570207 0.657753 0.01 0.01
0 0.578148 0.603636 0.01 0.01
0 0.551677 0.609518 0.01 0.01
0 0.543074 0.517753 0.01 0.01
0 0.534472 0.428342 0.01 0.01
0 0.479545 0.447165 0.01 0.01
0 0.445133 0.424812 0.01 0.01
0 0.439839 0.395400 0.01 0.01
0 0.423957 0.382459 0.01 0.01
0 0.472927 0.387165 0.01 0.01
0 0.479545 0.364812 0.01 0.01
0 0.492119 0.542459 0.01 0.01
0 0.479545 0.534224 0.01 0.01
0 0.478222 0.560106 0.01 0.01
0 0.466310 0.587165 0.01 0.01
0 0.446457 0.627165 0.01 0.01
0 0.431236 0.587165 0.01 0.01
0 0.508001 0.637753 0.01 0.01
0 0.517266 0.697753 0.01 0.01
0 0.467633 0.701283 0.01 0.01
0 0.478883 0.756577 0.01 0.01
0 0.510648 0.816577 0.01 0.01
0 0.524545 0.848342 0.01 0.01
0 0.494104 0.838930 0.01 0.01
0 0.471604 0.835400 0.01 0.01
0 0.466971 0.842459 0.01 0.01
0 0.444472 0.869518 0.01 0.01
0 0.438516 0.835400 0.01 0.01
0 0.423957 0.824812 0.01 0.01
0 0.422633 0.798930 0.01 0.01
0 0.395501 0.814224 0.01 0.01
0 0.329986 0.701283 0.01 0.01
0 0.316751 0.687165 0.01 0.01
0 0.349177 0.607165 0.01 0.01
0 0.374324 0.568341 0.01 0.01
0 0.346530 0.422459 0.01 0.01
0 0.320060 0.533047 0.01 0.01
0 0.250574 0.557753 0.01 0.01
0 0.294913 0.638930 0.01 0.01
0 0.287633 0.648341 0.01 0.01
0 0.277707 0.589518 0.01 0.01
0 0.264472 0.603636 0.01 0.01
0 0.287633 0.724812 0.01 0.01
0 0.320060 0.830694 0.01 0.01
0 0.289619 0.838930 0.01 0.01
0 0.264472 0.834224 0.01 0.01
0 0.259839 0.833047 0.01 0.01
0 0.257192 0.740106 0.01 0.01
0 0.247927 0.704812 0.01 0.01
0 0.238001 0.704812 0.01 0.01
0 0.243295 0.757753 0.01 0.01
0 0.192339 0.670694 0.01 0.01
0 0.179766 0.640106 0.01 0.01
0 0.185722 0.637753 0.01 0.01
0 0.190354 0.627165 0.01 0.01
0 0.187707 0.617753 0.01 0.01
0 0.160574 0.605989 0.01 0.01
0 0.157927 0.607165 0.01 0.01
0 0.146016 0.525989 0.01 0.01
0 0.175795 0.581283 0.01 0.01
0 0.193001 0.576577 0.01 0.01
0 0.193001 0.517753 0.01 0.01
0 0.193663 0.469518 0.01 0.01
0 0.188369 0.710694 0.01 0.01
0 0.139398 0.754224 0.01 0.01
0 0.137413 0.816577 0.01 0.01
0 0.180427 0.791871 0.01 0.01
0 0.189030 0.775400 0.01 0.01
0 0.195648 0.791871 0.01 0.01
0 0.197633 0.789518 0.01 0.01
0 0.198957 0.798930 0.01 0.01
0 0.204251 0.807165 0.01 0.01
0 0.207560 0.816577 0.01 0.01
0 0.200942 0.822459 0.01 0.01
0 0.187045 0.847165 0.01 0.01
0 0.212192 0.785989 0.01 0.01
0 0.223442 0.764812 0.01 0.01
0 0.220795 0.818930 0.01 0.01
0 0.215501 0.843636 0.01 0.01
0 0.222119 0.858930 0.01 0.01
0 0.232707 0.841283 0.01 0.01
0 0.175133 0.854224 0.01 0.01
