0 0.819030 0.823636 0.01 0.01
0 0.847486 0.843636 0.01 0.01
0 0.821677 0.808341 0.01 0.01
0 0.817707 0.802459 0.01 0.01
0 0.819692 0.778930 0.01 0.01
0 0.826310 0.773047 0.01 0.01
0 0.826972 0.740106 0.01 0.01
0 0.811751 0.729518 0.01 0.01
0 0.804471 0.741283 0.01 0.01
0 0.801163 0.722459 0.01 0.01
0 0.754839 0.727165 0.01 0.01
0 0.772045 0.837753 0.01 0.01
0 0.748883 0.856577 0.01 0.01
0 0.741604 0.861283 0.01 0.01
0 0.737633 0.900106 0.01 0.01
0 0.699251 0.853047 0.01 0.01
0 0.721089 0.795400 0.01 0.01
0 0.654251 0.853047 0.01 0.01
0 0.641677 0.844812 0.01 0.01
0 0.624472 0.860106 0.01 0.01
0 0.570869 0.902459 0.01 0.01
0 0.578810 0.874224 0.01 0.01
0 0.586751 0.854224 0.01 0.01
0 0.541751 0.856577 0.01 0.01
0 0.580795 0.774224 0.01 0.01
0 0.562927 0.745989 0.01 0.01
0 0.529839 0.778930 0.01 0.01
0 0.703221 0.695400 0.01 0.01
0 0.695942 0.684812 0.01 0.01
0 0.697927 0.634224 0.01 0.01
0 0.738295 0.634224 0.01 0.01
0 0.754839 0.548342 0.01 0.01
0 0.854766 0.602459 0.01 0.01
0 0.827633 0.578930 0.01 0.01
0 0.809766 0.556577 0.01 0.01
0 0.808442 0.525989 0.01 0.01
0 0.813736 0.518930 0.01 0.01
0 0.854766 0.508341 0.01 0.01
0 0.855427 0.430694 0.01 0.01
0 0.763442 0.416577 0.01 0.01
0 0.751530 0.436577 0.01 0.01
0 0.748883 0.448341 0.01 0.01
0 0.707192 0.421283 0.01 0.01
0 0.672119 0.448341 0.01 0.01
0 0.647633 0.491871 0.01 0.01
0 0.609913 0.525989 0.01 0.01
0 0.605280 0.556577 0.01 0.01
0 0.571530 0.616577 0.01 0.01
0 0.560942 0.658930 0.01 0.01
0 0.573516 0.695400 0.01 0.01
0 0.522560 0.682459 0.01 0.01
0 0.515280 0.662459 0.01 0.01
0 0.482854 0.734224 0.01 0.01
0 0.465648 0.774224 0.01 0.01
0 0.473589 0.788342 0.01 0.01
0 0.468295 0.853047 0.01 0.01
0 0.455722 0.851871 0.01 0.01
0 0.423295 0.854224 0.01 0.01
0 0.414030 0.818930 0.01 0.01
0 0.447780 0.725989 0.01 0.01
0 0.367045 0.715400 0.01 0.01
0 0.401457 0.711871 0.01 0.01
0 0.414030 0.685989 0.01 0.01
0 0.427927 0.665989 0.01 0.01
0 0.393516 0.616577 0.01 0.01
0 0.376972 0.622459 0.01 0.01
0 0.391530 0.584812 0.01 0.01
0 0.380942 0.563636 0.01 0.01
0 0.480207 0.615400 0.01 0.01
0 0.484839 0.555400 0.01 0.01
0 0.484839 0.534224 0.01 0.01
0 0.494766 0.524812 0.01 0.01
0 0.468957 0.485989 0.01 0.01
0 0.560280 0.463636 0.01 0.01
0 0.819692 0.355400 0.01 0.01
0 0.813074 0.287165 0.01 0.01
0 0.823001 0.248342 0.01 0.01
0 0.769398 0.264812 0.01 0.01
0 0.817707 0.217753 0.01 0.01
0 0.818369 0.203636 0.01 0.01
0 0.818369 0.169518 0.01 0.01
0 0.828957 0.156577 0.01 0.01
0 0.817045 0.135400 0.01 0.01
0 0.815722 0.120106 0.01 0.01
0 0.791898 0.137753 0.01 0.01
0 0.800501 0.090694 0.01 0.01
0 0.794545 0.073047 0.01 0.01
0 0.804471 0.058930 0.01 0.01
0 0.773369 0.088342 0.01 0.01
0 0.764766 0.082459 0.01 0.01
0 0.772045 0.067165 0.01 0.01
0 0.766089 0.056577 0.01 0.01
0 0.756163 0.061283 0.01 0.01
0 0.754839 0.071871 0.01 0.01
0 0.750207 0.070694 0.01 0.01
0 0.746236 0.040106 0.01 0.01
0 0.732339 0.073047 0.01 0.01
0 0.727045 0.096577 0.01 0.01
0 0.733001 0.135400 0.01 0.01
0 0.715795 0.045989 0.01 0.01
0 0.677413 0.133047 0.01 0.01
0 0.676751 0.115400 0.01 0.01
0 0.658222 0.074224 0.01 0.01
0 0.635722 0.078930 0.01 0.01
0 0.636383 0.069518 0.01 0.01
0 0.622486 0.069518 0.01 0.01
0 0.601972 0.071871 0.01 0.01
0 0.589398 0.069518 0.01 0.01
0 0.577486 0.087165 0.01 0.01
0 0.578148 0.067165 0.01 0.01
0 0.563589 0.075400 0.01 0.01
0 0.563589 0.068342 0.01 0.01
0 0.639030 0.225989 0.01 0.01
0 0.594692 0.245989 0.01 0.01
0 0.674766 0.334224 0.01 0.01
0 0.656236 0.384812 0.01 0.01
0 0.626457 0.402459 0.01 0.01
0 0.612560 0.380106 0.01 0.01
0 0.606604 0.364812 0.01 0.01
0 0.557633 0.378930 0.01 0.01
0 0.562927 0.307165 0.01 0.01
0 0.535133 0.316577 0.01 0.01
0 0.527854 0.344812 0.01 0.01
0 0.497413 0.301283 0.01 0.01
0 0.531824 0.263636 0.01 0.01
0 0.531163 0.208342 0.01 0.01
0 0.475574 0.244812 0.01 0.01
0 0.452413 0.194224 0.01 0.01
0 0.470942 0.165989 0.01 0.01
0 0.494104 0.182459 0.01 0.01
0 0.488810 0.168342 0.01 0.01
0 0.480869 0.114224 0.01 0.01
0 0.507339 0.104812 0.01 0.01
0 0.511972 0.051871 0.01 0.01
0 0.477560 0.060106 0.01 0.01
0 0.473589 0.073047 0.01 0.01
0 0.444472 0.081283 0.01 0.01
0 0.445795 0.057753 0.01 0.01
0 0.423295 0.070694 0.01 0.01
0 0.420648 0.057753 0.01 0.01
0 0.398810 0.073047 0.01 0.01
0 0.344545 0.102459 0.01 0.01
0 0.328663 0.093047 0.01 0.01
0 0.339913 0.061283 0.01 0.01
0 0.320722 0.063636 0.01 0.01
0 0.308810 0.071871 0.01 0.01
0 0.302192 0.117753 0.01 0.01
0 0.279030 0.069518 0.01 0.01
0 0.277045 0.058930 0.01 0.01
0 0.273074 0.071871 0.01 0.01
0 0.269766 0.075400 0.01 0.01
0 0.267119 0.061283 0.01 0.01
0 0.260501 0.073047 0.01 0.01
0 0.247927 0.070694 0.01 0.01
0 0.236016 0.070694 0.01 0.01
0 0.230060 0.073047 0.01 0.01
0 0.230722 0.087165 0.01 0.01
0 0.216824 0.089518 0.01 0.01
0 0.201604 0.077753 0.01 0.01
0 0.200942 0.047165 0.01 0.01
0 0.194986 0.055400 0.01 0.01
0 0.166530 0.074224 0.01 0.01
0 0.163222 0.057753 0.01 0.01
0 0.167854 0.053047 0.01 0.01
0 0.195648 0.103636 0.01 0.01
0 0.186383 0.109518 0.01 0.01
0 0.191016 0.122459 0.01 0.01
0 0.174472 0.120106 0.01 0.01
0 0.181089 0.153047 0.01 0.01
0 0.180427 0.171871 0.01 0.01
0 0.204251 0.160106 0.01 0.01
0 0.213516 0.153047 0.01 0.01
0 0.273736 0.217753 0.01 0.01
0 0.323369 0.241283 0.01 0.01
0 0.226089 0.264812 0.01 0.01
0 0.199619 0.280106 0.01 0.01
0 0.189030 0.282459 0.01 0.01
0 0.182413 0.284812 0.01 0.01
0 0.175795 0.262459 0.01 0.01
0 0.171824 0.240106 0.01 0.01
0 0.181089 0.311871 0.01 0.01
0 0.136089 0.348341 0.01 0.01
0 0.134766 0.631871 0.01 0.01
0 0.179766 0.340106 0.01 0.01
0 0.180427 0.415400 0.01 0.01
0 0.191016 0.396577 0.01 0.01
0 0.196310 0.388342 0.01 0.01
0 0.200942 0.442459 0.01 0.01
0 0.226751 0.449518 0.01 0.01
0 0.241310 0.403636 0.01 0.01
0 0.245942 0.345989 0.01 0.01
0 0.184398 0.502459 0.01 0.01
0 0.178442 0.497753 0.01 0.01
0 0.175133 0.534224 0.01 0.01
0 0.192339 0.510694 0.01 0.01
0 0.189030 0.540106 0.01 0.01
0 0.218810 0.537753 0.01 0.01
0 0.243957 0.580106 0.01 0.01
0 0.206898 0.580106 0.01 0.01
0 0.181089 0.568341 0.01 0.01
0 0.176457 0.605989 0.01 0.01
0 0.187707 0.610694 0.01 0.01
0 0.187707 0.617753 0.01 0.01
0 0.173810 0.645989 0.01 0.01
0 0.166530 0.654224 0.01 0.01
0 0.175795 0.677753 0.01 0.01
0 0.177119 0.701283 0.01 0.01
0 0.178442 0.740106 0.01 0.01
0 0.181089 0.773047 0.01 0.01
0 0.175795 0.803636 0.01 0.01
0 0.158589 0.860106 0.01 0.01
0 0.191677 0.807165 0.01 0.01
0 0.194986 0.823636 0.01 0.01
0 0.217486 0.784812 0.01 0.01
0 0.214177 0.810694 0.01 0.01
0 0.236677 0.807165 0.01 0.01
0 0.248589 0.811871 0.01 0.01
0 0.234692 0.774224 0.01 0.01
0 0.243295 0.741283 0.01 0.01
0 0.236677 0.721283 0.01 0.01
0 0.270427 0.721283 0.01 0.01
0 0.309472 0.869518 0.01 0.01
0 0.313442 0.861283 0.01 0.01
0 0.317413 0.871871 0.01 0.01
0 0.282339 0.855400 0.01 0.01
0 0.271089 0.860106 0.01 0.01
0 0.245942 0.857753 0.01 0.01
0 0.236677 0.860106 0.01 0.01
0 0.230722 0.863636 0.01 0.01
0 0.217486 0.876577 0.01 0.01
0 0.213516 0.850694 0.01 0.01
0 0.228736 0.917753 0.01 0.01
0 0.281677 0.635400 0.01 0.01
0 0.271089 0.610694 0.01 0.01
0 0.318074 0.641283 0.01 0.01
0 0.296236 0.594224 0.01 0.01
0 0.304177 0.577753 0.01 0.01
0 0.312780 0.557753 0.01 0.01
0 0.287633 0.498930 0.01 0.01
0 0.352486 0.478930 0.01 0.01
0 0.428589 0.421283 0.01 0.01
0 0.398810 0.343636 0.01 0.01
0 0.380280 0.285989 0.01 0.01
0 0.431236 0.361283 0.01 0.01
0 0.464986 0.342459 0.01 0.01
0 0.464324 0.401283 0.01 0.01
0 0.450427 0.680106 0.01 0.01
0 0.458369 0.607165 0.01 0.01
