0 0.740625 0.101389 0.01 0.01
0 0.771875 0.120833 0.01 0.01
0 0.832812 0.115278 0.01 0.01
0 0.834375 0.122222 0.01 0.01
0 0.850781 0.150000 0.01 0.01
0 0.853125 0.145833 0.01 0.01
0 0.864062 0.162500 0.01 0.01
0 0.861719 0.205556 0.01 0.01
0 0.845312 0.223611 0.01 0.01
0 0.871094 0.218056 0.01 0.01
0 0.866406 0.270833 0.01 0.01
0 0.857813 0.276389 0.01 0.01
0 0.795313 0.311111 0.01 0.01
0 0.763281 0.245833 0.01 0.01
0 0.689844 0.175000 0.01 0.01
0 0.635938 0.175000 0.01 0.01
0 0.595312 0.102778 0.01 0.01
0 0.558594 0.170833 0.01 0.01
0 0.591406 0.226389 0.01 0.01
0 0.582031 0.240278 0.01 0.01
0 0.572656 0.233333 0.01 0.01
0 0.521875 0.233333 0.01 0.01
0 0.522656 0.218056 0.01 0.01
0 0.514844 0.193056 0.01 0.01
0 0.524219 0.098611 0.01 0.01
0 0.467187 0.154167 0.01 0.01
0 0.453125 0.126389 0.01 0.01
0 0.425000 0.112500 0.01 0.01
0 0.388281 0.155556 0.01 0.01
0 0.372656 0.229167 0.01 0.01
0 0.378125 0.256944 0.01 0.01
0 0.363281 0.298611 0.01 0.01
0 0.291406 0.091667 0.01 0.01
0 0.218750 0.051389 0.01 0.01
0 0.246875 0.116667 0.01 0.01
0 0.261719 0.166667 0.01 0.01
0 0.226562 0.138889 0.01 0.01
0 0.224219 0.154167 0.01 0.01
0 0.214062 0.155556 0.01 0.01
0 0.218750 0.211111 0.01 0.01
0 0.251563 0.370833 0.01 0.01
0 0.384375 0.452778 0.01 0.01
0 0.415625 0.409722 0.01 0.01
0 0.516406 0.454167 0.01 0.01
0 0.586719 0.481944 0.01 0.01
0 0.648438 0.422222 0.01 0.01
0 0.634375 0.387500 0.01 0.01
0 0.657812 0.437500 0.01 0.01
0 0.767969 0.511111 0.01 0.01
0 0.860156 0.508333 0.01 0.01
0 0.856250 0.604167 0.01 0.01
0 0.812500 0.559722 0.01 0.01
0 0.750000 0.554167 0.01 0.01
0 0.719531 0.630556 0.01 0.01
0 0.727344 0.668056 0.01 0.01
0 0.742969 0.772222 0.01 0.01
0 0.768750 0.786111 0.01 0.01
0 0.767187 0.833333 0.01 0.01
0 0.812500 0.877778 0.01 0.01
0 0.844531 0.866667 0.01 0.01
0 0.845312 0.844444 0.01 0.01
0 0.855469 0.715278 0.01 0.01
0 0.868750 0.687500 0.01 0.01
0 0.885156 0.883333 0.01 0.01
0 0.879687 0.918056 0.01 0.01
0 0.780469 0.929167 0.01 0.01
0 0.782031 0.909722 0.01 0.01
0 0.767187 0.916667 0.01 0.01
0 0.742969 0.901389 0.01 0.01
0 0.732031 0.863889 0.01 0.01
0 0.721094 0.901389 0.01 0.01
0 0.719531 0.915278 0.01 0.01
0 0.615625 0.858333 0.01 0.01
0 0.634375 0.787500 0.01 0.01
0 0.625000 0.700000 0.01 0.01
0 0.664844 0.636111 0.01 0.01
0 0.600781 0.648611 0.01 0.01
0 0.600781 0.663889 0.01 0.01
0 0.583594 0.530556 0.01 0.01
0 0.556250 0.611111 0.01 0.01
0 0.560938 0.663889 0.01 0.01
0 0.582031 0.730556 0.01 0.01
0 0.570312 0.847222 0.01 0.01
0 0.565625 0.881944 0.01 0.01
0 0.565625 0.923611 0.01 0.01
0 0.446875 0.883333 0.01 0.01
0 0.468750 0.811111 0.01 0.01
0 0.482031 0.744444 0.01 0.01
0 0.516406 0.648611 0.01 0.01
0 0.488281 0.536111 0.01 0.01
0 0.450781 0.658333 0.01 0.01
0 0.433594 0.591667 0.01 0.01
0 0.371875 0.704167 0.01 0.01
0 0.371094 0.751389 0.01 0.01
0 0.355469 0.779167 0.01 0.01
0 0.361719 0.802778 0.01 0.01
0 0.367188 0.879167 0.01 0.01
0 0.371875 0.901389 0.01 0.01
0 0.423438 0.881944 0.01 0.01
0 0.354688 0.881944 0.01 0.01
0 0.335156 0.766667 0.01 0.01
0 0.303125 0.718056 0.01 0.01
0 0.292188 0.748611 0.01 0.01
0 0.267188 0.579167 0.01 0.01
0 0.210938 0.581944 0.01 0.01
0 0.207813 0.722222 0.01 0.01
0 0.207813 0.745833 0.01 0.01
0 0.207813 0.765278 0.01 0.01
0 0.198437 0.758333 0.01 0.01
0 0.202344 0.793056 0.01 0.01
0 0.214062 0.812500 0.01 0.01
0 0.224219 0.845833 0.01 0.01
0 0.250000 0.801389 0.01 0.01
0 0.259375 0.869444 0.01 0.01
0 0.262500 0.876389 0.01 0.01
0 0.300000 0.869444 0.01 0.01
0 0.312500 0.873611 0.01 0.01
0 0.249219 0.883333 0.01 0.01
0 0.186719 0.883333 0.01 0.01
