0 0.800781 0.054167 0.01 0.01
0 0.820312 0.050000 0.01 0.01
0 0.800781 0.069444 0.01 0.01
0 0.803906 0.076389 0.01 0.01
0 0.810156 0.087500 0.01 0.01
0 0.814844 0.097222 0.01 0.01
0 0.815625 0.105556 0.01 0.01
0 0.819531 0.113889 0.01 0.01
0 0.826563 0.133333 0.01 0.01
0 0.825781 0.158333 0.01 0.01
0 0.821875 0.188889 0.01 0.01
0 0.808594 0.168056 0.01 0.01
0 0.775781 0.069444 0.01 0.01
0 0.764063 0.054167 0.01 0.01
0 0.756250 0.051389 0.01 0.01
0 0.752344 0.048611 0.01 0.01
0 0.753906 0.066667 0.01 0.01
0 0.727344 0.044444 0.01 0.01
0 0.717188 0.054167 0.01 0.01
0 0.697656 0.051389 0.01 0.01
0 0.681250 0.048611 0.01 0.01
0 0.676562 0.040278 0.01 0.01
0 0.671875 0.047222 0.01 0.01
0 0.692187 0.076389 0.01 0.01
0 0.692187 0.118056 0.01 0.01
0 0.670313 0.095833 0.01 0.01
0 0.666406 0.068056 0.01 0.01
0 0.642969 0.047222 0.01 0.01
0 0.649219 0.051389 0.01 0.01
0 0.581250 0.056944 0.01 0.01
0 0.577344 0.076389 0.01 0.01
0 0.592969 0.118056 0.01 0.01
0 0.606250 0.115278 0.01 0.01
0 0.620313 0.175000 0.01 0.01
0 0.562500 0.131944 0.01 0.01
0 0.549219 0.108333 0.01 0.01
0 0.521875 0.077778 0.01 0.01
0 0.514844 0.041667 0.01 0.01
0 0.437500 0.048611 0.01 0.01
0 0.432031 0.038889 0.01 0.01
0 0.425781 0.033333 0.01 0.01
0 0.413281 0.047222 0.01 0.01
0 0.393750 0.050000 0.01 0.01
0 0.363281 0.047222 0.01 0.01
0 0.350781 0.044444 0.01 0.01
0 0.338281 0.038889 0.01 0.01
0 0.325781 0.061111 0.01 0.01
0 0.364062 0.094444 0.01 0.01
0 0.321094 0.172222 0.01 0.01
0 0.276563 0.256944 0.01 0.01
0 0.364062 0.254167 0.01 0.01
0 0.421875 0.250000 0.01 0.01
0 0.483594 0.273611 0.01 0.01
0 0.506250 0.244444 0.01 0.01
0 0.484375 0.230556 0.01 0.01
0 0.514063 0.213889 0.01 0.01
0 0.493750 0.165278 0.01 0.01
0 0.471875 0.111111 0.01 0.01
0 0.432031 0.147222 0.01 0.01
0 0.479688 0.037500 0.01 0.01
0 0.494531 0.051389 0.01 0.01
0 0.561719 0.218056 0.01 0.01
0 0.588281 0.229167 0.01 0.01
0 0.513281 0.306944 0.01 0.01
0 0.571094 0.329167 0.01 0.01
0 0.654688 0.306944 0.01 0.01
0 0.710156 0.312500 0.01 0.01
0 0.753125 0.347222 0.01 0.01
0 0.822656 0.340278 0.01 0.01
0 0.819531 0.277778 0.01 0.01
0 0.814062 0.231944 0.01 0.01
0 0.656250 0.387500 0.01 0.01
0 0.654688 0.363889 0.01 0.01
0 0.630469 0.381944 0.01 0.01
0 0.600000 0.434722 0.01 0.01
0 0.644531 0.448611 0.01 0.01
0 0.652344 0.472222 0.01 0.01
0 0.655469 0.509722 0.01 0.01
0 0.682031 0.513889 0.01 0.01
0 0.799219 0.484722 0.01 0.01
0 0.851562 0.450000 0.01 0.01
0 0.467187 0.379167 0.01 0.01
0 0.467969 0.354167 0.01 0.01
0 0.407031 0.356944 0.01 0.01
0 0.392188 0.351389 0.01 0.01
0 0.339063 0.345833 0.01 0.01
0 0.368750 0.443056 0.01 0.01
0 0.403906 0.465278 0.01 0.01
0 0.433594 0.458333 0.01 0.01
0 0.480469 0.511111 0.01 0.01
0 0.485156 0.534722 0.01 0.01
0 0.468750 0.554167 0.01 0.01
0 0.449219 0.541667 0.01 0.01
0 0.425000 0.576389 0.01 0.01
0 0.464844 0.580556 0.01 0.01
0 0.507031 0.605556 0.01 0.01
0 0.538281 0.504167 0.01 0.01
0 0.573438 0.593056 0.01 0.01
0 0.562500 0.647222 0.01 0.01
0 0.567969 0.638889 0.01 0.01
0 0.571875 0.669444 0.01 0.01
0 0.623438 0.679167 0.01 0.01
0 0.696094 0.668056 0.01 0.01
0 0.759375 0.568056 0.01 0.01
0 0.812500 0.498611 0.01 0.01
0 0.822656 0.522222 0.01 0.01
0 0.822656 0.530556 0.01 0.01
0 0.820312 0.552778 0.01 0.01
0 0.856250 0.625000 0.01 0.01
0 0.856250 0.698611 0.01 0.01
0 0.823438 0.690278 0.01 0.01
0 0.825000 0.712500 0.01 0.01
0 0.837500 0.729167 0.01 0.01
0 0.769531 0.681944 0.01 0.01
0 0.753906 0.704167 0.01 0.01
0 0.823438 0.765278 0.01 0.01
0 0.822656 0.788889 0.01 0.01
0 0.815625 0.806944 0.01 0.01
0 0.804688 0.819444 0.01 0.01
0 0.808594 0.781944 0.01 0.01
0 0.846094 0.811111 0.01 0.01
0 0.822656 0.856944 0.01 0.01
0 0.771875 0.827778 0.01 0.01
0 0.762500 0.831944 0.01 0.01
0 0.725000 0.809722 0.01 0.01
0 0.722656 0.833333 0.01 0.01
0 0.698438 0.833333 0.01 0.01
0 0.686719 0.837500 0.01 0.01
0 0.667969 0.806944 0.01 0.01
0 0.618750 0.825000 0.01 0.01
0 0.613281 0.762500 0.01 0.01
0 0.578125 0.745833 0.01 0.01
0 0.556250 0.780556 0.01 0.01
0 0.581250 0.830556 0.01 0.01
0 0.515625 0.848611 0.01 0.01
0 0.503125 0.861111 0.01 0.01
0 0.489062 0.827778 0.01 0.01
0 0.482812 0.823611 0.01 0.01
0 0.505469 0.804167 0.01 0.01
0 0.511719 0.668056 0.01 0.01
0 0.462500 0.690278 0.01 0.01
0 0.457031 0.748611 0.01 0.01
0 0.460156 0.825000 0.01 0.01
0 0.448438 0.827778 0.01 0.01
0 0.425000 0.786111 0.01 0.01
0 0.410156 0.827778 0.01 0.01
0 0.411719 0.743056 0.01 0.01
0 0.390625 0.804167 0.01 0.01
0 0.369531 0.665278 0.01 0.01
0 0.343750 0.600000 0.01 0.01
0 0.371094 0.559722 0.01 0.01
0 0.314844 0.523611 0.01 0.01
0 0.325000 0.688889 0.01 0.01
0 0.296875 0.805556 0.01 0.01
0 0.284375 0.829167 0.01 0.01
0 0.278906 0.826389 0.01 0.01
0 0.259375 0.826389 0.01 0.01
0 0.256250 0.823611 0.01 0.01
0 0.231250 0.845833 0.01 0.01
0 0.218750 0.844444 0.01 0.01
0 0.217969 0.809722 0.01 0.01
0 0.198437 0.819444 0.01 0.01
0 0.200000 0.800000 0.01 0.01
0 0.194531 0.788889 0.01 0.01
0 0.189063 0.780556 0.01 0.01
0 0.192188 0.804167 0.01 0.01
0 0.170312 0.795833 0.01 0.01
0 0.171875 0.845833 0.01 0.01
0 0.145313 0.845833 0.01 0.01
0 0.132031 0.725000 0.01 0.01
0 0.171094 0.769444 0.01 0.01
0 0.184375 0.748611 0.01 0.01
0 0.181250 0.738889 0.01 0.01
0 0.189063 0.709722 0.01 0.01
0 0.204688 0.744444 0.01 0.01
0 0.220313 0.761111 0.01 0.01
0 0.238281 0.745833 0.01 0.01
0 0.250781 0.731944 0.01 0.01
0 0.235156 0.698611 0.01 0.01
0 0.242188 0.693056 0.01 0.01
0 0.249219 0.701389 0.01 0.01
0 0.186719 0.659722 0.01 0.01
0 0.186719 0.634722 0.01 0.01
0 0.184375 0.622222 0.01 0.01
0 0.180469 0.606944 0.01 0.01
0 0.181250 0.579167 0.01 0.01
0 0.166406 0.572222 0.01 0.01
0 0.185156 0.552778 0.01 0.01
0 0.183594 0.493056 0.01 0.01
0 0.189844 0.463889 0.01 0.01
0 0.231250 0.470833 0.01 0.01
0 0.246094 0.548611 0.01 0.01
0 0.271875 0.580556 0.01 0.01
0 0.281250 0.602778 0.01 0.01
0 0.284375 0.640278 0.01 0.01
0 0.282813 0.658333 0.01 0.01
0 0.270312 0.415278 0.01 0.01
0 0.250781 0.413889 0.01 0.01
0 0.246094 0.362500 0.01 0.01
0 0.185937 0.375000 0.01 0.01
0 0.170312 0.400000 0.01 0.01
0 0.190625 0.329167 0.01 0.01
0 0.174219 0.298611 0.01 0.01
0 0.171094 0.276389 0.01 0.01
0 0.185156 0.280556 0.01 0.01
0 0.185937 0.268056 0.01 0.01
0 0.187500 0.251389 0.01 0.01
0 0.184375 0.231944 0.01 0.01
0 0.203906 0.250000 0.01 0.01
0 0.217187 0.223611 0.01 0.01
0 0.213281 0.122222 0.01 0.01
0 0.214844 0.098611 0.01 0.01
0 0.205469 0.072222 0.01 0.01
0 0.212500 0.062500 0.01 0.01
0 0.203906 0.116667 0.01 0.01
0 0.182031 0.129167 0.01 0.01
0 0.189063 0.108333 0.01 0.01
0 0.193750 0.095833 0.01 0.01
0 0.189844 0.086111 0.01 0.01
0 0.181250 0.091667 0.01 0.01
0 0.178125 0.068056 0.01 0.01
0 0.159375 0.058333 0.01 0.01
0 0.147656 0.077778 0.01 0.01
0 0.151562 0.105556 0.01 0.01
0 0.193750 0.051389 0.01 0.01
0 0.197656 0.068056 0.01 0.01
0 0.237500 0.050000 0.01 0.01
0 0.236719 0.041667 0.01 0.01
0 0.236719 0.034722 0.01 0.01
0 0.249219 0.047222 0.01 0.01
0 0.249219 0.059722 0.01 0.01
0 0.268750 0.052778 0.01 0.01
0 0.271875 0.066667 0.01 0.01
