0 0.854766 0.240106 0.01 0.01
0 0.807780 0.180106 0.01 0.01
0 0.830942 0.173047 0.01 0.01
0 0.828957 0.163636 0.01 0.01
0 0.828957 0.157753 0.01 0.01
0 0.832927 0.154224 0.01 0.01
0 0.835574 0.108342 0.01 0.01
0 0.824324 0.123636 0.01 0.01
0 0.821016 0.104812 0.01 0.01
0 0.817707 0.097753 0.01 0.01
0 0.815722 0.081283 0.01 0.01
0 0.837560 0.062459 0.01 0.01
0 0.826310 0.288341 0.01 0.01
0 0.827633 0.282459 0.01 0.01
0 0.829619 0.362459 0.01 0.01
0 0.853442 0.461283 0.01 0.01
0 0.857413 0.463636 0.01 0.01
0 0.795207 0.488342 0.01 0.01
0 0.779986 0.363636 0.01 0.01
0 0.747560 0.250694 0.01 0.01
0 0.697927 0.125989 0.01 0.01
0 0.707192 0.102459 0.01 0.01
0 0.644986 0.042459 0.01 0.01
0 0.654251 0.054224 0.01 0.01
0 0.658883 0.047165 0.01 0.01
0 0.661530 0.093047 0.01 0.01
0 0.669472 0.056577 0.01 0.01
0 0.674766 0.056577 0.01 0.01
0 0.686016 0.058930 0.01 0.01
0 0.697266 0.057753 0.01 0.01
0 0.702560 0.063636 0.01 0.01
0 0.719766 0.051871 0.01 0.01
0 0.723736 0.057753 0.01 0.01
0 0.734986 0.078930 0.01 0.01
0 0.735648 0.047165 0.01 0.01
0 0.746236 0.049518 0.01 0.01
0 0.762780 0.058930 0.01 0.01
0 0.770060 0.067165 0.01 0.01
0 0.781310 0.068342 0.01 0.01
0 0.801824 0.071871 0.01 0.01
0 0.816383 0.538930 0.01 0.01
0 0.824324 0.544812 0.01 0.01
0 0.827633 0.549518 0.01 0.01
0 0.826310 0.563636 0.01 0.01
0 0.806457 0.578930 0.01 0.01
0 0.830280 0.623636 0.01 0.01
0 0.865354 0.714224 0.01 0.01
0 0.864030 0.753047 0.01 0.01
0 0.832266 0.734224 0.01 0.01
0 0.836898 0.723636 0.01 0.01
0 0.826972 0.718930 0.01 0.01
0 0.832266 0.778930 0.01 0.01
0 0.842192 0.803636 0.01 0.01
0 0.847486 0.822459 0.01 0.01
0 0.814398 0.796577 0.01 0.01
0 0.817045 0.835400 0.01 0.01
0 0.804471 0.836577 0.01 0.01
0 0.816383 0.882459 0.01 0.01
0 0.775354 0.845989 0.01 0.01
0 0.764766 0.844812 0.01 0.01
0 0.740942 0.841283 0.01 0.01
0 0.715133 0.850694 0.01 0.01
0 0.704545 0.848342 0.01 0.01
0 0.759472 0.718930 0.01 0.01
0 0.775354 0.697753 0.01 0.01
0 0.700574 0.681283 0.01 0.01
0 0.632413 0.647165 0.01 0.01
0 0.679398 0.597753 0.01 0.01
0 0.640354 0.554224 0.01 0.01
0 0.623148 0.528342 0.01 0.01
0 0.657560 0.481283 0.01 0.01
0 0.672780 0.433047 0.01 0.01
0 0.606604 0.444812 0.01 0.01
0 0.637045 0.390694 0.01 0.01
0 0.648295 0.387165 0.01 0.01
0 0.662192 0.371871 0.01 0.01
0 0.641016 0.333047 0.01 0.01
0 0.581457 0.338930 0.01 0.01
0 0.563589 0.317753 0.01 0.01
0 0.597339 0.249518 0.01 0.01
0 0.588074 0.238930 0.01 0.01
0 0.582780 0.228342 0.01 0.01
0 0.619177 0.142459 0.01 0.01
0 0.567560 0.147165 0.01 0.01
0 0.602633 0.069518 0.01 0.01
0 0.590060 0.067165 0.01 0.01
0 0.590060 0.061283 0.01 0.01
0 0.570869 0.076577 0.01 0.01
0 0.564913 0.065989 0.01 0.01
0 0.529839 0.051871 0.01 0.01
0 0.523221 0.055400 0.01 0.01
0 0.487486 0.045989 0.01 0.01
0 0.466310 0.096577 0.01 0.01
0 0.459030 0.109518 0.01 0.01
0 0.508001 0.124812 0.01 0.01
0 0.499398 0.175400 0.01 0.01
0 0.474251 0.195400 0.01 0.01
0 0.530501 0.175400 0.01 0.01
0 0.509324 0.257753 0.01 0.01
0 0.505354 0.311871 0.01 0.01
0 0.511310 0.329518 0.01 0.01
0 0.476898 0.365989 0.01 0.01
0 0.472266 0.389518 0.01 0.01
0 0.444472 0.423636 0.01 0.01
0 0.441163 0.397753 0.01 0.01
0 0.424619 0.384812 0.01 0.01
0 0.423295 0.288341 0.01 0.01
0 0.414030 0.237753 0.01 0.01
0 0.437192 0.060106 0.01 0.01
0 0.441163 0.040106 0.01 0.01
0 0.422633 0.060106 0.01 0.01
0 0.416677 0.068342 0.01 0.01
0 0.394839 0.047165 0.01 0.01
0 0.369030 0.056577 0.01 0.01
0 0.355133 0.058930 0.01 0.01
0 0.333957 0.073047 0.01 0.01
0 0.331310 0.044812 0.01 0.01
0 0.360427 0.128342 0.01 0.01
0 0.342560 0.138930 0.01 0.01
0 0.269104 0.088342 0.01 0.01
0 0.271751 0.054224 0.01 0.01
0 0.258516 0.056577 0.01 0.01
0 0.261824 0.050694 0.01 0.01
0 0.246604 0.053047 0.01 0.01
0 0.237339 0.043636 0.01 0.01
0 0.222119 0.137753 0.01 0.01
0 0.210869 0.122459 0.01 0.01
0 0.197633 0.120106 0.01 0.01
0 0.202266 0.098930 0.01 0.01
0 0.202266 0.087165 0.01 0.01
0 0.192339 0.085989 0.01 0.01
0 0.208222 0.091871 0.01 0.01
0 0.218148 0.085989 0.01 0.01
0 0.215501 0.080106 0.01 0.01
0 0.212192 0.074224 0.01 0.01
0 0.217486 0.074224 0.01 0.01
0 0.220133 0.067165 0.01 0.01
0 0.214839 0.061283 0.01 0.01
0 0.209545 0.065989 0.01 0.01
0 0.204913 0.063636 0.01 0.01
0 0.193663 0.031871 0.01 0.01
0 0.155942 0.063636 0.01 0.01
0 0.177119 0.102459 0.01 0.01
0 0.164545 0.124812 0.01 0.01
0 0.175133 0.148342 0.01 0.01
0 0.196310 0.209518 0.01 0.01
0 0.193663 0.241283 0.01 0.01
0 0.189692 0.241283 0.01 0.01
0 0.193663 0.260106 0.01 0.01
0 0.194324 0.270694 0.01 0.01
0 0.192339 0.282459 0.01 0.01
0 0.181751 0.296577 0.01 0.01
0 0.173810 0.288341 0.01 0.01
0 0.231383 0.245989 0.01 0.01
0 0.253222 0.227165 0.01 0.01
0 0.321383 0.277753 0.01 0.01
0 0.251236 0.365989 0.01 0.01
0 0.372339 0.327165 0.01 0.01
0 0.346530 0.422459 0.01 0.01
0 0.268442 0.430694 0.01 0.01
0 0.262486 0.438930 0.01 0.01
0 0.200942 0.351871 0.01 0.01
0 0.193001 0.383636 0.01 0.01
0 0.186383 0.373047 0.01 0.01
0 0.190354 0.401283 0.01 0.01
0 0.173148 0.390694 0.01 0.01
0 0.194324 0.469518 0.01 0.01
0 0.193001 0.520106 0.01 0.01
0 0.145354 0.523636 0.01 0.01
0 0.162560 0.603636 0.01 0.01
0 0.159251 0.608342 0.01 0.01
0 0.178442 0.582459 0.01 0.01
0 0.193663 0.577753 0.01 0.01
0 0.189692 0.615400 0.01 0.01
0 0.191016 0.627165 0.01 0.01
0 0.185722 0.636577 0.01 0.01
0 0.180427 0.641283 0.01 0.01
0 0.193001 0.670694 0.01 0.01
0 0.189692 0.711871 0.01 0.01
0 0.138074 0.757753 0.01 0.01
0 0.136751 0.815400 0.01 0.01
0 0.175795 0.856577 0.01 0.01
0 0.187707 0.847165 0.01 0.01
0 0.178442 0.794224 0.01 0.01
0 0.188369 0.776577 0.01 0.01
0 0.189692 0.775400 0.01 0.01
0 0.194986 0.791871 0.01 0.01
0 0.197633 0.790694 0.01 0.01
0 0.197633 0.800106 0.01 0.01
0 0.204251 0.807165 0.01 0.01
0 0.200942 0.822459 0.01 0.01
0 0.208222 0.818930 0.01 0.01
0 0.221457 0.820106 0.01 0.01
0 0.213516 0.789518 0.01 0.01
0 0.216163 0.844812 0.01 0.01
0 0.222119 0.861283 0.01 0.01
0 0.232707 0.842459 0.01 0.01
0 0.264472 0.836577 0.01 0.01
0 0.259177 0.831871 0.01 0.01
0 0.288957 0.838930 0.01 0.01
0 0.321383 0.833047 0.01 0.01
0 0.223442 0.767165 0.01 0.01
0 0.243957 0.758930 0.01 0.01
0 0.258516 0.741283 0.01 0.01
0 0.238001 0.705989 0.01 0.01
0 0.247266 0.704812 0.01 0.01
0 0.288295 0.725989 0.01 0.01
0 0.266457 0.668342 0.01 0.01
0 0.286972 0.648341 0.01 0.01
0 0.294251 0.640106 0.01 0.01
0 0.316089 0.688341 0.01 0.01
0 0.330648 0.701283 0.01 0.01
0 0.263810 0.605989 0.01 0.01
0 0.277045 0.590694 0.01 0.01
0 0.249913 0.560106 0.01 0.01
0 0.319398 0.535400 0.01 0.01
0 0.350501 0.609518 0.01 0.01
0 0.373001 0.564812 0.01 0.01
0 0.432560 0.589518 0.01 0.01
0 0.447119 0.624812 0.01 0.01
0 0.464986 0.588342 0.01 0.01
0 0.478883 0.562459 0.01 0.01
0 0.479545 0.537753 0.01 0.01
0 0.479545 0.448341 0.01 0.01
0 0.491457 0.543636 0.01 0.01
0 0.545060 0.514224 0.01 0.01
0 0.580133 0.603636 0.01 0.01
0 0.570207 0.656577 0.01 0.01
0 0.577486 0.682459 0.01 0.01
0 0.516604 0.701283 0.01 0.01
0 0.508001 0.636577 0.01 0.01
0 0.394177 0.816577 0.01 0.01
0 0.422633 0.800106 0.01 0.01
0 0.424619 0.823636 0.01 0.01
0 0.437854 0.838930 0.01 0.01
0 0.444472 0.871871 0.01 0.01
0 0.467633 0.844812 0.01 0.01
0 0.474251 0.834224 0.01 0.01
0 0.478222 0.754224 0.01 0.01
0 0.467633 0.703636 0.01 0.01
0 0.493442 0.840106 0.01 0.01
0 0.509324 0.815400 0.01 0.01
0 0.525869 0.845989 0.01 0.01
0 0.572192 0.787165 0.01 0.01
0 0.578148 0.791871 0.01 0.01
0 0.584766 0.758930 0.01 0.01
0 0.620501 0.765989 0.01 0.01
0 0.609251 0.837753 0.01 0.01
0 0.586089 0.841283 0.01 0.01
0 0.657560 0.804812 0.01 0.01
