0 0.853125 0.126389 0.01 0.01
0 0.858594 0.195833 0.01 0.01
0 0.800781 0.211111 0.01 0.01
0 0.797656 0.072222 0.01 0.01
0 0.786719 0.048611 0.01 0.01
0 0.744531 0.138889 0.01 0.01
0 0.660156 0.101389 0.01 0.01
0 0.635156 0.068056 0.01 0.01
0 0.534375 0.258333 0.01 0.01
0 0.731250 0.426389 0.01 0.01
0 0.748438 0.423611 0.01 0.01
0 0.824219 0.501389 0.01 0.01
0 0.860156 0.569444 0.01 0.01
0 0.623438 0.551389 0.01 0.01
0 0.854688 0.806944 0.01 0.01
0 0.846875 0.859722 0.01 0.01
0 0.776563 0.833333 0.01 0.01
0 0.546875 0.837500 0.01 0.01
0 0.564062 0.931944 0.01 0.01
0 0.521875 0.713889 0.01 0.01
0 0.464844 0.795833 0.01 0.01
0 0.428125 0.591667 0.01 0.01
0 0.382031 0.759722 0.01 0.01
0 0.310937 0.922222 0.01 0.01
0 0.224219 0.701389 0.01 0.01
0 0.365625 0.555556 0.01 0.01
0 0.407813 0.351389 0.01 0.01
0 0.295312 0.179167 0.01 0.01
0 0.153125 0.036111 0.01 0.01
