0 0.199619 0.090694 0.01 0.01
0 0.187707 0.120106 0.01 0.01
0 0.215501 0.176577 0.01 0.01
0 0.230060 0.151871 0.01 0.01
0 0.220795 0.136577 0.01 0.01
0 0.246604 0.135400 0.01 0.01
0 0.243957 0.127165 0.01 0.01
0 0.257192 0.117753 0.01 0.01
0 0.239986 0.073047 0.01 0.01
0 0.273074 0.083636 0.01 0.01
0 0.229398 0.207165 0.01 0.01
0 0.269104 0.253047 0.01 0.01
0 0.306824 0.103636 0.01 0.01
0 0.337927 0.103636 0.01 0.01
0 0.349839 0.118930 0.01 0.01
0 0.352486 0.105989 0.01 0.01
0 0.364398 0.101283 0.01 0.01
0 0.367045 0.142459 0.01 0.01
0 0.361089 0.195400 0.01 0.01
0 0.380280 0.195400 0.01 0.01
0 0.403442 0.270694 0.01 0.01
0 0.497413 0.110694 0.01 0.01
0 0.515280 0.067165 0.01 0.01
0 0.529177 0.097753 0.01 0.01
0 0.553001 0.160106 0.01 0.01
0 0.566898 0.109518 0.01 0.01
0 0.573516 0.107165 0.01 0.01
0 0.593369 0.110694 0.01 0.01
0 0.600648 0.143636 0.01 0.01
0 0.631751 0.107165 0.01 0.01
0 0.711163 0.094224 0.01 0.01
0 0.697927 0.107165 0.01 0.01
0 0.727045 0.170694 0.01 0.01
0 0.709839 0.190694 0.01 0.01
0 0.680722 0.231871 0.01 0.01
0 0.662854 0.282459 0.01 0.01
0 0.744251 0.210694 0.01 0.01
0 0.781310 0.153047 0.01 0.01
0 0.793222 0.183636 0.01 0.01
0 0.805133 0.149518 0.01 0.01
0 0.804471 0.105989 0.01 0.01
0 0.821677 0.131871 0.01 0.01
0 0.834913 0.125989 0.01 0.01
0 0.835574 0.111871 0.01 0.01
0 0.846163 0.075400 0.01 0.01
0 0.863369 0.124812 0.01 0.01
0 0.864692 0.149518 0.01 0.01
0 0.875280 0.131871 0.01 0.01
0 0.883883 0.148342 0.01 0.01
0 0.888516 0.150694 0.01 0.01
0 0.881236 0.189518 0.01 0.01
0 0.886530 0.221283 0.01 0.01
0 0.881236 0.234224 0.01 0.01
0 0.907045 0.215400 0.01 0.01
0 0.916972 0.190694 0.01 0.01
0 0.901089 0.316577 0.01 0.01
0 0.896457 0.338930 0.01 0.01
0 0.904398 0.348341 0.01 0.01
0 0.907045 0.410694 0.01 0.01
0 0.930869 0.387165 0.01 0.01
0 0.848148 0.316577 0.01 0.01
0 0.794545 0.321283 0.01 0.01
0 0.784619 0.308342 0.01 0.01
0 0.866016 0.556577 0.01 0.01
0 0.897119 0.582459 0.01 0.01
0 0.898442 0.614224 0.01 0.01
0 0.930869 0.664812 0.01 0.01
0 0.859398 0.770694 0.01 0.01
0 0.883883 0.836577 0.01 0.01
0 0.862045 0.835400 0.01 0.01
0 0.868001 0.873047 0.01 0.01
0 0.887854 0.867165 0.01 0.01
0 0.898442 0.827165 0.01 0.01
0 0.889177 0.900106 0.01 0.01
0 0.920280 0.880106 0.01 0.01
0 0.877927 0.955400 0.01 0.01
0 0.836236 0.940106 0.01 0.01
0 0.834251 0.902459 0.01 0.01
0 0.807119 0.935400 0.01 0.01
0 0.799177 0.937753 0.01 0.01
0 0.780648 0.870694 0.01 0.01
0 0.773369 0.773047 0.01 0.01
0 0.785942 0.656577 0.01 0.01
0 0.768074 0.600106 0.01 0.01
0 0.777339 0.615400 0.01 0.01
0 0.723736 0.557753 0.01 0.01
0 0.718442 0.585989 0.01 0.01
0 0.683369 0.543636 0.01 0.01
0 0.697927 0.471871 0.01 0.01
0 0.681383 0.490694 0.01 0.01
0 0.662192 0.482459 0.01 0.01
0 0.666163 0.450694 0.01 0.01
0 0.638369 0.473047 0.01 0.01
0 0.619839 0.483636 0.01 0.01
0 0.580795 0.367165 0.01 0.01
0 0.568883 0.411871 0.01 0.01
0 0.482192 0.418930 0.01 0.01
0 0.518589 0.283636 0.01 0.01
0 0.706530 0.820106 0.01 0.01
0 0.729030 0.828341 0.01 0.01
0 0.677413 0.878930 0.01 0.01
0 0.644324 0.708342 0.01 0.01
0 0.710501 0.922459 0.01 0.01
0 0.717119 0.930694 0.01 0.01
0 0.727045 0.934224 0.01 0.01
0 0.711163 0.955400 0.01 0.01
0 0.758148 0.957753 0.01 0.01
0 0.757486 0.941283 0.01 0.01
0 0.572192 0.851871 0.01 0.01
0 0.537780 0.756577 0.01 0.01
0 0.582780 0.664812 0.01 0.01
0 0.511310 0.908341 0.01 0.01
0 0.499398 0.930694 0.01 0.01
0 0.488148 0.884812 0.01 0.01
0 0.478222 0.903636 0.01 0.01
0 0.423957 0.945989 0.01 0.01
0 0.415354 0.895400 0.01 0.01
0 0.388883 0.923636 0.01 0.01
0 0.367707 0.923636 0.01 0.01
0 0.360427 0.927165 0.01 0.01
0 0.339913 0.978930 0.01 0.01
0 0.284986 0.973047 0.01 0.01
0 0.218810 0.987165 0.01 0.01
0 0.217486 0.900106 0.01 0.01
0 0.226089 0.878930 0.01 0.01
0 0.237339 0.887165 0.01 0.01
0 0.230060 0.897753 0.01 0.01
0 0.182413 0.880106 0.01 0.01
0 0.171163 0.798930 0.01 0.01
0 0.226751 0.823636 0.01 0.01
0 0.252560 0.797753 0.01 0.01
0 0.248589 0.774224 0.01 0.01
0 0.223442 0.749518 0.01 0.01
0 0.251236 0.908341 0.01 0.01
0 0.259839 0.907165 0.01 0.01
0 0.269766 0.917753 0.01 0.01
0 0.297560 0.930694 0.01 0.01
0 0.303516 0.925989 0.01 0.01
0 0.316751 0.893047 0.01 0.01
0 0.338589 0.871871 0.01 0.01
0 0.366383 0.855400 0.01 0.01
0 0.364398 0.841283 0.01 0.01
0 0.355133 0.810694 0.01 0.01
0 0.369030 0.769518 0.01 0.01
0 0.359766 0.757753 0.01 0.01
0 0.435207 0.810694 0.01 0.01
0 0.436530 0.753047 0.01 0.01
0 0.496751 0.663636 0.01 0.01
0 0.519913 0.581283 0.01 0.01
0 0.475574 0.582459 0.01 0.01
0 0.452413 0.623636 0.01 0.01
0 0.422633 0.635400 0.01 0.01
0 0.461677 0.522459 0.01 0.01
0 0.486824 0.521283 0.01 0.01
0 0.443810 0.464812 0.01 0.01
0 0.401457 0.489518 0.01 0.01
0 0.357780 0.418930 0.01 0.01
0 0.393516 0.387165 0.01 0.01
0 0.386236 0.333047 0.01 0.01
0 0.364398 0.349518 0.01 0.01
0 0.360427 0.314224 0.01 0.01
0 0.350501 0.320106 0.01 0.01
0 0.323369 0.300106 0.01 0.01
0 0.228736 0.333047 0.01 0.01
0 0.224104 0.360106 0.01 0.01
0 0.232707 0.371871 0.01 0.01
0 0.214839 0.418930 0.01 0.01
0 0.226751 0.477753 0.01 0.01
0 0.228074 0.484812 0.01 0.01
0 0.224104 0.524812 0.01 0.01
0 0.245942 0.513047 0.01 0.01
0 0.273736 0.591871 0.01 0.01
0 0.284324 0.689518 0.01 0.01
0 0.247266 0.682459 0.01 0.01
