0 0.186383 0.537753 0.01 0.01
0 0.190354 0.513047 0.01 0.01
0 0.181089 0.513047 0.01 0.01
0 0.152633 0.497753 0.01 0.01
0 0.140722 0.502459 0.01 0.01
0 0.161236 0.463636 0.01 0.01
0 0.189692 0.477753 0.01 0.01
0 0.189030 0.449518 0.01 0.01
0 0.181751 0.440106 0.01 0.01
0 0.187045 0.427165 0.01 0.01
0 0.190354 0.416577 0.01 0.01
0 0.183736 0.402459 0.01 0.01
0 0.191016 0.385989 0.01 0.01
0 0.210869 0.410694 0.01 0.01
0 0.234692 0.477753 0.01 0.01
0 0.246604 0.443636 0.01 0.01
0 0.188369 0.308342 0.01 0.01
0 0.225427 0.298930 0.01 0.01
0 0.189030 0.263636 0.01 0.01
0 0.192339 0.203636 0.01 0.01
0 0.179104 0.196577 0.01 0.01
0 0.157927 0.098930 0.01 0.01
0 0.203589 0.061283 0.01 0.01
0 0.223442 0.056577 0.01 0.01
0 0.243957 0.094224 0.01 0.01
0 0.243295 0.100106 0.01 0.01
0 0.232045 0.090694 0.01 0.01
0 0.220795 0.117753 0.01 0.01
0 0.206236 0.121283 0.01 0.01
0 0.202927 0.131871 0.01 0.01
0 0.198295 0.125989 0.01 0.01
0 0.196310 0.155400 0.01 0.01
0 0.210869 0.145989 0.01 0.01
0 0.216163 0.183636 0.01 0.01
0 0.269104 0.181283 0.01 0.01
0 0.270427 0.135400 0.01 0.01
0 0.274398 0.101283 0.01 0.01
0 0.281016 0.100106 0.01 0.01
0 0.275721 0.091871 0.01 0.01
0 0.281016 0.071871 0.01 0.01
0 0.296898 0.055400 0.01 0.01
0 0.296236 0.096577 0.01 0.01
0 0.316751 0.098930 0.01 0.01
0 0.322045 0.096577 0.01 0.01
0 0.336604 0.114224 0.01 0.01
0 0.326677 0.149518 0.01 0.01
0 0.310795 0.141283 0.01 0.01
0 0.342560 0.154224 0.01 0.01
0 0.359766 0.175400 0.01 0.01
0 0.363736 0.197753 0.01 0.01
0 0.363736 0.161283 0.01 0.01
0 0.390207 0.181283 0.01 0.01
0 0.382266 0.265989 0.01 0.01
0 0.298222 0.274224 0.01 0.01
0 0.288295 0.275400 0.01 0.01
0 0.272413 0.301283 0.01 0.01
0 0.320722 0.427165 0.01 0.01
0 0.329986 0.507165 0.01 0.01
0 0.305501 0.508341 0.01 0.01
0 0.295574 0.558930 0.01 0.01
0 0.314766 0.603636 0.01 0.01
0 0.324030 0.596577 0.01 0.01
0 0.326016 0.649518 0.01 0.01
0 0.336604 0.720106 0.01 0.01
0 0.302192 0.678930 0.01 0.01
0 0.247266 0.604812 0.01 0.01
0 0.229398 0.641283 0.01 0.01
0 0.191677 0.642459 0.01 0.01
0 0.184398 0.628341 0.01 0.01
0 0.187045 0.593047 0.01 0.01
0 0.184398 0.665989 0.01 0.01
0 0.185722 0.680106 0.01 0.01
0 0.191677 0.722459 0.01 0.01
0 0.183736 0.725989 0.01 0.01
0 0.185722 0.748342 0.01 0.01
0 0.190354 0.758930 0.01 0.01
0 0.200280 0.807165 0.01 0.01
0 0.189030 0.822459 0.01 0.01
0 0.177119 0.801283 0.01 0.01
0 0.171824 0.811871 0.01 0.01
0 0.190354 0.869518 0.01 0.01
0 0.206898 0.918930 0.01 0.01
0 0.222119 0.880106 0.01 0.01
0 0.208883 0.873047 0.01 0.01
0 0.217486 0.857753 0.01 0.01
0 0.212192 0.840106 0.01 0.01
0 0.230060 0.789518 0.01 0.01
0 0.238001 0.771871 0.01 0.01
0 0.228736 0.738930 0.01 0.01
0 0.246604 0.890694 0.01 0.01
0 0.277707 0.908341 0.01 0.01
0 0.277707 0.887165 0.01 0.01
0 0.290942 0.888342 0.01 0.01
0 0.300869 0.898930 0.01 0.01
0 0.284324 0.845989 0.01 0.01
0 0.279030 0.738930 0.01 0.01
0 0.333957 0.944812 0.01 0.01
0 0.359104 0.898930 0.01 0.01
0 0.371016 0.894224 0.01 0.01
0 0.384913 0.891871 0.01 0.01
0 0.399471 0.813047 0.01 0.01
0 0.398810 0.770694 0.01 0.01
0 0.392854 0.625989 0.01 0.01
0 0.398148 0.607165 0.01 0.01
0 0.390207 0.590694 0.01 0.01
0 0.420648 0.727165 0.01 0.01
0 0.430574 0.725989 0.01 0.01
0 0.446457 0.884812 0.01 0.01
0 0.474251 0.845989 0.01 0.01
0 0.504030 0.849518 0.01 0.01
0 0.502707 0.776577 0.01 0.01
0 0.486824 0.750694 0.01 0.01
0 0.490133 0.722459 0.01 0.01
0 0.505354 0.716577 0.01 0.01
0 0.460354 0.687165 0.01 0.01
0 0.451089 0.641283 0.01 0.01
0 0.488148 0.635400 0.01 0.01
0 0.484839 0.585989 0.01 0.01
0 0.502045 0.580106 0.01 0.01
0 0.504030 0.555400 0.01 0.01
0 0.492119 0.558930 0.01 0.01
0 0.451751 0.529518 0.01 0.01
0 0.435207 0.484812 0.01 0.01
0 0.404766 0.457753 0.01 0.01
0 0.453736 0.389518 0.01 0.01
0 0.436530 0.247165 0.01 0.01
0 0.377633 0.090694 0.01 0.01
0 0.382927 0.101283 0.01 0.01
0 0.408074 0.091871 0.01 0.01
0 0.414030 0.095400 0.01 0.01
0 0.459030 0.093047 0.01 0.01
0 0.467633 0.101283 0.01 0.01
0 0.484177 0.081283 0.01 0.01
0 0.490795 0.056577 0.01 0.01
0 0.497413 0.103636 0.01 0.01
0 0.492119 0.135400 0.01 0.01
0 0.490133 0.174224 0.01 0.01
0 0.453736 0.170694 0.01 0.01
0 0.447119 0.156577 0.01 0.01
0 0.504030 0.196577 0.01 0.01
0 0.516604 0.094224 0.01 0.01
0 0.529177 0.096577 0.01 0.01
0 0.562266 0.101283 0.01 0.01
0 0.564913 0.164812 0.01 0.01
0 0.544398 0.178930 0.01 0.01
0 0.593369 0.090694 0.01 0.01
0 0.617854 0.098930 0.01 0.01
0 0.606604 0.091871 0.01 0.01
0 0.664177 0.077753 0.01 0.01
0 0.676089 0.097753 0.01 0.01
0 0.686016 0.095400 0.01 0.01
0 0.697266 0.065989 0.01 0.01
0 0.713810 0.082459 0.01 0.01
0 0.709839 0.095400 0.01 0.01
0 0.729692 0.085989 0.01 0.01
0 0.740280 0.096577 0.01 0.01
0 0.723074 0.121283 0.01 0.01
0 0.691310 0.150694 0.01 0.01
0 0.736310 0.163636 0.01 0.01
0 0.754839 0.164812 0.01 0.01
0 0.770060 0.090694 0.01 0.01
0 0.772045 0.100106 0.01 0.01
0 0.781310 0.098930 0.01 0.01
0 0.778663 0.087165 0.01 0.01
0 0.788589 0.100106 0.01 0.01
0 0.805795 0.109518 0.01 0.01
0 0.813074 0.109518 0.01 0.01
0 0.811089 0.122459 0.01 0.01
0 0.829619 0.111871 0.01 0.01
0 0.847486 0.115400 0.01 0.01
0 0.830942 0.161283 0.01 0.01
0 0.832927 0.225989 0.01 0.01
0 0.823663 0.241283 0.01 0.01
0 0.834913 0.255400 0.01 0.01
0 0.834913 0.270694 0.01 0.01
0 0.866677 0.305989 0.01 0.01
0 0.860721 0.390694 0.01 0.01
0 0.826972 0.415400 0.01 0.01
0 0.828957 0.322459 0.01 0.01
0 0.817707 0.434224 0.01 0.01
0 0.832266 0.494224 0.01 0.01
0 0.815722 0.578930 0.01 0.01
0 0.808442 0.622459 0.01 0.01
0 0.805133 0.671871 0.01 0.01
0 0.833589 0.634224 0.01 0.01
0 0.867339 0.644812 0.01 0.01
0 0.850133 0.751871 0.01 0.01
0 0.855427 0.782459 0.01 0.01
0 0.836236 0.789518 0.01 0.01
0 0.838883 0.803636 0.01 0.01
0 0.839545 0.753047 0.01 0.01
0 0.826972 0.843636 0.01 0.01
0 0.823001 0.851871 0.01 0.01
0 0.821677 0.856577 0.01 0.01
0 0.811089 0.883636 0.01 0.01
0 0.801824 0.923636 0.01 0.01
0 0.748222 0.905989 0.01 0.01
0 0.721751 0.896577 0.01 0.01
0 0.729692 0.894224 0.01 0.01
0 0.734986 0.881283 0.01 0.01
0 0.740280 0.834224 0.01 0.01
0 0.755501 0.813047 0.01 0.01
0 0.781972 0.809518 0.01 0.01
0 0.783957 0.804812 0.01 0.01
0 0.767413 0.725989 0.01 0.01
0 0.736310 0.748342 0.01 0.01
0 0.707854 0.723636 0.01 0.01
0 0.709839 0.667165 0.01 0.01
0 0.744913 0.668342 0.01 0.01
0 0.688663 0.769518 0.01 0.01
0 0.692633 0.835400 0.01 0.01
0 0.688663 0.891871 0.01 0.01
0 0.660207 0.888342 0.01 0.01
0 0.652927 0.893047 0.01 0.01
0 0.619839 0.890694 0.01 0.01
0 0.615869 0.941283 0.01 0.01
0 0.596677 0.893047 0.01 0.01
0 0.581457 0.902459 0.01 0.01
0 0.580133 0.727165 0.01 0.01
0 0.565574 0.684812 0.01 0.01
0 0.537780 0.649518 0.01 0.01
0 0.548369 0.622459 0.01 0.01
0 0.526530 0.609518 0.01 0.01
0 0.530501 0.453047 0.01 0.01
0 0.521898 0.440106 0.01 0.01
0 0.492780 0.407165 0.01 0.01
0 0.488810 0.398930 0.01 0.01
0 0.503369 0.395400 0.01 0.01
0 0.470942 0.267165 0.01 0.01
0 0.497413 0.310694 0.01 0.01
0 0.541751 0.318930 0.01 0.01
0 0.527854 0.393047 0.01 0.01
0 0.527192 0.409518 0.01 0.01
0 0.566236 0.297753 0.01 0.01
0 0.609913 0.224812 0.01 0.01
0 0.617854 0.283636 0.01 0.01
0 0.648957 0.295400 0.01 0.01
0 0.688663 0.231871 0.01 0.01
0 0.730354 0.265989 0.01 0.01
0 0.652266 0.337753 0.01 0.01
0 0.677413 0.384812 0.01 0.01
0 0.673442 0.417753 0.01 0.01
0 0.668148 0.461283 0.01 0.01
0 0.637045 0.437753 0.01 0.01
0 0.726383 0.405989 0.01 0.01
0 0.771383 0.457753 0.01 0.01
0 0.656236 0.517753 0.01 0.01
0 0.588074 0.544812 0.01 0.01
0 0.580133 0.558930 0.01 0.01
0 0.563589 0.565989 0.01 0.01
0 0.580133 0.618930 0.01 0.01
0 0.605280 0.641283 0.01 0.01
0 0.641677 0.616577 0.01 0.01
0 0.651604 0.594224 0.01 0.01
0 0.675427 0.595400 0.01 0.01
