0 0.848810 0.109518 0.01 0.01
0 0.836236 0.123636 0.01 0.01
0 0.826972 0.138930 0.01 0.01
0 0.818369 0.128342 0.01 0.01
0 0.811751 0.113047 0.01 0.01
0 0.792560 0.109518 0.01 0.01
0 0.785942 0.103636 0.01 0.01
0 0.776016 0.104812 0.01 0.01
0 0.772045 0.094224 0.01 0.01
0 0.749545 0.093047 0.01 0.01
0 0.738957 0.096577 0.01 0.01
0 0.735648 0.091871 0.01 0.01
0 0.730354 0.123636 0.01 0.01
0 0.719104 0.100106 0.01 0.01
0 0.696604 0.074224 0.01 0.01
0 0.694619 0.104812 0.01 0.01
0 0.684030 0.096577 0.01 0.01
0 0.663516 0.077753 0.01 0.01
0 0.637045 0.101283 0.01 0.01
0 0.617854 0.097753 0.01 0.01
0 0.593369 0.103636 0.01 0.01
0 0.566236 0.101283 0.01 0.01
0 0.695942 0.151871 0.01 0.01
0 0.695280 0.185989 0.01 0.01
0 0.691971 0.233047 0.01 0.01
0 0.721751 0.273047 0.01 0.01
0 0.760133 0.169518 0.01 0.01
0 0.834913 0.184812 0.01 0.01
0 0.836898 0.227165 0.01 0.01
0 0.834913 0.260106 0.01 0.01
0 0.836898 0.275400 0.01 0.01
0 0.803148 0.270694 0.01 0.01
0 0.871310 0.284812 0.01 0.01
0 0.832927 0.331871 0.01 0.01
0 0.832927 0.413047 0.01 0.01
0 0.835574 0.428342 0.01 0.01
0 0.860721 0.408342 0.01 0.01
0 0.826972 0.451871 0.01 0.01
0 0.823001 0.600106 0.01 0.01
0 0.841530 0.591871 0.01 0.01
0 0.873957 0.642459 0.01 0.01
0 0.856089 0.749518 0.01 0.01
0 0.844177 0.757753 0.01 0.01
0 0.809766 0.634224 0.01 0.01
0 0.860060 0.803636 0.01 0.01
0 0.841530 0.793047 0.01 0.01
0 0.843516 0.814224 0.01 0.01
0 0.836236 0.857753 0.01 0.01
0 0.831604 0.862459 0.01 0.01
0 0.815060 0.865989 0.01 0.01
0 0.817045 0.894224 0.01 0.01
0 0.803810 0.938930 0.01 0.01
0 0.742266 0.916577 0.01 0.01
0 0.740942 0.898930 0.01 0.01
0 0.738295 0.896577 0.01 0.01
0 0.729030 0.910694 0.01 0.01
0 0.691971 0.901283 0.01 0.01
0 0.672119 0.900106 0.01 0.01
0 0.662854 0.901283 0.01 0.01
0 0.627119 0.951871 0.01 0.01
0 0.616530 0.902459 0.01 0.01
0 0.581457 0.900106 0.01 0.01
0 0.582119 0.917753 0.01 0.01
0 0.738295 0.842459 0.01 0.01
0 0.745574 0.810694 0.01 0.01
0 0.769398 0.803636 0.01 0.01
0 0.795869 0.808341 0.01 0.01
0 0.765427 0.762459 0.01 0.01
0 0.787266 0.718930 0.01 0.01
0 0.751530 0.685989 0.01 0.01
0 0.738295 0.754224 0.01 0.01
0 0.733001 0.730694 0.01 0.01
0 0.709839 0.731871 0.01 0.01
0 0.716457 0.674224 0.01 0.01
0 0.654251 0.623636 0.01 0.01
0 0.641016 0.625989 0.01 0.01
0 0.627119 0.640106 0.01 0.01
0 0.670133 0.567165 0.01 0.01
0 0.656898 0.513047 0.01 0.01
0 0.652927 0.496577 0.01 0.01
0 0.719766 0.418930 0.01 0.01
0 0.678736 0.427165 0.01 0.01
0 0.678736 0.387165 0.01 0.01
0 0.643001 0.447165 0.01 0.01
0 0.647633 0.342459 0.01 0.01
0 0.657560 0.310694 0.01 0.01
0 0.621824 0.298930 0.01 0.01
0 0.592045 0.337753 0.01 0.01
0 0.535795 0.437753 0.01 0.01
0 0.529839 0.457753 0.01 0.01
0 0.533148 0.421283 0.01 0.01
0 0.528516 0.408342 0.01 0.01
0 0.505354 0.407165 0.01 0.01
0 0.496089 0.411871 0.01 0.01
0 0.488810 0.416577 0.01 0.01
0 0.471604 0.371871 0.01 0.01
0 0.501383 0.307165 0.01 0.01
0 0.547045 0.328342 0.01 0.01
0 0.617192 0.227165 0.01 0.01
0 0.570207 0.161283 0.01 0.01
0 0.540427 0.169518 0.01 0.01
0 0.516604 0.101283 0.01 0.01
0 0.508663 0.102459 0.01 0.01
0 0.552339 0.168342 0.01 0.01
0 0.503369 0.198930 0.01 0.01
0 0.475574 0.238930 0.01 0.01
0 0.460354 0.194224 0.01 0.01
0 0.468957 0.171871 0.01 0.01
0 0.494104 0.144812 0.01 0.01
0 0.486824 0.078930 0.01 0.01
0 0.457707 0.097753 0.01 0.01
0 0.450427 0.164812 0.01 0.01
0 0.439177 0.097753 0.01 0.01
0 0.427266 0.104812 0.01 0.01
0 0.404766 0.115400 0.01 0.01
0 0.394177 0.104812 0.01 0.01
0 0.376310 0.094224 0.01 0.01
0 0.416677 0.235400 0.01 0.01
0 0.425942 0.297753 0.01 0.01
0 0.384251 0.267165 0.01 0.01
0 0.366383 0.231871 0.01 0.01
0 0.363074 0.193047 0.01 0.01
0 0.376972 0.181283 0.01 0.01
0 0.350501 0.180106 0.01 0.01
0 0.339251 0.144812 0.01 0.01
0 0.351163 0.197753 0.01 0.01
0 0.337266 0.115400 0.01 0.01
0 0.326677 0.100106 0.01 0.01
0 0.319398 0.069518 0.01 0.01
0 0.300207 0.107165 0.01 0.01
0 0.314104 0.150694 0.01 0.01
0 0.319398 0.115400 0.01 0.01
0 0.308810 0.076577 0.01 0.01
0 0.290942 0.097753 0.01 0.01
0 0.278369 0.091871 0.01 0.01
0 0.269766 0.116577 0.01 0.01
0 0.273074 0.141283 0.01 0.01
0 0.284324 0.185989 0.01 0.01
0 0.310795 0.233047 0.01 0.01
0 0.304839 0.253047 0.01 0.01
0 0.245942 0.101283 0.01 0.01
0 0.238663 0.093047 0.01 0.01
0 0.231383 0.108342 0.01 0.01
0 0.244619 0.062459 0.01 0.01
0 0.201604 0.074224 0.01 0.01
0 0.165207 0.097753 0.01 0.01
0 0.216163 0.128342 0.01 0.01
0 0.214177 0.144812 0.01 0.01
0 0.198957 0.156577 0.01 0.01
0 0.198295 0.130694 0.01 0.01
0 0.192339 0.210694 0.01 0.01
0 0.189030 0.262459 0.01 0.01
0 0.181089 0.278930 0.01 0.01
0 0.189692 0.313047 0.01 0.01
0 0.228736 0.304812 0.01 0.01
0 0.271751 0.301283 0.01 0.01
0 0.212192 0.411871 0.01 0.01
0 0.193001 0.388342 0.01 0.01
0 0.185060 0.371871 0.01 0.01
0 0.193001 0.420106 0.01 0.01
0 0.189030 0.434224 0.01 0.01
0 0.187045 0.448341 0.01 0.01
0 0.181751 0.457753 0.01 0.01
0 0.166530 0.475400 0.01 0.01
0 0.140722 0.507165 0.01 0.01
0 0.147339 0.553047 0.01 0.01
0 0.192339 0.482459 0.01 0.01
0 0.191677 0.507165 0.01 0.01
0 0.192339 0.513047 0.01 0.01
0 0.185722 0.541283 0.01 0.01
0 0.193001 0.555400 0.01 0.01
0 0.234030 0.488342 0.01 0.01
0 0.185060 0.603636 0.01 0.01
0 0.218810 0.630694 0.01 0.01
0 0.250574 0.614224 0.01 0.01
0 0.192339 0.648341 0.01 0.01
0 0.183736 0.663636 0.01 0.01
0 0.189030 0.677753 0.01 0.01
0 0.186383 0.735400 0.01 0.01
0 0.185722 0.751871 0.01 0.01
0 0.193663 0.774224 0.01 0.01
0 0.232045 0.747165 0.01 0.01
0 0.230060 0.787165 0.01 0.01
0 0.213516 0.827165 0.01 0.01
0 0.193001 0.843636 0.01 0.01
0 0.194324 0.837753 0.01 0.01
0 0.186383 0.824812 0.01 0.01
0 0.171163 0.791871 0.01 0.01
0 0.175795 0.868342 0.01 0.01
0 0.181089 0.857753 0.01 0.01
0 0.186383 0.874224 0.01 0.01
0 0.194324 0.858930 0.01 0.01
0 0.203589 0.869518 0.01 0.01
0 0.213516 0.850694 0.01 0.01
0 0.222119 0.885989 0.01 0.01
0 0.228074 0.891871 0.01 0.01
0 0.212854 0.925989 0.01 0.01
0 0.270427 0.920106 0.01 0.01
0 0.283001 0.896577 0.01 0.01
0 0.290942 0.901283 0.01 0.01
0 0.286972 0.854224 0.01 0.01
0 0.301530 0.909518 0.01 0.01
0 0.342560 0.953047 0.01 0.01
0 0.359104 0.889518 0.01 0.01
0 0.389545 0.909518 0.01 0.01
0 0.396824 0.857753 0.01 0.01
0 0.415354 0.903636 0.01 0.01
0 0.449766 0.898930 0.01 0.01
0 0.472266 0.869518 0.01 0.01
0 0.516604 0.870694 0.01 0.01
0 0.506677 0.787165 0.01 0.01
0 0.587413 0.740106 0.01 0.01
0 0.569545 0.696577 0.01 0.01
0 0.582119 0.630694 0.01 0.01
0 0.599986 0.584812 0.01 0.01
0 0.574177 0.571871 0.01 0.01
0 0.568222 0.603636 0.01 0.01
0 0.560280 0.574224 0.01 0.01
0 0.526530 0.608342 0.01 0.01
0 0.515280 0.618930 0.01 0.01
0 0.525869 0.700106 0.01 0.01
0 0.509324 0.695400 0.01 0.01
0 0.487486 0.695400 0.01 0.01
0 0.491457 0.727165 0.01 0.01
0 0.483516 0.727165 0.01 0.01
0 0.433883 0.740106 0.01 0.01
0 0.421310 0.728342 0.01 0.01
0 0.412045 0.735400 0.01 0.01
0 0.339913 0.728342 0.01 0.01
0 0.304177 0.694224 0.01 0.01
0 0.326016 0.662459 0.01 0.01
0 0.323369 0.604812 0.01 0.01
0 0.317413 0.614224 0.01 0.01
0 0.306163 0.515400 0.01 0.01
0 0.328001 0.570694 0.01 0.01
0 0.337266 0.522459 0.01 0.01
0 0.329986 0.431871 0.01 0.01
0 0.407413 0.477753 0.01 0.01
0 0.433883 0.489518 0.01 0.01
0 0.387560 0.594224 0.01 0.01
0 0.400133 0.621283 0.01 0.01
0 0.428589 0.653047 0.01 0.01
0 0.441163 0.628341 0.01 0.01
0 0.490133 0.594224 0.01 0.01
0 0.503369 0.662459 0.01 0.01
0 0.506677 0.567165 0.01 0.01
0 0.489472 0.554224 0.01 0.01
0 0.464986 0.533047 0.01 0.01
0 0.309472 0.450694 0.01 0.01
