0 0.214844 0.059722 0.01 0.01
0 0.208594 0.154167 0.01 0.01
0 0.222656 0.168056 0.01 0.01
0 0.218750 0.216667 0.01 0.01
0 0.239063 0.159722 0.01 0.01
0 0.257812 0.186111 0.01 0.01
0 0.245312 0.122222 0.01 0.01
0 0.278125 0.095833 0.01 0.01
0 0.376563 0.156944 0.01 0.01
0 0.371875 0.248611 0.01 0.01
0 0.425000 0.118056 0.01 0.01
0 0.434375 0.119444 0.01 0.01
0 0.456250 0.140278 0.01 0.01
0 0.523438 0.108333 0.01 0.01
0 0.604688 0.112500 0.01 0.01
0 0.623438 0.198611 0.01 0.01
0 0.589844 0.231944 0.01 0.01
0 0.585938 0.248611 0.01 0.01
0 0.567187 0.244444 0.01 0.01
0 0.565625 0.172222 0.01 0.01
0 0.525000 0.200000 0.01 0.01
0 0.521094 0.226389 0.01 0.01
0 0.524219 0.244444 0.01 0.01
0 0.432031 0.395833 0.01 0.01
0 0.407031 0.416667 0.01 0.01
0 0.239844 0.409722 0.01 0.01
0 0.511719 0.448611 0.01 0.01
0 0.588281 0.522222 0.01 0.01
0 0.581250 0.498611 0.01 0.01
0 0.658594 0.441667 0.01 0.01
0 0.650781 0.404167 0.01 0.01
0 0.791406 0.318056 0.01 0.01
0 0.856250 0.287500 0.01 0.01
0 0.865625 0.279167 0.01 0.01
0 0.870313 0.234722 0.01 0.01
0 0.861719 0.209722 0.01 0.01
0 0.856250 0.176389 0.01 0.01
0 0.864844 0.170833 0.01 0.01
0 0.844531 0.234722 0.01 0.01
0 0.842969 0.159722 0.01 0.01
0 0.840625 0.140278 0.01 0.01
0 0.834375 0.133333 0.01 0.01
0 0.768750 0.119444 0.01 0.01
0 0.744531 0.105556 0.01 0.01
0 0.697656 0.170833 0.01 0.01
0 0.745313 0.263889 0.01 0.01
0 0.765625 0.515278 0.01 0.01
0 0.809375 0.569444 0.01 0.01
0 0.857813 0.531944 0.01 0.01
0 0.854688 0.611111 0.01 0.01
0 0.742969 0.537500 0.01 0.01
0 0.724219 0.622222 0.01 0.01
0 0.867969 0.722222 0.01 0.01
0 0.851562 0.726389 0.01 0.01
0 0.842188 0.851389 0.01 0.01
0 0.841406 0.872222 0.01 0.01
0 0.878125 0.916667 0.01 0.01
0 0.883594 0.888889 0.01 0.01
0 0.796094 0.920833 0.01 0.01
0 0.807813 0.890278 0.01 0.01
0 0.779688 0.936111 0.01 0.01
0 0.766406 0.918056 0.01 0.01
0 0.767969 0.850000 0.01 0.01
0 0.764063 0.788889 0.01 0.01
0 0.741406 0.780556 0.01 0.01
0 0.738281 0.679167 0.01 0.01
0 0.727344 0.873611 0.01 0.01
0 0.746094 0.909722 0.01 0.01
0 0.727344 0.915278 0.01 0.01
0 0.719531 0.929167 0.01 0.01
0 0.625000 0.881944 0.01 0.01
0 0.640625 0.800000 0.01 0.01
0 0.625000 0.705556 0.01 0.01
0 0.657812 0.648611 0.01 0.01
0 0.592969 0.669444 0.01 0.01
0 0.588281 0.643056 0.01 0.01
0 0.546875 0.609722 0.01 0.01
0 0.556250 0.668056 0.01 0.01
0 0.567187 0.747222 0.01 0.01
0 0.575000 0.843056 0.01 0.01
0 0.582812 0.931944 0.01 0.01
0 0.560156 0.870833 0.01 0.01
0 0.446094 0.884722 0.01 0.01
0 0.472656 0.748611 0.01 0.01
0 0.464844 0.822222 0.01 0.01
0 0.453125 0.681944 0.01 0.01
0 0.426562 0.590278 0.01 0.01
0 0.492969 0.537500 0.01 0.01
0 0.514063 0.652778 0.01 0.01
0 0.368750 0.709722 0.01 0.01
0 0.396875 0.751389 0.01 0.01
0 0.367969 0.783333 0.01 0.01
0 0.358594 0.809722 0.01 0.01
0 0.398438 0.890278 0.01 0.01
0 0.364062 0.909722 0.01 0.01
0 0.360938 0.888889 0.01 0.01
0 0.353906 0.886111 0.01 0.01
0 0.311719 0.877778 0.01 0.01
0 0.297656 0.876389 0.01 0.01
0 0.334375 0.770833 0.01 0.01
0 0.300781 0.693056 0.01 0.01
0 0.289062 0.754167 0.01 0.01
0 0.266406 0.569444 0.01 0.01
0 0.208594 0.565278 0.01 0.01
0 0.206250 0.725000 0.01 0.01
0 0.204688 0.738889 0.01 0.01
0 0.207813 0.763889 0.01 0.01
0 0.191406 0.793056 0.01 0.01
0 0.200781 0.808333 0.01 0.01
0 0.210938 0.813889 0.01 0.01
0 0.221875 0.852778 0.01 0.01
0 0.250000 0.830556 0.01 0.01
0 0.257812 0.884722 0.01 0.01
0 0.254687 0.880556 0.01 0.01
0 0.246875 0.890278 0.01 0.01
0 0.184375 0.895833 0.01 0.01
