0 0.137500 0.063889 0.01 0.01
0 0.296875 0.175000 0.01 0.01
0 0.409375 0.327778 0.01 0.01
0 0.479688 0.329167 0.01 0.01
0 0.643750 0.073611 0.01 0.01
0 0.620313 0.563889 0.01 0.01
0 0.443750 0.655556 0.01 0.01
0 0.358594 0.556944 0.01 0.01
0 0.478906 0.718056 0.01 0.01
0 0.513281 0.798611 0.01 0.01
0 0.562500 0.890278 0.01 0.01
0 0.582031 0.927778 0.01 0.01
0 0.380469 0.723611 0.01 0.01
0 0.235156 0.722222 0.01 0.01
0 0.852344 0.856944 0.01 0.01
0 0.858594 0.806944 0.01 0.01
0 0.789844 0.827778 0.01 0.01
0 0.860156 0.548611 0.01 0.01
0 0.821094 0.472222 0.01 0.01
0 0.750000 0.404167 0.01 0.01
0 0.724219 0.431944 0.01 0.01
0 0.834375 0.252778 0.01 0.01
0 0.867188 0.159722 0.01 0.01
0 0.857031 0.113889 0.01 0.01
0 0.792969 0.159722 0.01 0.01
0 0.804688 0.077778 0.01 0.01
0 0.781250 0.029167 0.01 0.01
0 0.701563 0.147222 0.01 0.01
