0 0.810156 0.050000 0.01 0.01
0 0.792188 0.055556 0.01 0.01
0 0.771875 0.073611 0.01 0.01
0 0.762500 0.052778 0.01 0.01
0 0.752344 0.050000 0.01 0.01
0 0.746875 0.050000 0.01 0.01
0 0.728125 0.047222 0.01 0.01
0 0.714063 0.051389 0.01 0.01
0 0.692969 0.055556 0.01 0.01
0 0.696094 0.047222 0.01 0.01
0 0.700781 0.054167 0.01 0.01
0 0.674219 0.043056 0.01 0.01
0 0.669531 0.044444 0.01 0.01
0 0.667969 0.070833 0.01 0.01
0 0.658594 0.055556 0.01 0.01
0 0.628125 0.048611 0.01 0.01
0 0.578906 0.061111 0.01 0.01
0 0.572656 0.081944 0.01 0.01
0 0.525000 0.072222 0.01 0.01
0 0.510156 0.041667 0.01 0.01
0 0.500000 0.052778 0.01 0.01
0 0.475781 0.036111 0.01 0.01
0 0.469531 0.058333 0.01 0.01
0 0.471875 0.125000 0.01 0.01
0 0.471875 0.143056 0.01 0.01
0 0.489844 0.162500 0.01 0.01
0 0.538281 0.133333 0.01 0.01
0 0.558594 0.136111 0.01 0.01
0 0.588281 0.120833 0.01 0.01
0 0.601562 0.116667 0.01 0.01
0 0.630469 0.126389 0.01 0.01
0 0.643750 0.076389 0.01 0.01
0 0.658594 0.098611 0.01 0.01
0 0.687500 0.101389 0.01 0.01
0 0.687500 0.116667 0.01 0.01
0 0.754687 0.113889 0.01 0.01
0 0.796094 0.075000 0.01 0.01
0 0.801562 0.076389 0.01 0.01
0 0.809375 0.091667 0.01 0.01
0 0.811719 0.097222 0.01 0.01
0 0.811719 0.105556 0.01 0.01
0 0.814844 0.112500 0.01 0.01
0 0.824219 0.134722 0.01 0.01
0 0.803125 0.170833 0.01 0.01
0 0.822656 0.158333 0.01 0.01
0 0.818750 0.194444 0.01 0.01
0 0.795313 0.233333 0.01 0.01
0 0.814062 0.277778 0.01 0.01
0 0.703125 0.275000 0.01 0.01
0 0.657031 0.305556 0.01 0.01
0 0.584375 0.226389 0.01 0.01
0 0.542188 0.227778 0.01 0.01
0 0.513281 0.241667 0.01 0.01
0 0.500781 0.245833 0.01 0.01
0 0.487500 0.233333 0.01 0.01
0 0.473437 0.268056 0.01 0.01
0 0.510156 0.304167 0.01 0.01
0 0.821094 0.338889 0.01 0.01
0 0.578125 0.325000 0.01 0.01
0 0.567969 0.331944 0.01 0.01
0 0.535937 0.504167 0.01 0.01
0 0.596875 0.437500 0.01 0.01
0 0.628125 0.381944 0.01 0.01
0 0.650000 0.362500 0.01 0.01
0 0.650781 0.390278 0.01 0.01
0 0.753125 0.372222 0.01 0.01
0 0.835156 0.444444 0.01 0.01
0 0.846875 0.450000 0.01 0.01
0 0.795313 0.487500 0.01 0.01
0 0.810156 0.501389 0.01 0.01
0 0.819531 0.522222 0.01 0.01
0 0.814844 0.555556 0.01 0.01
0 0.641406 0.454167 0.01 0.01
0 0.548437 0.422222 0.01 0.01
0 0.647656 0.473611 0.01 0.01
0 0.663281 0.490278 0.01 0.01
0 0.685156 0.505556 0.01 0.01
0 0.737500 0.581944 0.01 0.01
0 0.852344 0.605556 0.01 0.01
0 0.849219 0.688889 0.01 0.01
0 0.828906 0.693056 0.01 0.01
0 0.820312 0.705556 0.01 0.01
0 0.820312 0.723611 0.01 0.01
0 0.764844 0.686111 0.01 0.01
0 0.749219 0.705556 0.01 0.01
0 0.803125 0.787500 0.01 0.01
0 0.825000 0.781944 0.01 0.01
0 0.817969 0.769444 0.01 0.01
0 0.839844 0.812500 0.01 0.01
0 0.824219 0.847222 0.01 0.01
0 0.798437 0.829167 0.01 0.01
0 0.793750 0.825000 0.01 0.01
0 0.767187 0.829167 0.01 0.01
0 0.761719 0.838889 0.01 0.01
0 0.720312 0.805556 0.01 0.01
0 0.718750 0.838889 0.01 0.01
0 0.696094 0.833333 0.01 0.01
0 0.682031 0.837500 0.01 0.01
0 0.678125 0.836111 0.01 0.01
0 0.614062 0.829167 0.01 0.01
0 0.622656 0.754167 0.01 0.01
0 0.619531 0.681944 0.01 0.01
0 0.690625 0.670833 0.01 0.01
0 0.569531 0.594444 0.01 0.01
0 0.560156 0.647222 0.01 0.01
0 0.567969 0.672222 0.01 0.01
0 0.561719 0.681944 0.01 0.01
0 0.576563 0.745833 0.01 0.01
0 0.550000 0.779167 0.01 0.01
0 0.578125 0.830556 0.01 0.01
0 0.521875 0.863889 0.01 0.01
0 0.510938 0.850000 0.01 0.01
0 0.501562 0.804167 0.01 0.01
0 0.485156 0.830556 0.01 0.01
0 0.467969 0.830556 0.01 0.01
0 0.456250 0.826389 0.01 0.01
0 0.448438 0.833333 0.01 0.01
0 0.453906 0.747222 0.01 0.01
0 0.434375 0.775000 0.01 0.01
0 0.385156 0.780556 0.01 0.01
0 0.384375 0.806944 0.01 0.01
0 0.393750 0.829167 0.01 0.01
0 0.314063 0.798611 0.01 0.01
0 0.321875 0.690278 0.01 0.01
0 0.272656 0.825000 0.01 0.01
0 0.258594 0.830556 0.01 0.01
0 0.252344 0.829167 0.01 0.01
0 0.213281 0.850000 0.01 0.01
0 0.166406 0.845833 0.01 0.01
0 0.147656 0.863889 0.01 0.01
0 0.194531 0.826389 0.01 0.01
0 0.213281 0.811111 0.01 0.01
0 0.193750 0.802778 0.01 0.01
0 0.189844 0.788889 0.01 0.01
0 0.183594 0.797222 0.01 0.01
0 0.163281 0.784722 0.01 0.01
0 0.171094 0.770833 0.01 0.01
0 0.180469 0.769444 0.01 0.01
0 0.180469 0.754167 0.01 0.01
0 0.176563 0.744444 0.01 0.01
0 0.128906 0.706944 0.01 0.01
0 0.182812 0.713889 0.01 0.01
0 0.182812 0.663889 0.01 0.01
0 0.180469 0.627778 0.01 0.01
0 0.181250 0.650000 0.01 0.01
0 0.197656 0.720833 0.01 0.01
0 0.216406 0.763889 0.01 0.01
0 0.235156 0.750000 0.01 0.01
0 0.246875 0.734722 0.01 0.01
0 0.231250 0.700000 0.01 0.01
0 0.241406 0.693056 0.01 0.01
0 0.248437 0.694444 0.01 0.01
0 0.279687 0.658333 0.01 0.01
0 0.282031 0.634722 0.01 0.01
0 0.278125 0.604167 0.01 0.01
0 0.267969 0.583333 0.01 0.01
0 0.241406 0.551389 0.01 0.01
0 0.196875 0.573611 0.01 0.01
0 0.181250 0.573611 0.01 0.01
0 0.164062 0.568056 0.01 0.01
0 0.181250 0.547222 0.01 0.01
0 0.310937 0.526389 0.01 0.01
0 0.340625 0.600000 0.01 0.01
0 0.369531 0.555556 0.01 0.01
0 0.389844 0.658333 0.01 0.01
0 0.457812 0.691667 0.01 0.01
0 0.500781 0.655556 0.01 0.01
0 0.504687 0.602778 0.01 0.01
0 0.461719 0.609722 0.01 0.01
0 0.460938 0.581944 0.01 0.01
0 0.421094 0.579167 0.01 0.01
0 0.442969 0.537500 0.01 0.01
0 0.482812 0.534722 0.01 0.01
0 0.478906 0.504167 0.01 0.01
0 0.425781 0.488889 0.01 0.01
0 0.396875 0.504167 0.01 0.01
0 0.182031 0.502778 0.01 0.01
0 0.182812 0.465278 0.01 0.01
0 0.226562 0.476389 0.01 0.01
0 0.167187 0.402778 0.01 0.01
0 0.182812 0.376389 0.01 0.01
0 0.183594 0.330556 0.01 0.01
0 0.241406 0.365278 0.01 0.01
0 0.271094 0.404167 0.01 0.01
0 0.271094 0.272222 0.01 0.01
0 0.325000 0.344444 0.01 0.01
0 0.378125 0.451389 0.01 0.01
0 0.413281 0.390278 0.01 0.01
0 0.387500 0.362500 0.01 0.01
0 0.464063 0.377778 0.01 0.01
0 0.458594 0.355556 0.01 0.01
0 0.421875 0.252778 0.01 0.01
0 0.378125 0.231944 0.01 0.01
0 0.322656 0.176389 0.01 0.01
0 0.225781 0.236111 0.01 0.01
0 0.200781 0.252778 0.01 0.01
0 0.183594 0.258333 0.01 0.01
0 0.179688 0.259722 0.01 0.01
0 0.178906 0.234722 0.01 0.01
0 0.182031 0.280556 0.01 0.01
0 0.167187 0.276389 0.01 0.01
0 0.170312 0.306944 0.01 0.01
0 0.141406 0.079167 0.01 0.01
0 0.153125 0.087500 0.01 0.01
0 0.155469 0.070833 0.01 0.01
0 0.171875 0.069444 0.01 0.01
0 0.187500 0.054167 0.01 0.01
0 0.208594 0.066667 0.01 0.01
0 0.203125 0.076389 0.01 0.01
0 0.186719 0.098611 0.01 0.01
0 0.175781 0.100000 0.01 0.01
0 0.182031 0.106944 0.01 0.01
0 0.183594 0.118056 0.01 0.01
0 0.186719 0.130556 0.01 0.01
0 0.203125 0.133333 0.01 0.01
0 0.210938 0.130556 0.01 0.01
0 0.200781 0.119444 0.01 0.01
0 0.212500 0.105556 0.01 0.01
0 0.239063 0.068056 0.01 0.01
0 0.242188 0.061111 0.01 0.01
0 0.234375 0.052778 0.01 0.01
0 0.236719 0.048611 0.01 0.01
0 0.231250 0.043056 0.01 0.01
0 0.238281 0.038889 0.01 0.01
0 0.264062 0.051389 0.01 0.01
0 0.269531 0.062500 0.01 0.01
0 0.322656 0.063889 0.01 0.01
0 0.335156 0.054167 0.01 0.01
0 0.349219 0.047222 0.01 0.01
0 0.360156 0.048611 0.01 0.01
0 0.392969 0.052778 0.01 0.01
0 0.407031 0.044444 0.01 0.01
0 0.423438 0.033333 0.01 0.01
0 0.437500 0.052778 0.01 0.01
0 0.439063 0.044444 0.01 0.01
0 0.356250 0.083333 0.01 0.01
