0 0.753516 0.847165 0.01 0.01
0 0.842854 0.884812 0.01 0.01
0 0.847486 0.863636 0.01 0.01
0 0.852119 0.694224 0.01 0.01
0 0.847486 0.578930 0.01 0.01
0 0.871971 0.587165 0.01 0.01
0 0.721089 0.495400 0.01 0.01
0 0.711824 0.463636 0.01 0.01
0 0.643663 0.549518 0.01 0.01
0 0.668148 0.304812 0.01 0.01
0 0.645648 0.177753 0.01 0.01
0 0.613222 0.151871 0.01 0.01
0 0.779986 0.149518 0.01 0.01
0 0.783957 0.075400 0.01 0.01
0 0.852119 0.201283 0.01 0.01
0 0.826310 0.333047 0.01 0.01
0 0.525869 0.057753 0.01 0.01
0 0.435869 0.083636 0.01 0.01
0 0.410721 0.050694 0.01 0.01
0 0.303516 0.243636 0.01 0.01
0 0.374324 0.554224 0.01 0.01
0 0.208222 0.663636 0.01 0.01
0 0.387560 0.741283 0.01 0.01
0 0.368369 0.903636 0.01 0.01
0 0.456383 0.953047 0.01 0.01
0 0.502045 0.928342 0.01 0.01
0 0.539766 0.824812 0.01 0.01
0 0.455722 0.775400 0.01 0.01
0 0.468295 0.693047 0.01 0.01
0 0.779986 0.182459 0.01 0.01
