0 0.854766 0.261283 0.01 0.01
0 0.829619 0.313047 0.01 0.01
0 0.826310 0.238930 0.01 0.01
0 0.806457 0.213047 0.01 0.01
0 0.834251 0.188341 0.01 0.01
0 0.838222 0.177753 0.01 0.01
0 0.835574 0.140106 0.01 0.01
0 0.843516 0.133047 0.01 0.01
0 0.842192 0.085989 0.01 0.01
0 0.830280 0.123636 0.01 0.01
0 0.825648 0.125989 0.01 0.01
0 0.823001 0.120106 0.01 0.01
0 0.813074 0.103636 0.01 0.01
0 0.802486 0.088342 0.01 0.01
0 0.781310 0.121283 0.01 0.01
0 0.775354 0.083636 0.01 0.01
0 0.772045 0.078930 0.01 0.01
0 0.768074 0.071871 0.01 0.01
0 0.764766 0.089518 0.01 0.01
0 0.747560 0.135400 0.01 0.01
0 0.742927 0.204812 0.01 0.01
0 0.688663 0.136577 0.01 0.01
0 0.658222 0.084812 0.01 0.01
0 0.652927 0.060106 0.01 0.01
0 0.670795 0.077753 0.01 0.01
0 0.681383 0.074224 0.01 0.01
0 0.687339 0.082459 0.01 0.01
0 0.703221 0.084812 0.01 0.01
0 0.717119 0.058930 0.01 0.01
0 0.737633 0.074224 0.01 0.01
0 0.723074 0.078930 0.01 0.01
0 0.715795 0.078930 0.01 0.01
0 0.623148 0.117753 0.01 0.01
0 0.639692 0.155400 0.01 0.01
0 0.618516 0.168342 0.01 0.01
0 0.623810 0.210694 0.01 0.01
0 0.590060 0.256577 0.01 0.01
0 0.572192 0.165989 0.01 0.01
0 0.571530 0.098930 0.01 0.01
0 0.590060 0.094224 0.01 0.01
0 0.601310 0.083636 0.01 0.01
0 0.592045 0.082459 0.01 0.01
0 0.553001 0.074224 0.01 0.01
0 0.527854 0.073047 0.01 0.01
0 0.531824 0.136577 0.01 0.01
0 0.500722 0.196577 0.01 0.01
0 0.486824 0.157753 0.01 0.01
0 0.480207 0.170694 0.01 0.01
0 0.462339 0.135400 0.01 0.01
0 0.476898 0.090694 0.01 0.01
0 0.491457 0.065989 0.01 0.01
0 0.453736 0.060106 0.01 0.01
0 0.434545 0.082459 0.01 0.01
0 0.431236 0.084812 0.01 0.01
0 0.393516 0.073047 0.01 0.01
0 0.372339 0.125989 0.01 0.01
0 0.351163 0.151871 0.01 0.01
0 0.377633 0.117753 0.01 0.01
0 0.372339 0.075400 0.01 0.01
0 0.343221 0.075400 0.01 0.01
0 0.336604 0.087165 0.01 0.01
0 0.296898 0.060106 0.01 0.01
0 0.273074 0.075400 0.01 0.01
0 0.263810 0.074224 0.01 0.01
0 0.252560 0.073047 0.01 0.01
0 0.245942 0.075400 0.01 0.01
0 0.255869 0.102459 0.01 0.01
0 0.231383 0.061283 0.01 0.01
0 0.206236 0.028342 0.01 0.01
0 0.193663 0.065989 0.01 0.01
0 0.213516 0.070694 0.01 0.01
0 0.217486 0.078930 0.01 0.01
0 0.222780 0.087165 0.01 0.01
0 0.215501 0.089518 0.01 0.01
0 0.221457 0.109518 0.01 0.01
0 0.221457 0.101283 0.01 0.01
0 0.208222 0.117753 0.01 0.01
0 0.208883 0.125989 0.01 0.01
0 0.204913 0.114224 0.01 0.01
0 0.202266 0.128342 0.01 0.01
0 0.200942 0.135400 0.01 0.01
0 0.201604 0.149518 0.01 0.01
0 0.194324 0.153047 0.01 0.01
0 0.185722 0.135400 0.01 0.01
0 0.194324 0.120106 0.01 0.01
0 0.212854 0.149518 0.01 0.01
0 0.222780 0.161283 0.01 0.01
0 0.174472 0.183636 0.01 0.01
0 0.167854 0.164812 0.01 0.01
0 0.208883 0.203636 0.01 0.01
0 0.200280 0.231871 0.01 0.01
0 0.193663 0.240106 0.01 0.01
0 0.196310 0.260106 0.01 0.01
0 0.196310 0.287165 0.01 0.01
0 0.192339 0.301283 0.01 0.01
0 0.194986 0.314224 0.01 0.01
0 0.185060 0.305989 0.01 0.01
0 0.171824 0.314224 0.01 0.01
0 0.277707 0.237753 0.01 0.01
0 0.293589 0.230694 0.01 0.01
0 0.274398 0.294224 0.01 0.01
0 0.400795 0.217753 0.01 0.01
0 0.384251 0.302459 0.01 0.01
0 0.428589 0.304812 0.01 0.01
0 0.511310 0.277753 0.01 0.01
0 0.515942 0.327165 0.01 0.01
0 0.509986 0.367165 0.01 0.01
0 0.513957 0.361283 0.01 0.01
0 0.560280 0.333047 0.01 0.01
0 0.582780 0.364812 0.01 0.01
0 0.641016 0.398930 0.01 0.01
0 0.640354 0.410694 0.01 0.01
0 0.650280 0.403636 0.01 0.01
0 0.608589 0.462459 0.01 0.01
0 0.662854 0.507165 0.01 0.01
0 0.713810 0.463636 0.01 0.01
0 0.798516 0.383636 0.01 0.01
0 0.832927 0.407165 0.01 0.01
0 0.862707 0.464812 0.01 0.01
0 0.856751 0.476577 0.01 0.01
0 0.791898 0.508341 0.01 0.01
0 0.817707 0.561283 0.01 0.01
0 0.828295 0.577753 0.01 0.01
0 0.830280 0.602459 0.01 0.01
0 0.834913 0.641283 0.01 0.01
0 0.816383 0.667165 0.01 0.01
0 0.833589 0.728342 0.01 0.01
0 0.833589 0.750694 0.01 0.01
0 0.778663 0.716577 0.01 0.01
0 0.758148 0.717753 0.01 0.01
0 0.742266 0.868342 0.01 0.01
0 0.717119 0.842459 0.01 0.01
0 0.762780 0.867165 0.01 0.01
0 0.775354 0.870694 0.01 0.01
0 0.803148 0.917753 0.01 0.01
0 0.807780 0.855400 0.01 0.01
0 0.813074 0.865989 0.01 0.01
0 0.828957 0.883636 0.01 0.01
0 0.795869 0.862459 0.01 0.01
0 0.785280 0.836577 0.01 0.01
0 0.842854 0.851871 0.01 0.01
0 0.868001 0.851871 0.01 0.01
0 0.869986 0.780106 0.01 0.01
0 0.818369 0.800106 0.01 0.01
0 0.830942 0.803636 0.01 0.01
0 0.704545 0.703636 0.01 0.01
0 0.683369 0.728342 0.01 0.01
0 0.646310 0.621283 0.01 0.01
0 0.700574 0.544812 0.01 0.01
0 0.622486 0.571871 0.01 0.01
0 0.570869 0.635400 0.01 0.01
0 0.573516 0.678930 0.01 0.01
0 0.579471 0.703636 0.01 0.01
0 0.588074 0.783636 0.01 0.01
0 0.606604 0.791871 0.01 0.01
0 0.586751 0.820106 0.01 0.01
0 0.566898 0.824812 0.01 0.01
0 0.589398 0.858930 0.01 0.01
0 0.592707 0.865989 0.01 0.01
0 0.525869 0.861283 0.01 0.01
0 0.523221 0.831871 0.01 0.01
0 0.497413 0.861283 0.01 0.01
0 0.480207 0.865989 0.01 0.01
0 0.476898 0.861283 0.01 0.01
0 0.460354 0.863636 0.01 0.01
0 0.524545 0.760106 0.01 0.01
0 0.509986 0.684812 0.01 0.01
0 0.470942 0.722459 0.01 0.01
0 0.441824 0.703636 0.01 0.01
0 0.436530 0.614224 0.01 0.01
0 0.464986 0.614224 0.01 0.01
0 0.531824 0.598930 0.01 0.01
0 0.528516 0.562459 0.01 0.01
0 0.496089 0.571871 0.01 0.01
0 0.482854 0.561283 0.01 0.01
0 0.445133 0.514224 0.01 0.01
0 0.430574 0.450694 0.01 0.01
0 0.427927 0.403636 0.01 0.01
0 0.452413 0.428342 0.01 0.01
0 0.452413 0.455400 0.01 0.01
0 0.474913 0.408342 0.01 0.01
0 0.490133 0.382459 0.01 0.01
0 0.306163 0.381283 0.01 0.01
0 0.261163 0.384812 0.01 0.01
0 0.324030 0.376577 0.01 0.01
0 0.243957 0.431871 0.01 0.01
0 0.196310 0.403636 0.01 0.01
0 0.195648 0.411871 0.01 0.01
0 0.183074 0.436577 0.01 0.01
0 0.177780 0.396577 0.01 0.01
0 0.198957 0.488342 0.01 0.01
0 0.191016 0.528342 0.01 0.01
0 0.281016 0.493047 0.01 0.01
0 0.323369 0.556577 0.01 0.01
0 0.376310 0.593047 0.01 0.01
0 0.353148 0.633047 0.01 0.01
0 0.291604 0.668342 0.01 0.01
0 0.270427 0.633047 0.01 0.01
0 0.279030 0.609518 0.01 0.01
0 0.252560 0.584812 0.01 0.01
0 0.236677 0.649518 0.01 0.01
0 0.196310 0.594224 0.01 0.01
0 0.184398 0.640106 0.01 0.01
0 0.191677 0.654224 0.01 0.01
0 0.196310 0.689518 0.01 0.01
0 0.189692 0.701283 0.01 0.01
0 0.187045 0.718930 0.01 0.01
0 0.175133 0.650694 0.01 0.01
0 0.144692 0.598930 0.01 0.01
0 0.154619 0.709518 0.01 0.01
0 0.155942 0.731871 0.01 0.01
0 0.144692 0.782459 0.01 0.01
0 0.136089 0.816577 0.01 0.01
0 0.189030 0.775400 0.01 0.01
0 0.193001 0.773047 0.01 0.01
0 0.189692 0.784812 0.01 0.01
0 0.187707 0.794224 0.01 0.01
0 0.198295 0.810694 0.01 0.01
0 0.199619 0.822459 0.01 0.01
0 0.190354 0.837753 0.01 0.01
0 0.177780 0.877753 0.01 0.01
0 0.183074 0.902459 0.01 0.01
0 0.206236 0.900106 0.01 0.01
0 0.207560 0.861283 0.01 0.01
0 0.212854 0.838930 0.01 0.01
0 0.221457 0.835400 0.01 0.01
0 0.230060 0.845989 0.01 0.01
0 0.238663 0.857753 0.01 0.01
0 0.251236 0.876577 0.01 0.01
0 0.269766 0.858930 0.01 0.01
0 0.292927 0.861283 0.01 0.01
0 0.245942 0.783636 0.01 0.01
0 0.238663 0.724812 0.01 0.01
0 0.249251 0.728342 0.01 0.01
0 0.257192 0.749518 0.01 0.01
0 0.274398 0.725989 0.01 0.01
0 0.286972 0.709518 0.01 0.01
0 0.328663 0.729518 0.01 0.01
0 0.357119 0.863636 0.01 0.01
0 0.392854 0.897753 0.01 0.01
0 0.396824 0.855400 0.01 0.01
0 0.396163 0.830694 0.01 0.01
0 0.423295 0.845989 0.01 0.01
