0 0.784375 0.033333 0.01 0.01
0 0.803906 0.073611 0.01 0.01
0 0.789062 0.155556 0.01 0.01
0 0.856250 0.118056 0.01 0.01
0 0.866406 0.168056 0.01 0.01
0 0.829687 0.233333 0.01 0.01
0 0.696094 0.138889 0.01 0.01
0 0.642969 0.069444 0.01 0.01
0 0.600781 0.195833 0.01 0.01
0 0.508594 0.326389 0.01 0.01
0 0.623438 0.559722 0.01 0.01
0 0.728125 0.430556 0.01 0.01
0 0.751562 0.416667 0.01 0.01
0 0.820312 0.469444 0.01 0.01
0 0.864844 0.550000 0.01 0.01
0 0.296875 0.173611 0.01 0.01
0 0.410937 0.329167 0.01 0.01
0 0.360938 0.554167 0.01 0.01
0 0.442187 0.655556 0.01 0.01
0 0.474219 0.744444 0.01 0.01
0 0.509375 0.775000 0.01 0.01
0 0.557813 0.870833 0.01 0.01
0 0.573438 0.927778 0.01 0.01
0 0.853906 0.859722 0.01 0.01
0 0.858594 0.801389 0.01 0.01
0 0.791406 0.829167 0.01 0.01
0 0.269531 0.894444 0.01 0.01
0 0.384375 0.726389 0.01 0.01
0 0.233594 0.722222 0.01 0.01
0 0.137500 0.062500 0.01 0.01
