0 0.846824 0.669518 0.01 0.01
0 0.845501 0.605989 0.01 0.01
0 0.843516 0.455400 0.01 0.01
0 0.829619 0.449518 0.01 0.01
0 0.817707 0.514224 0.01 0.01
0 0.815722 0.527165 0.01 0.01
0 0.808442 0.502459 0.01 0.01
0 0.793883 0.491871 0.01 0.01
0 0.811089 0.554224 0.01 0.01
0 0.750207 0.401283 0.01 0.01
0 0.817707 0.328342 0.01 0.01
0 0.811089 0.276577 0.01 0.01
0 0.761457 0.224812 0.01 0.01
0 0.707854 0.235400 0.01 0.01
0 0.813736 0.198930 0.01 0.01
0 0.801824 0.170694 0.01 0.01
0 0.819030 0.163636 0.01 0.01
0 0.821677 0.140106 0.01 0.01
0 0.811751 0.123636 0.01 0.01
0 0.810427 0.102459 0.01 0.01
0 0.805133 0.093047 0.01 0.01
0 0.799177 0.083636 0.01 0.01
0 0.799839 0.043636 0.01 0.01
0 0.783295 0.062459 0.01 0.01
0 0.770722 0.076577 0.01 0.01
0 0.764104 0.060106 0.01 0.01
0 0.760795 0.055400 0.01 0.01
0 0.750869 0.055400 0.01 0.01
0 0.740942 0.057753 0.01 0.01
0 0.723074 0.049518 0.01 0.01
0 0.710501 0.051871 0.01 0.01
0 0.707854 0.065989 0.01 0.01
0 0.697266 0.058930 0.01 0.01
0 0.692633 0.056577 0.01 0.01
0 0.666824 0.042459 0.01 0.01
0 0.684692 0.116577 0.01 0.01
0 0.678074 0.120106 0.01 0.01
0 0.752192 0.128342 0.01 0.01
0 0.824324 0.665989 0.01 0.01
0 0.815722 0.703636 0.01 0.01
0 0.821677 0.731871 0.01 0.01
0 0.815722 0.735400 0.01 0.01
0 0.823001 0.768341 0.01 0.01
0 0.813736 0.768341 0.01 0.01
0 0.831604 0.811871 0.01 0.01
0 0.823001 0.842459 0.01 0.01
0 0.796530 0.822459 0.01 0.01
0 0.800501 0.780106 0.01 0.01
0 0.746898 0.704812 0.01 0.01
0 0.751530 0.678930 0.01 0.01
0 0.691971 0.664812 0.01 0.01
0 0.719104 0.589518 0.01 0.01
0 0.687339 0.493047 0.01 0.01
0 0.662854 0.483636 0.01 0.01
0 0.644986 0.473047 0.01 0.01
0 0.639030 0.451871 0.01 0.01
0 0.591383 0.447165 0.01 0.01
0 0.654251 0.383636 0.01 0.01
0 0.649619 0.360106 0.01 0.01
0 0.625133 0.385989 0.01 0.01
0 0.666163 0.304812 0.01 0.01
0 0.582780 0.227165 0.01 0.01
0 0.569545 0.301283 0.01 0.01
0 0.565574 0.331871 0.01 0.01
0 0.642339 0.102459 0.01 0.01
0 0.643001 0.088342 0.01 0.01
0 0.632413 0.083636 0.01 0.01
0 0.636383 0.044812 0.01 0.01
0 0.623810 0.041283 0.01 0.01
0 0.610574 0.051871 0.01 0.01
0 0.578148 0.067165 0.01 0.01
0 0.570207 0.078930 0.01 0.01
0 0.598663 0.113047 0.01 0.01
0 0.580795 0.131871 0.01 0.01
0 0.547045 0.153047 0.01 0.01
0 0.525869 0.160106 0.01 0.01
0 0.486824 0.164812 0.01 0.01
0 0.469619 0.130694 0.01 0.01
0 0.519913 0.070694 0.01 0.01
0 0.504030 0.043636 0.01 0.01
0 0.494104 0.057753 0.01 0.01
0 0.472927 0.062459 0.01 0.01
0 0.473589 0.041283 0.01 0.01
0 0.442486 0.047165 0.01 0.01
0 0.435869 0.055400 0.01 0.01
0 0.441824 0.076577 0.01 0.01
0 0.419324 0.036577 0.01 0.01
0 0.402780 0.054224 0.01 0.01
0 0.391530 0.054224 0.01 0.01
0 0.360427 0.045989 0.01 0.01
0 0.353810 0.050694 0.01 0.01
0 0.337266 0.073047 0.01 0.01
0 0.325354 0.050694 0.01 0.01
0 0.318736 0.069518 0.01 0.01
0 0.321383 0.168342 0.01 0.01
0 0.380942 0.200106 0.01 0.01
0 0.423957 0.262459 0.01 0.01
0 0.458369 0.269518 0.01 0.01
0 0.494766 0.249518 0.01 0.01
0 0.513957 0.263636 0.01 0.01
0 0.506677 0.302459 0.01 0.01
0 0.512633 0.233047 0.01 0.01
0 0.764766 0.825989 0.01 0.01
0 0.748222 0.834224 0.01 0.01
0 0.713810 0.836577 0.01 0.01
0 0.715133 0.791871 0.01 0.01
0 0.692633 0.836577 0.01 0.01
0 0.672780 0.837753 0.01 0.01
0 0.663516 0.869518 0.01 0.01
0 0.612560 0.828341 0.01 0.01
0 0.577486 0.834224 0.01 0.01
0 0.537780 0.865989 0.01 0.01
0 0.502707 0.851871 0.01 0.01
0 0.481530 0.829518 0.01 0.01
0 0.492780 0.797753 0.01 0.01
0 0.459692 0.827165 0.01 0.01
0 0.449104 0.829518 0.01 0.01
0 0.439839 0.834224 0.01 0.01
0 0.444472 0.769518 0.01 0.01
0 0.451089 0.747165 0.01 0.01
0 0.457045 0.695400 0.01 0.01
0 0.449766 0.655400 0.01 0.01
0 0.457045 0.578930 0.01 0.01
0 0.481530 0.537753 0.01 0.01
0 0.477560 0.495400 0.01 0.01
0 0.534472 0.501283 0.01 0.01
0 0.502707 0.602459 0.01 0.01
0 0.486824 0.643636 0.01 0.01
0 0.556971 0.641283 0.01 0.01
0 0.566236 0.670694 0.01 0.01
0 0.568222 0.594224 0.01 0.01
0 0.594692 0.594224 0.01 0.01
0 0.609913 0.694224 0.01 0.01
0 0.631089 0.747165 0.01 0.01
0 0.574177 0.748342 0.01 0.01
0 0.545722 0.781283 0.01 0.01
0 0.551677 0.721283 0.01 0.01
0 0.382927 0.808341 0.01 0.01
0 0.355133 0.805989 0.01 0.01
0 0.319398 0.791871 0.01 0.01
0 0.380942 0.835400 0.01 0.01
0 0.322707 0.694224 0.01 0.01
0 0.335942 0.596577 0.01 0.01
0 0.367707 0.556577 0.01 0.01
0 0.400795 0.650694 0.01 0.01
0 0.414030 0.567165 0.01 0.01
0 0.425942 0.534224 0.01 0.01
0 0.419986 0.522459 0.01 0.01
0 0.394839 0.510694 0.01 0.01
0 0.384251 0.457753 0.01 0.01
0 0.376972 0.374224 0.01 0.01
0 0.414692 0.428342 0.01 0.01
0 0.462339 0.383636 0.01 0.01
0 0.451089 0.363636 0.01 0.01
0 0.309472 0.335400 0.01 0.01
0 0.262486 0.297753 0.01 0.01
0 0.292266 0.229518 0.01 0.01
0 0.230060 0.242459 0.01 0.01
0 0.271089 0.057753 0.01 0.01
0 0.247266 0.077753 0.01 0.01
0 0.257192 0.054224 0.01 0.01
0 0.246604 0.047165 0.01 0.01
0 0.238663 0.057753 0.01 0.01
0 0.228736 0.057753 0.01 0.01
0 0.236677 0.041283 0.01 0.01
0 0.222119 0.044812 0.01 0.01
0 0.204913 0.060106 0.01 0.01
0 0.206236 0.074224 0.01 0.01
0 0.189692 0.075400 0.01 0.01
0 0.185060 0.060106 0.01 0.01
0 0.169177 0.068342 0.01 0.01
0 0.151310 0.070694 0.01 0.01
0 0.149986 0.084812 0.01 0.01
0 0.140722 0.083636 0.01 0.01
0 0.175795 0.113047 0.01 0.01
0 0.178442 0.103636 0.01 0.01
0 0.189030 0.097753 0.01 0.01
0 0.212192 0.105989 0.01 0.01
0 0.208883 0.129518 0.01 0.01
0 0.199619 0.118930 0.01 0.01
0 0.192339 0.133047 0.01 0.01
0 0.191677 0.145989 0.01 0.01
0 0.183074 0.131871 0.01 0.01
0 0.175795 0.234224 0.01 0.01
0 0.182413 0.258930 0.01 0.01
0 0.177119 0.264812 0.01 0.01
0 0.179766 0.274224 0.01 0.01
0 0.177119 0.277753 0.01 0.01
0 0.168516 0.275400 0.01 0.01
0 0.198957 0.249518 0.01 0.01
0 0.191677 0.323636 0.01 0.01
0 0.167192 0.309518 0.01 0.01
0 0.181751 0.380106 0.01 0.01
0 0.165869 0.405989 0.01 0.01
0 0.133442 0.422459 0.01 0.01
0 0.181751 0.461283 0.01 0.01
0 0.184398 0.507165 0.01 0.01
0 0.175133 0.530694 0.01 0.01
0 0.175795 0.556577 0.01 0.01
0 0.163883 0.554224 0.01 0.01
0 0.184398 0.560106 0.01 0.01
0 0.195648 0.578930 0.01 0.01
0 0.237339 0.555400 0.01 0.01
0 0.243957 0.477753 0.01 0.01
0 0.230060 0.410694 0.01 0.01
0 0.239324 0.364812 0.01 0.01
0 0.265795 0.400106 0.01 0.01
0 0.305501 0.527165 0.01 0.01
0 0.265795 0.577753 0.01 0.01
0 0.274398 0.608342 0.01 0.01
0 0.286310 0.635400 0.01 0.01
0 0.275060 0.656577 0.01 0.01
0 0.257854 0.702459 0.01 0.01
0 0.239324 0.693047 0.01 0.01
0 0.230060 0.696577 0.01 0.01
0 0.244619 0.736577 0.01 0.01
0 0.233369 0.751871 0.01 0.01
0 0.213516 0.767165 0.01 0.01
0 0.193001 0.703636 0.01 0.01
0 0.181751 0.667165 0.01 0.01
0 0.178442 0.647165 0.01 0.01
0 0.178442 0.627165 0.01 0.01
0 0.129472 0.687165 0.01 0.01
0 0.158589 0.736577 0.01 0.01
0 0.181089 0.714224 0.01 0.01
0 0.175133 0.740106 0.01 0.01
0 0.178442 0.751871 0.01 0.01
0 0.172486 0.763636 0.01 0.01
0 0.178442 0.778930 0.01 0.01
0 0.184398 0.789518 0.01 0.01
0 0.171163 0.775400 0.01 0.01
0 0.191677 0.802459 0.01 0.01
0 0.195648 0.811871 0.01 0.01
0 0.190354 0.829518 0.01 0.01
0 0.207560 0.813047 0.01 0.01
0 0.215501 0.849518 0.01 0.01
0 0.163883 0.847165 0.01 0.01
0 0.152633 0.875400 0.01 0.01
0 0.241972 0.825989 0.01 0.01
0 0.265133 0.827165 0.01 0.01
0 0.269766 0.827165 0.01 0.01
0 0.277707 0.827165 0.01 0.01
0 0.271089 0.844812 0.01 0.01
0 0.552339 0.414224 0.01 0.01
