0 0.827633 0.120106 0.01 0.01
0 0.817045 0.110694 0.01 0.01
0 0.813074 0.103636 0.01 0.01
0 0.821016 0.090694 0.01 0.01
0 0.836898 0.211871 0.01 0.01
0 0.841530 0.234224 0.01 0.01
0 0.836236 0.284812 0.01 0.01
0 0.834913 0.302459 0.01 0.01
0 0.812413 0.324812 0.01 0.01
0 0.807119 0.176577 0.01 0.01
0 0.797854 0.101283 0.01 0.01
0 0.791236 0.090694 0.01 0.01
0 0.783295 0.078930 0.01 0.01
0 0.783957 0.088342 0.01 0.01
0 0.850133 0.121283 0.01 0.01
0 0.847486 0.100106 0.01 0.01
0 0.762780 0.149518 0.01 0.01
0 0.742266 0.073047 0.01 0.01
0 0.723074 0.055400 0.01 0.01
0 0.717119 0.071871 0.01 0.01
0 0.721089 0.107165 0.01 0.01
0 0.691971 0.082459 0.01 0.01
0 0.684692 0.062459 0.01 0.01
0 0.680060 0.076577 0.01 0.01
0 0.697266 0.134224 0.01 0.01
0 0.701236 0.153047 0.01 0.01
0 0.689986 0.181283 0.01 0.01
0 0.641677 0.140106 0.01 0.01
0 0.623148 0.087165 0.01 0.01
0 0.609251 0.081283 0.01 0.01
0 0.553663 0.074224 0.01 0.01
0 0.537780 0.082459 0.01 0.01
0 0.525869 0.085989 0.01 0.01
0 0.484839 0.082459 0.01 0.01
0 0.472927 0.090694 0.01 0.01
0 0.497413 0.118930 0.01 0.01
0 0.464324 0.156577 0.01 0.01
0 0.458369 0.123636 0.01 0.01
0 0.508663 0.184812 0.01 0.01
0 0.548369 0.193047 0.01 0.01
0 0.560280 0.147165 0.01 0.01
0 0.564251 0.237753 0.01 0.01
0 0.592045 0.168342 0.01 0.01
0 0.401457 0.184812 0.01 0.01
0 0.416677 0.081283 0.01 0.01
0 0.402780 0.069518 0.01 0.01
0 0.371016 0.083636 0.01 0.01
0 0.357119 0.114224 0.01 0.01
0 0.342560 0.082459 0.01 0.01
0 0.339251 0.085989 0.01 0.01
0 0.328001 0.076577 0.01 0.01
0 0.359766 0.134224 0.01 0.01
0 0.358442 0.148342 0.01 0.01
0 0.334619 0.147165 0.01 0.01
0 0.298222 0.117753 0.01 0.01
0 0.293589 0.084812 0.01 0.01
0 0.284324 0.078930 0.01 0.01
0 0.274398 0.076577 0.01 0.01
0 0.266457 0.085989 0.01 0.01
0 0.269766 0.040106 0.01 0.01
0 0.250574 0.076577 0.01 0.01
0 0.232045 0.042459 0.01 0.01
0 0.208222 0.050694 0.01 0.01
0 0.189692 0.044812 0.01 0.01
0 0.179766 0.087165 0.01 0.01
0 0.219471 0.098930 0.01 0.01
0 0.191016 0.131871 0.01 0.01
0 0.212192 0.129518 0.01 0.01
0 0.220795 0.162459 0.01 0.01
0 0.255207 0.150694 0.01 0.01
0 0.274398 0.140106 0.01 0.01
0 0.152633 0.233047 0.01 0.01
0 0.193001 0.270694 0.01 0.01
0 0.196310 0.295400 0.01 0.01
0 0.191016 0.310694 0.01 0.01
0 0.185060 0.335400 0.01 0.01
0 0.216163 0.285989 0.01 0.01
0 0.239986 0.265989 0.01 0.01
0 0.301530 0.274224 0.01 0.01
0 0.296898 0.415400 0.01 0.01
0 0.260501 0.393047 0.01 0.01
0 0.219471 0.398930 0.01 0.01
0 0.202927 0.368341 0.01 0.01
0 0.194324 0.403636 0.01 0.01
0 0.197633 0.427165 0.01 0.01
0 0.192339 0.465989 0.01 0.01
0 0.193663 0.489518 0.01 0.01
0 0.156604 0.534224 0.01 0.01
0 0.149324 0.534224 0.01 0.01
0 0.190354 0.556577 0.01 0.01
0 0.195648 0.540106 0.01 0.01
0 0.191677 0.516577 0.01 0.01
0 0.234692 0.505989 0.01 0.01
0 0.239986 0.460106 0.01 0.01
0 0.216163 0.455400 0.01 0.01
0 0.253883 0.594224 0.01 0.01
0 0.194324 0.605989 0.01 0.01
0 0.191016 0.618930 0.01 0.01
0 0.195648 0.634224 0.01 0.01
0 0.194324 0.662459 0.01 0.01
0 0.191016 0.674224 0.01 0.01
0 0.191016 0.702459 0.01 0.01
0 0.218810 0.684812 0.01 0.01
0 0.236677 0.658930 0.01 0.01
0 0.253883 0.727165 0.01 0.01
0 0.246604 0.722459 0.01 0.01
0 0.228736 0.748342 0.01 0.01
0 0.228736 0.797753 0.01 0.01
0 0.198957 0.790694 0.01 0.01
0 0.194324 0.808341 0.01 0.01
0 0.222780 0.811871 0.01 0.01
0 0.201604 0.825989 0.01 0.01
0 0.199619 0.838930 0.01 0.01
0 0.207560 0.835400 0.01 0.01
0 0.171163 0.873047 0.01 0.01
0 0.216824 0.853047 0.01 0.01
0 0.260501 0.868342 0.01 0.01
0 0.250574 0.807165 0.01 0.01
0 0.283001 0.868342 0.01 0.01
0 0.287633 0.850694 0.01 0.01
0 0.286310 0.923636 0.01 0.01
0 0.316751 0.874224 0.01 0.01
0 0.318074 0.751871 0.01 0.01
0 0.306163 0.654224 0.01 0.01
0 0.329986 0.628341 0.01 0.01
0 0.316089 0.588342 0.01 0.01
0 0.328663 0.569518 0.01 0.01
0 0.337266 0.528342 0.01 0.01
0 0.368369 0.447165 0.01 0.01
0 0.390207 0.573047 0.01 0.01
0 0.401457 0.594224 0.01 0.01
0 0.394839 0.713047 0.01 0.01
0 0.354472 0.757753 0.01 0.01
0 0.414692 0.814224 0.01 0.01
0 0.472927 0.810694 0.01 0.01
0 0.497413 0.813047 0.01 0.01
0 0.504692 0.778930 0.01 0.01
0 0.533148 0.774224 0.01 0.01
0 0.513957 0.717753 0.01 0.01
0 0.438516 0.628341 0.01 0.01
0 0.412045 0.528342 0.01 0.01
0 0.464986 0.625989 0.01 0.01
0 0.471604 0.609518 0.01 0.01
0 0.494766 0.576577 0.01 0.01
0 0.495427 0.533047 0.01 0.01
0 0.508001 0.537753 0.01 0.01
0 0.439177 0.470694 0.01 0.01
0 0.419986 0.348341 0.01 0.01
0 0.459692 0.311871 0.01 0.01
0 0.473589 0.321283 0.01 0.01
0 0.444472 0.411871 0.01 0.01
0 0.481530 0.413047 0.01 0.01
0 0.500060 0.363636 0.01 0.01
0 0.502045 0.295400 0.01 0.01
0 0.547707 0.307165 0.01 0.01
0 0.519251 0.373047 0.01 0.01
0 0.535133 0.368341 0.01 0.01
0 0.545722 0.393047 0.01 0.01
0 0.556971 0.414224 0.01 0.01
0 0.621824 0.261283 0.01 0.01
0 0.641016 0.374224 0.01 0.01
0 0.684692 0.341283 0.01 0.01
0 0.674104 0.396577 0.01 0.01
0 0.678074 0.427165 0.01 0.01
0 0.634398 0.421283 0.01 0.01
0 0.657560 0.465989 0.01 0.01
0 0.662192 0.497753 0.01 0.01
0 0.596016 0.537753 0.01 0.01
0 0.584104 0.528342 0.01 0.01
0 0.565574 0.549518 0.01 0.01
0 0.541751 0.494224 0.01 0.01
0 0.515942 0.485989 0.01 0.01
0 0.530501 0.624812 0.01 0.01
0 0.521898 0.680106 0.01 0.01
0 0.571530 0.667165 0.01 0.01
0 0.583442 0.709518 0.01 0.01
0 0.582780 0.628341 0.01 0.01
0 0.641016 0.605989 0.01 0.01
0 0.719766 0.551871 0.01 0.01
0 0.722413 0.563636 0.01 0.01
0 0.711824 0.653047 0.01 0.01
0 0.819030 0.571871 0.01 0.01
0 0.811089 0.593047 0.01 0.01
0 0.872633 0.636577 0.01 0.01
0 0.837560 0.677753 0.01 0.01
0 0.842192 0.704812 0.01 0.01
0 0.835574 0.730694 0.01 0.01
0 0.774030 0.630694 0.01 0.01
0 0.838222 0.804812 0.01 0.01
0 0.826972 0.834224 0.01 0.01
0 0.819030 0.850694 0.01 0.01
0 0.812413 0.867165 0.01 0.01
0 0.807780 0.837753 0.01 0.01
0 0.832927 0.915400 0.01 0.01
0 0.848148 0.874224 0.01 0.01
0 0.776677 0.871871 0.01 0.01
0 0.774030 0.837753 0.01 0.01
0 0.776677 0.780106 0.01 0.01
0 0.736310 0.725989 0.01 0.01
0 0.709839 0.703636 0.01 0.01
0 0.735648 0.804812 0.01 0.01
0 0.736310 0.860106 0.01 0.01
0 0.733001 0.874224 0.01 0.01
0 0.697266 0.858930 0.01 0.01
0 0.684030 0.870694 0.01 0.01
0 0.668810 0.869518 0.01 0.01
0 0.648295 0.870694 0.01 0.01
0 0.637045 0.875400 0.01 0.01
0 0.599986 0.910694 0.01 0.01
0 0.594692 0.874224 0.01 0.01
0 0.605280 0.871871 0.01 0.01
0 0.608589 0.823636 0.01 0.01
