0 0.135156 0.059722 0.01 0.01
0 0.296875 0.173611 0.01 0.01
0 0.412500 0.337500 0.01 0.01
0 0.506250 0.331944 0.01 0.01
0 0.600000 0.194444 0.01 0.01
0 0.621094 0.556944 0.01 0.01
0 0.360938 0.559722 0.01 0.01
0 0.232812 0.723611 0.01 0.01
0 0.443750 0.652778 0.01 0.01
0 0.473437 0.744444 0.01 0.01
0 0.510938 0.777778 0.01 0.01
0 0.558594 0.872222 0.01 0.01
0 0.572656 0.927778 0.01 0.01
0 0.269531 0.891667 0.01 0.01
0 0.852344 0.858333 0.01 0.01
0 0.857031 0.806944 0.01 0.01
0 0.789844 0.827778 0.01 0.01
0 0.864844 0.548611 0.01 0.01
0 0.819531 0.468056 0.01 0.01
0 0.730469 0.430556 0.01 0.01
0 0.751562 0.416667 0.01 0.01
0 0.825781 0.233333 0.01 0.01
0 0.864844 0.168056 0.01 0.01
0 0.857031 0.119444 0.01 0.01
0 0.788281 0.151389 0.01 0.01
0 0.803906 0.073611 0.01 0.01
0 0.784375 0.030556 0.01 0.01
0 0.697656 0.143056 0.01 0.01
0 0.640625 0.069444 0.01 0.01
