0 0.208883 0.137753 0.01 0.01
0 0.218148 0.169518 0.01 0.01
0 0.214839 0.255400 0.01 0.01
0 0.237339 0.293047 0.01 0.01
0 0.237339 0.309518 0.01 0.01
0 0.239986 0.323636 0.01 0.01
0 0.236677 0.414224 0.01 0.01
0 0.234030 0.420106 0.01 0.01
0 0.239986 0.475400 0.01 0.01
0 0.284324 0.458930 0.01 0.01
0 0.293589 0.491871 0.01 0.01
0 0.371677 0.345989 0.01 0.01
0 0.368369 0.314224 0.01 0.01
0 0.413369 0.304812 0.01 0.01
0 0.441824 0.249518 0.01 0.01
0 0.373663 0.207165 0.01 0.01
0 0.326016 0.175400 0.01 0.01
0 0.307486 0.180106 0.01 0.01
0 0.241310 0.207165 0.01 0.01
0 0.229398 0.208342 0.01 0.01
0 0.240648 0.187165 0.01 0.01
0 0.259839 0.165989 0.01 0.01
0 0.247927 0.136577 0.01 0.01
0 0.255869 0.137753 0.01 0.01
0 0.241310 0.074224 0.01 0.01
0 0.288957 0.095400 0.01 0.01
0 0.298222 0.109518 0.01 0.01
0 0.316751 0.103636 0.01 0.01
0 0.357119 0.101283 0.01 0.01
0 0.362413 0.116577 0.01 0.01
0 0.470942 0.103636 0.01 0.01
0 0.488148 0.080106 0.01 0.01
0 0.506677 0.108342 0.01 0.01
0 0.455722 0.357753 0.01 0.01
0 0.470942 0.397753 0.01 0.01
0 0.475574 0.440106 0.01 0.01
0 0.526530 0.402459 0.01 0.01
0 0.587413 0.381283 0.01 0.01
0 0.527854 0.283636 0.01 0.01
0 0.535795 0.240106 0.01 0.01
0 0.521898 0.200106 0.01 0.01
0 0.572192 0.105989 0.01 0.01
0 0.606604 0.108342 0.01 0.01
0 0.606604 0.142459 0.01 0.01
0 0.622486 0.118930 0.01 0.01
0 0.686677 0.222459 0.01 0.01
0 0.714472 0.109518 0.01 0.01
0 0.721751 0.111871 0.01 0.01
0 0.729030 0.071871 0.01 0.01
0 0.743589 0.100106 0.01 0.01
0 0.765427 0.100106 0.01 0.01
0 0.778001 0.073047 0.01 0.01
0 0.794545 0.082459 0.01 0.01
0 0.801824 0.108342 0.01 0.01
0 0.804471 0.116577 0.01 0.01
0 0.816383 0.115400 0.01 0.01
0 0.836236 0.109518 0.01 0.01
0 0.850133 0.105989 0.01 0.01
0 0.841530 0.093047 0.01 0.01
0 0.787266 0.156577 0.01 0.01
0 0.768074 0.190694 0.01 0.01
0 0.781310 0.247165 0.01 0.01
0 0.781310 0.278930 0.01 0.01
0 0.787927 0.336577 0.01 0.01
0 0.841530 0.381283 0.01 0.01
0 0.853442 0.314224 0.01 0.01
0 0.904398 0.336577 0.01 0.01
0 0.941457 0.249518 0.01 0.01
0 0.901089 0.197753 0.01 0.01
0 0.901751 0.165989 0.01 0.01
0 0.913001 0.167165 0.01 0.01
0 0.922927 0.149518 0.01 0.01
0 0.896457 0.137753 0.01 0.01
0 0.885869 0.131871 0.01 0.01
0 0.881236 0.118930 0.01 0.01
0 0.904398 0.075400 0.01 0.01
0 0.918295 0.515400 0.01 0.01
0 0.907045 0.513047 0.01 0.01
0 0.903736 0.575400 0.01 0.01
0 0.906383 0.635400 0.01 0.01
0 0.897780 0.701283 0.01 0.01
0 0.776016 0.600106 0.01 0.01
0 0.772707 0.704812 0.01 0.01
0 0.754839 0.683636 0.01 0.01
0 0.804471 0.602459 0.01 0.01
0 0.725060 0.582459 0.01 0.01
0 0.692633 0.542459 0.01 0.01
0 0.703883 0.533047 0.01 0.01
0 0.701236 0.521283 0.01 0.01
0 0.689324 0.488342 0.01 0.01
0 0.676089 0.453047 0.01 0.01
0 0.719104 0.430694 0.01 0.01
0 0.649619 0.458930 0.01 0.01
0 0.621824 0.453047 0.01 0.01
0 0.625133 0.516577 0.01 0.01
0 0.613222 0.627165 0.01 0.01
0 0.627119 0.649518 0.01 0.01
0 0.650942 0.702459 0.01 0.01
0 0.572854 0.733047 0.01 0.01
0 0.542413 0.583636 0.01 0.01
0 0.493442 0.518930 0.01 0.01
0 0.464324 0.531871 0.01 0.01
0 0.339913 0.576577 0.01 0.01
0 0.335280 0.571871 0.01 0.01
0 0.246604 0.553047 0.01 0.01
0 0.237339 0.515400 0.01 0.01
0 0.234692 0.581283 0.01 0.01
0 0.268442 0.649518 0.01 0.01
0 0.312119 0.682459 0.01 0.01
0 0.342560 0.641283 0.01 0.01
0 0.375648 0.697753 0.01 0.01
0 0.374324 0.731871 0.01 0.01
0 0.366383 0.735400 0.01 0.01
0 0.466971 0.700106 0.01 0.01
0 0.501383 0.747165 0.01 0.01
0 0.418663 0.796577 0.01 0.01
0 0.386898 0.844812 0.01 0.01
0 0.367707 0.854224 0.01 0.01
0 0.363074 0.781283 0.01 0.01
0 0.410060 0.870694 0.01 0.01
0 0.401457 0.908341 0.01 0.01
0 0.397486 0.920106 0.01 0.01
0 0.404104 0.925989 0.01 0.01
0 0.371016 0.927165 0.01 0.01
0 0.358442 0.922459 0.01 0.01
0 0.324030 0.908341 0.01 0.01
0 0.300869 0.914224 0.01 0.01
0 0.279030 0.921283 0.01 0.01
0 0.290280 0.965989 0.01 0.01
0 0.206236 0.958930 0.01 0.01
0 0.198957 0.951871 0.01 0.01
0 0.198295 0.942459 0.01 0.01
0 0.186383 0.857753 0.01 0.01
0 0.218810 0.834224 0.01 0.01
0 0.234692 0.824812 0.01 0.01
0 0.258516 0.823636 0.01 0.01
0 0.238001 0.849518 0.01 0.01
0 0.243957 0.882459 0.01 0.01
0 0.249251 0.893047 0.01 0.01
0 0.254545 0.876577 0.01 0.01
0 0.259177 0.897753 0.01 0.01
0 0.291604 0.867165 0.01 0.01
0 0.232045 0.789518 0.01 0.01
0 0.234692 0.743636 0.01 0.01
0 0.256530 0.750694 0.01 0.01
0 0.505354 0.878930 0.01 0.01
0 0.527192 0.920106 0.01 0.01
0 0.519913 0.951871 0.01 0.01
0 0.553663 0.931871 0.01 0.01
0 0.584766 0.944812 0.01 0.01
0 0.585427 0.803636 0.01 0.01
0 0.562927 0.770694 0.01 0.01
0 0.728369 0.964812 0.01 0.01
0 0.746898 0.945989 0.01 0.01
0 0.736971 0.933047 0.01 0.01
0 0.723074 0.900106 0.01 0.01
0 0.726383 0.834224 0.01 0.01
0 0.679398 0.860106 0.01 0.01
0 0.685354 0.876577 0.01 0.01
0 0.675427 0.909518 0.01 0.01
0 0.697266 0.935400 0.01 0.01
0 0.789251 0.938930 0.01 0.01
0 0.820354 0.858930 0.01 0.01
0 0.836236 0.936577 0.01 0.01
0 0.851457 0.942459 0.01 0.01
0 0.873295 0.925989 0.01 0.01
0 0.877927 0.901283 0.01 0.01
0 0.896457 0.898930 0.01 0.01
0 0.906383 0.848342 0.01 0.01
0 0.942780 0.821283 0.01 0.01
0 0.922927 0.788342 0.01 0.01
0 0.905060 0.807165 0.01 0.01
0 0.891824 0.827165 0.01 0.01
0 0.860060 0.763636 0.01 0.01
0 0.781310 0.770694 0.01 0.01
0 0.853442 0.703636 0.01 0.01
