0 0.788281 0.052778 0.01 0.01
0 0.768750 0.200000 0.01 0.01
0 0.716406 0.195833 0.01 0.01
0 0.642969 0.255556 0.01 0.01
0 0.618750 0.347222 0.01 0.01
0 0.535156 0.473611 0.01 0.01
0 0.668750 0.450000 0.01 0.01
0 0.676562 0.343056 0.01 0.01
0 0.837500 0.387500 0.01 0.01
0 0.862500 0.304167 0.01 0.01
0 0.864844 0.584722 0.01 0.01
0 0.708594 0.613889 0.01 0.01
0 0.478125 0.673611 0.01 0.01
0 0.398438 0.518056 0.01 0.01
0 0.373437 0.472222 0.01 0.01
0 0.871094 0.805556 0.01 0.01
0 0.860156 0.858333 0.01 0.01
0 0.800000 0.931944 0.01 0.01
0 0.705469 0.845833 0.01 0.01
0 0.619531 0.851389 0.01 0.01
0 0.548437 0.809722 0.01 0.01
0 0.442969 0.806944 0.01 0.01
0 0.439063 0.756944 0.01 0.01
0 0.447656 0.936111 0.01 0.01
0 0.400781 0.731944 0.01 0.01
0 0.227344 0.619444 0.01 0.01
0 0.295312 0.248611 0.01 0.01
0 0.263281 0.223611 0.01 0.01
0 0.472656 0.036111 0.01 0.01
