0 0.786719 0.068056 0.01 0.01
0 0.775781 0.201389 0.01 0.01
0 0.862500 0.263889 0.01 0.01
0 0.839844 0.393056 0.01 0.01
0 0.687500 0.406944 0.01 0.01
0 0.668750 0.466667 0.01 0.01
0 0.630469 0.383333 0.01 0.01
0 0.654688 0.256944 0.01 0.01
0 0.747656 0.201389 0.01 0.01
0 0.619531 0.143056 0.01 0.01
0 0.482031 0.050000 0.01 0.01
0 0.507031 0.355556 0.01 0.01
0 0.319531 0.168056 0.01 0.01
0 0.282813 0.283333 0.01 0.01
0 0.376563 0.450000 0.01 0.01
0 0.389062 0.543056 0.01 0.01
0 0.235938 0.630556 0.01 0.01
0 0.403906 0.744444 0.01 0.01
0 0.478125 0.683333 0.01 0.01
0 0.446094 0.827778 0.01 0.01
0 0.429688 0.801389 0.01 0.01
0 0.545313 0.813889 0.01 0.01
0 0.578125 0.866667 0.01 0.01
0 0.702344 0.583333 0.01 0.01
0 0.863281 0.588889 0.01 0.01
0 0.865625 0.719444 0.01 0.01
0 0.857813 0.868056 0.01 0.01
0 0.803125 0.941667 0.01 0.01
