0 0.148438 0.040278 0.01 0.01
0 0.294531 0.181944 0.01 0.01
0 0.532031 0.266667 0.01 0.01
0 0.407813 0.352778 0.01 0.01
0 0.364062 0.556944 0.01 0.01
0 0.431250 0.604167 0.01 0.01
0 0.635938 0.073611 0.01 0.01
0 0.664062 0.109722 0.01 0.01
0 0.748438 0.136111 0.01 0.01
0 0.747656 0.426389 0.01 0.01
0 0.729688 0.433333 0.01 0.01
0 0.625781 0.554167 0.01 0.01
0 0.521094 0.720833 0.01 0.01
0 0.466406 0.790278 0.01 0.01
0 0.381250 0.759722 0.01 0.01
0 0.223438 0.705556 0.01 0.01
0 0.304688 0.918056 0.01 0.01
0 0.548437 0.843056 0.01 0.01
0 0.564844 0.936111 0.01 0.01
0 0.847656 0.863889 0.01 0.01
0 0.854688 0.808333 0.01 0.01
0 0.777344 0.830556 0.01 0.01
0 0.860156 0.570833 0.01 0.01
0 0.823438 0.504167 0.01 0.01
0 0.859375 0.191667 0.01 0.01
0 0.803125 0.211111 0.01 0.01
0 0.853125 0.126389 0.01 0.01
0 0.796094 0.070833 0.01 0.01
0 0.785156 0.054167 0.01 0.01
