0 0.854766 0.260106 0.01 0.01
0 0.803810 0.200106 0.01 0.01
0 0.743589 0.230694 0.01 0.01
0 0.715795 0.202459 0.01 0.01
0 0.699251 0.141283 0.01 0.01
0 0.744913 0.121283 0.01 0.01
0 0.766089 0.117753 0.01 0.01
0 0.831604 0.188341 0.01 0.01
0 0.831604 0.181283 0.01 0.01
0 0.831604 0.170694 0.01 0.01
0 0.836898 0.141283 0.01 0.01
0 0.836236 0.125989 0.01 0.01
0 0.825648 0.128342 0.01 0.01
0 0.821016 0.117753 0.01 0.01
0 0.825648 0.109518 0.01 0.01
0 0.816383 0.098930 0.01 0.01
0 0.839545 0.083636 0.01 0.01
0 0.792560 0.078930 0.01 0.01
0 0.778663 0.073047 0.01 0.01
0 0.772707 0.078930 0.01 0.01
0 0.767413 0.070694 0.01 0.01
0 0.762780 0.076577 0.01 0.01
0 0.755501 0.069518 0.01 0.01
0 0.740280 0.067165 0.01 0.01
0 0.731016 0.053047 0.01 0.01
0 0.727045 0.068342 0.01 0.01
0 0.718442 0.070694 0.01 0.01
0 0.703883 0.077753 0.01 0.01
0 0.687339 0.081283 0.01 0.01
0 0.674766 0.074224 0.01 0.01
0 0.670795 0.074224 0.01 0.01
0 0.672780 0.050694 0.01 0.01
0 0.660207 0.071871 0.01 0.01
0 0.650280 0.058930 0.01 0.01
0 0.649619 0.133047 0.01 0.01
0 0.618516 0.157753 0.01 0.01
0 0.593369 0.093047 0.01 0.01
0 0.588736 0.084812 0.01 0.01
0 0.592707 0.074224 0.01 0.01
0 0.602633 0.081283 0.01 0.01
0 0.570869 0.090694 0.01 0.01
0 0.553001 0.067165 0.01 0.01
0 0.526530 0.065989 0.01 0.01
0 0.492780 0.062459 0.01 0.01
0 0.827633 0.295400 0.01 0.01
0 0.829619 0.384812 0.01 0.01
0 0.796530 0.368341 0.01 0.01
0 0.858074 0.464812 0.01 0.01
0 0.862045 0.474224 0.01 0.01
0 0.790574 0.497753 0.01 0.01
0 0.824986 0.557753 0.01 0.01
0 0.827633 0.564812 0.01 0.01
0 0.829619 0.593047 0.01 0.01
0 0.809104 0.607165 0.01 0.01
0 0.832927 0.638930 0.01 0.01
0 0.829619 0.724812 0.01 0.01
0 0.833589 0.740106 0.01 0.01
0 0.783295 0.720106 0.01 0.01
0 0.746236 0.714224 0.01 0.01
0 0.830942 0.798930 0.01 0.01
0 0.868001 0.823636 0.01 0.01
0 0.868001 0.761283 0.01 0.01
0 0.701563 0.440278 0.01 0.01
0 0.663281 0.387500 0.01 0.01
0 0.650781 0.404167 0.01 0.01
0 0.639063 0.406944 0.01 0.01
0 0.638281 0.376389 0.01 0.01
0 0.659375 0.498611 0.01 0.01
0 0.669531 0.533333 0.01 0.01
0 0.678906 0.679167 0.01 0.01
0 0.701563 0.695833 0.01 0.01
0 0.848437 0.847222 0.01 0.01
0 0.835156 0.861111 0.01 0.01
0 0.805469 0.911111 0.01 0.01
0 0.814062 0.854167 0.01 0.01
0 0.807813 0.844444 0.01 0.01
0 0.802344 0.822222 0.01 0.01
0 0.775781 0.861111 0.01 0.01
0 0.763281 0.859722 0.01 0.01
0 0.742188 0.854167 0.01 0.01
0 0.712500 0.852778 0.01 0.01
0 0.708594 0.876389 0.01 0.01
0 0.638281 0.645833 0.01 0.01
0 0.636719 0.566667 0.01 0.01
0 0.607813 0.462500 0.01 0.01
0 0.583594 0.355556 0.01 0.01
0 0.592188 0.262500 0.01 0.01
0 0.605469 0.230556 0.01 0.01
0 0.571094 0.154167 0.01 0.01
0 0.536719 0.158333 0.01 0.01
0 0.590721 0.588342 0.01 0.01
0 0.580795 0.622459 0.01 0.01
0 0.571530 0.673047 0.01 0.01
0 0.577486 0.697753 0.01 0.01
0 0.584766 0.769518 0.01 0.01
0 0.589398 0.796577 0.01 0.01
0 0.584766 0.820106 0.01 0.01
0 0.588736 0.857753 0.01 0.01
0 0.603957 0.857753 0.01 0.01
0 0.621824 0.793047 0.01 0.01
0 0.529177 0.841283 0.01 0.01
0 0.520574 0.850694 0.01 0.01
0 0.547045 0.813047 0.01 0.01
0 0.492780 0.851871 0.01 0.01
0 0.477560 0.862459 0.01 0.01
0 0.474251 0.856577 0.01 0.01
0 0.457045 0.858930 0.01 0.01
0 0.410721 0.888342 0.01 0.01
0 0.401457 0.844812 0.01 0.01
0 0.394839 0.827165 0.01 0.01
0 0.423957 0.841283 0.01 0.01
0 0.463001 0.722459 0.01 0.01
0 0.467633 0.715400 0.01 0.01
0 0.524545 0.750694 0.01 0.01
0 0.508663 0.665989 0.01 0.01
0 0.542413 0.554224 0.01 0.01
0 0.513295 0.574224 0.01 0.01
0 0.494104 0.561283 0.01 0.01
0 0.479545 0.551871 0.01 0.01
0 0.464986 0.603636 0.01 0.01
0 0.434545 0.602459 0.01 0.01
0 0.451751 0.556577 0.01 0.01
0 0.450427 0.431871 0.01 0.01
0 0.455060 0.421283 0.01 0.01
0 0.462339 0.438930 0.01 0.01
0 0.425280 0.397753 0.01 0.01
0 0.380942 0.309518 0.01 0.01
0 0.394839 0.331871 0.01 0.01
0 0.427927 0.294224 0.01 0.01
0 0.474913 0.403636 0.01 0.01
0 0.486163 0.378930 0.01 0.01
0 0.527854 0.436577 0.01 0.01
0 0.511310 0.357753 0.01 0.01
0 0.539104 0.321283 0.01 0.01
0 0.560280 0.322459 0.01 0.01
0 0.513957 0.349518 0.01 0.01
0 0.511310 0.267165 0.01 0.01
0 0.500722 0.190694 0.01 0.01
0 0.474251 0.171871 0.01 0.01
0 0.490133 0.150694 0.01 0.01
0 0.459030 0.125989 0.01 0.01
0 0.473589 0.083636 0.01 0.01
0 0.450427 0.060106 0.01 0.01
0 0.437854 0.070694 0.01 0.01
0 0.431236 0.077753 0.01 0.01
0 0.396824 0.068342 0.01 0.01
0 0.371016 0.069518 0.01 0.01
0 0.346530 0.068342 0.01 0.01
0 0.335280 0.081283 0.01 0.01
0 0.312780 0.056577 0.01 0.01
0 0.360427 0.147165 0.01 0.01
0 0.370354 0.125989 0.01 0.01
0 0.388222 0.105989 0.01 0.01
0 0.401457 0.218930 0.01 0.01
0 0.294913 0.227165 0.01 0.01
0 0.296236 0.255400 0.01 0.01
0 0.256530 0.267165 0.01 0.01
0 0.226089 0.216577 0.01 0.01
0 0.194986 0.224812 0.01 0.01
0 0.193663 0.253047 0.01 0.01
0 0.196310 0.276577 0.01 0.01
0 0.194986 0.296577 0.01 0.01
0 0.183074 0.295400 0.01 0.01
0 0.171824 0.304812 0.01 0.01
0 0.173810 0.391871 0.01 0.01
0 0.184398 0.415400 0.01 0.01
0 0.193001 0.410694 0.01 0.01
0 0.194324 0.393047 0.01 0.01
0 0.208222 0.364812 0.01 0.01
0 0.253222 0.380106 0.01 0.01
0 0.332633 0.395400 0.01 0.01
0 0.173810 0.168342 0.01 0.01
0 0.168516 0.147165 0.01 0.01
0 0.182413 0.125989 0.01 0.01
0 0.200942 0.141283 0.01 0.01
0 0.214177 0.140106 0.01 0.01
0 0.224104 0.153047 0.01 0.01
0 0.198957 0.118930 0.01 0.01
0 0.202266 0.113047 0.01 0.01
0 0.193663 0.107165 0.01 0.01
0 0.208222 0.113047 0.01 0.01
0 0.210869 0.108342 0.01 0.01
0 0.207560 0.096577 0.01 0.01
0 0.193663 0.054224 0.01 0.01
0 0.191016 0.029518 0.01 0.01
0 0.218810 0.102459 0.01 0.01
0 0.214177 0.087165 0.01 0.01
0 0.213516 0.071871 0.01 0.01
0 0.220795 0.074224 0.01 0.01
0 0.230060 0.068342 0.01 0.01
0 0.245280 0.065989 0.01 0.01
0 0.257854 0.093047 0.01 0.01
0 0.262486 0.069518 0.01 0.01
0 0.270427 0.065989 0.01 0.01
0 0.320722 0.543636 0.01 0.01
0 0.275060 0.475400 0.01 0.01
0 0.257854 0.435400 0.01 0.01
0 0.196310 0.485989 0.01 0.01
0 0.190354 0.514224 0.01 0.01
0 0.194986 0.594224 0.01 0.01
0 0.191016 0.636577 0.01 0.01
0 0.173148 0.623636 0.01 0.01
0 0.143369 0.570694 0.01 0.01
0 0.158589 0.662459 0.01 0.01
0 0.159913 0.688341 0.01 0.01
0 0.185722 0.715400 0.01 0.01
0 0.194324 0.683636 0.01 0.01
0 0.185722 0.677753 0.01 0.01
0 0.242633 0.624812 0.01 0.01
0 0.250574 0.573047 0.01 0.01
0 0.279030 0.607165 0.01 0.01
0 0.289619 0.624812 0.01 0.01
0 0.352486 0.625989 0.01 0.01
0 0.376972 0.583636 0.01 0.01
0 0.327339 0.714224 0.01 0.01
0 0.339913 0.850694 0.01 0.01
0 0.289619 0.850694 0.01 0.01
0 0.298222 0.717753 0.01 0.01
0 0.288295 0.715400 0.01 0.01
0 0.289619 0.664812 0.01 0.01
0 0.257192 0.743636 0.01 0.01
0 0.243295 0.775400 0.01 0.01
0 0.249251 0.718930 0.01 0.01
0 0.238663 0.718930 0.01 0.01
0 0.265795 0.847165 0.01 0.01
0 0.261824 0.851871 0.01 0.01
0 0.236016 0.883636 0.01 0.01
0 0.238663 0.850694 0.01 0.01
0 0.199619 0.887165 0.01 0.01
0 0.187045 0.897753 0.01 0.01
0 0.178442 0.870694 0.01 0.01
0 0.183736 0.824812 0.01 0.01
0 0.137413 0.811871 0.01 0.01
0 0.142707 0.773047 0.01 0.01
0 0.191016 0.788342 0.01 0.01
0 0.187045 0.787165 0.01 0.01
0 0.191016 0.762459 0.01 0.01
0 0.203589 0.760106 0.01 0.01
0 0.198295 0.805989 0.01 0.01
0 0.201604 0.830694 0.01 0.01
0 0.209545 0.823636 0.01 0.01
0 0.212854 0.831871 0.01 0.01
0 0.206236 0.844812 0.01 0.01
0 0.221457 0.835400 0.01 0.01
0 0.224104 0.831871 0.01 0.01
