0 0.229687 0.375000 0.01 0.01
0 0.264062 0.263889 0.01 0.01
0 0.230469 0.247222 0.01 0.01
0 0.234375 0.177778 0.01 0.01
0 0.238281 0.176389 0.01 0.01
0 0.229687 0.097222 0.01 0.01
0 0.258594 0.152778 0.01 0.01
0 0.277344 0.173611 0.01 0.01
0 0.326562 0.126389 0.01 0.01
0 0.350781 0.134722 0.01 0.01
0 0.376563 0.129167 0.01 0.01
0 0.439844 0.323611 0.01 0.01
0 0.375000 0.347222 0.01 0.01
0 0.495313 0.187500 0.01 0.01
0 0.525000 0.134722 0.01 0.01
0 0.546094 0.151389 0.01 0.01
0 0.531250 0.251389 0.01 0.01
0 0.535156 0.280556 0.01 0.01
0 0.564062 0.265278 0.01 0.01
0 0.567187 0.276389 0.01 0.01
0 0.588281 0.258333 0.01 0.01
0 0.611719 0.272222 0.01 0.01
0 0.621094 0.227778 0.01 0.01
0 0.644531 0.166667 0.01 0.01
0 0.657812 0.152778 0.01 0.01
0 0.714844 0.141667 0.01 0.01
0 0.739062 0.127778 0.01 0.01
0 0.801562 0.098611 0.01 0.01
0 0.835938 0.158333 0.01 0.01
0 0.855469 0.172222 0.01 0.01
0 0.866406 0.162500 0.01 0.01
0 0.863281 0.205556 0.01 0.01
0 0.866406 0.219444 0.01 0.01
0 0.871094 0.259722 0.01 0.01
0 0.899219 0.263889 0.01 0.01
0 0.877344 0.298611 0.01 0.01
0 0.864844 0.306944 0.01 0.01
0 0.883594 0.355556 0.01 0.01
0 0.742188 0.329167 0.01 0.01
0 0.731250 0.313889 0.01 0.01
0 0.610156 0.329167 0.01 0.01
0 0.636719 0.400000 0.01 0.01
0 0.660156 0.476389 0.01 0.01
0 0.525000 0.456944 0.01 0.01
0 0.515625 0.437500 0.01 0.01
0 0.700781 0.547222 0.01 0.01
0 0.710938 0.490278 0.01 0.01
0 0.755469 0.604167 0.01 0.01
0 0.778125 0.531944 0.01 0.01
0 0.825781 0.586111 0.01 0.01
0 0.869531 0.631944 0.01 0.01
0 0.868750 0.588889 0.01 0.01
0 0.867188 0.740278 0.01 0.01
0 0.869531 0.825000 0.01 0.01
0 0.901563 0.879167 0.01 0.01
0 0.897656 0.922222 0.01 0.01
0 0.870313 0.900000 0.01 0.01
0 0.850781 0.908333 0.01 0.01
0 0.804688 0.947222 0.01 0.01
0 0.800781 0.947222 0.01 0.01
0 0.790625 0.950000 0.01 0.01
0 0.790625 0.909722 0.01 0.01
0 0.779688 0.808333 0.01 0.01
0 0.745313 0.768056 0.01 0.01
0 0.753125 0.798611 0.01 0.01
0 0.753125 0.850000 0.01 0.01
0 0.754687 0.886111 0.01 0.01
0 0.746094 0.915278 0.01 0.01
0 0.764844 0.945833 0.01 0.01
0 0.770312 0.925000 0.01 0.01
0 0.642187 0.923611 0.01 0.01
0 0.655469 0.825000 0.01 0.01
0 0.689062 0.737500 0.01 0.01
0 0.642969 0.719444 0.01 0.01
0 0.635156 0.823611 0.01 0.01
0 0.613281 0.697222 0.01 0.01
0 0.603906 0.580556 0.01 0.01
0 0.559375 0.619444 0.01 0.01
0 0.582031 0.701389 0.01 0.01
0 0.570312 0.775000 0.01 0.01
0 0.538281 0.737500 0.01 0.01
0 0.527344 0.694444 0.01 0.01
0 0.536719 0.662500 0.01 0.01
0 0.526563 0.601389 0.01 0.01
0 0.471875 0.779167 0.01 0.01
0 0.556250 0.915278 0.01 0.01
0 0.534375 0.908333 0.01 0.01
0 0.453906 0.911111 0.01 0.01
0 0.392969 0.927778 0.01 0.01
0 0.378125 0.904167 0.01 0.01
0 0.367969 0.912500 0.01 0.01
0 0.355469 0.911111 0.01 0.01
0 0.412500 0.837500 0.01 0.01
0 0.432813 0.730556 0.01 0.01
0 0.422656 0.609722 0.01 0.01
0 0.390625 0.561111 0.01 0.01
0 0.482031 0.579167 0.01 0.01
0 0.380469 0.730556 0.01 0.01
0 0.379687 0.822222 0.01 0.01
0 0.435937 0.859722 0.01 0.01
0 0.346094 0.802778 0.01 0.01
0 0.302344 0.779167 0.01 0.01
0 0.324219 0.905556 0.01 0.01
0 0.297656 0.902778 0.01 0.01
0 0.289844 0.906944 0.01 0.01
0 0.254687 0.958333 0.01 0.01
0 0.216406 0.943056 0.01 0.01
0 0.214844 0.877778 0.01 0.01
0 0.231250 0.870833 0.01 0.01
0 0.245312 0.883333 0.01 0.01
0 0.226562 0.858333 0.01 0.01
0 0.227344 0.848611 0.01 0.01
0 0.217187 0.825000 0.01 0.01
0 0.214062 0.808333 0.01 0.01
0 0.221875 0.772222 0.01 0.01
0 0.224219 0.684722 0.01 0.01
0 0.233594 0.636111 0.01 0.01
0 0.244531 0.568056 0.01 0.01
0 0.289062 0.526389 0.01 0.01
