0 0.787500 0.063889 0.01 0.01
0 0.784375 0.109722 0.01 0.01
0 0.792188 0.201389 0.01 0.01
0 0.835938 0.240278 0.01 0.01
0 0.853125 0.140278 0.01 0.01
0 0.708594 0.179167 0.01 0.01
0 0.628125 0.080556 0.01 0.01
0 0.609375 0.073611 0.01 0.01
0 0.603906 0.170833 0.01 0.01
0 0.504687 0.154167 0.01 0.01
0 0.287500 0.181944 0.01 0.01
0 0.264844 0.031944 0.01 0.01
0 0.396875 0.362500 0.01 0.01
0 0.371094 0.531944 0.01 0.01
0 0.428125 0.525000 0.01 0.01
0 0.384375 0.738889 0.01 0.01
0 0.216406 0.676389 0.01 0.01
0 0.337500 0.929167 0.01 0.01
0 0.518750 0.948611 0.01 0.01
0 0.467969 0.876389 0.01 0.01
0 0.541406 0.833333 0.01 0.01
0 0.494531 0.652778 0.01 0.01
0 0.634375 0.541667 0.01 0.01
0 0.738281 0.454167 0.01 0.01
0 0.727344 0.434722 0.01 0.01
0 0.839063 0.536111 0.01 0.01
0 0.856250 0.630556 0.01 0.01
0 0.850000 0.813889 0.01 0.01
0 0.841406 0.868056 0.01 0.01
0 0.765625 0.829167 0.01 0.01
