0 0.858074 0.227165 0.01 0.01
0 0.777339 0.183636 0.01 0.01
0 0.764766 0.194224 0.01 0.01
0 0.782633 0.077753 0.01 0.01
0 0.657560 0.238930 0.01 0.01
0 0.615207 0.153047 0.01 0.01
0 0.644986 0.368341 0.01 0.01
0 0.696604 0.453047 0.01 0.01
0 0.688001 0.500106 0.01 0.01
0 0.686016 0.558930 0.01 0.01
0 0.834251 0.376577 0.01 0.01
0 0.854766 0.596577 0.01 0.01
0 0.875280 0.588342 0.01 0.01
0 0.840207 0.696577 0.01 0.01
0 0.839545 0.638930 0.01 0.01
0 0.851457 0.874224 0.01 0.01
0 0.827633 0.929518 0.01 0.01
0 0.736310 0.855400 0.01 0.01
0 0.540427 0.811871 0.01 0.01
0 0.542413 0.891871 0.01 0.01
0 0.462339 0.960106 0.01 0.01
0 0.441163 0.823636 0.01 0.01
0 0.406089 0.863636 0.01 0.01
0 0.394177 0.750694 0.01 0.01
0 0.476236 0.681283 0.01 0.01
0 0.378957 0.551871 0.01 0.01
0 0.377633 0.427165 0.01 0.01
0 0.286972 0.295400 0.01 0.01
0 0.295574 0.228342 0.01 0.01
0 0.475574 0.200106 0.01 0.01
0 0.380280 0.089518 0.01 0.01
0 0.490133 0.054224 0.01 0.01
0 0.222780 0.657753 0.01 0.01
