0 0.213281 0.034722 0.01 0.01
0 0.203906 0.061111 0.01 0.01
0 0.191406 0.093056 0.01 0.01
0 0.167969 0.191667 0.01 0.01
0 0.184375 0.148611 0.01 0.01
0 0.196875 0.202778 0.01 0.01
0 0.197656 0.152778 0.01 0.01
0 0.197656 0.148611 0.01 0.01
0 0.201562 0.138889 0.01 0.01
0 0.195312 0.229167 0.01 0.01
0 0.195312 0.244444 0.01 0.01
0 0.196094 0.268056 0.01 0.01
0 0.195312 0.295833 0.01 0.01
0 0.172656 0.312500 0.01 0.01
0 0.193750 0.172222 0.01 0.01
0 0.223438 0.165278 0.01 0.01
0 0.211719 0.152778 0.01 0.01
0 0.212500 0.141667 0.01 0.01
0 0.219531 0.113889 0.01 0.01
0 0.213281 0.098611 0.01 0.01
0 0.218750 0.097222 0.01 0.01
0 0.225000 0.091667 0.01 0.01
0 0.242188 0.091667 0.01 0.01
0 0.246094 0.076389 0.01 0.01
0 0.264062 0.080556 0.01 0.01
0 0.276563 0.079167 0.01 0.01
0 0.275000 0.061111 0.01 0.01
0 0.332812 0.075000 0.01 0.01
0 0.350781 0.079167 0.01 0.01
0 0.338281 0.100000 0.01 0.01
0 0.364062 0.118056 0.01 0.01
0 0.371875 0.118056 0.01 0.01
0 0.403125 0.148611 0.01 0.01
0 0.420312 0.080556 0.01 0.01
0 0.436719 0.080556 0.01 0.01
0 0.461719 0.136111 0.01 0.01
0 0.478906 0.145833 0.01 0.01
0 0.483594 0.087500 0.01 0.01
0 0.478125 0.063889 0.01 0.01
0 0.489062 0.070833 0.01 0.01
0 0.525781 0.070833 0.01 0.01
0 0.524219 0.111111 0.01 0.01
0 0.560938 0.069444 0.01 0.01
0 0.568750 0.088889 0.01 0.01
0 0.575781 0.091667 0.01 0.01
0 0.589063 0.076389 0.01 0.01
0 0.603125 0.080556 0.01 0.01
0 0.619531 0.162500 0.01 0.01
0 0.620313 0.177778 0.01 0.01
0 0.569531 0.166667 0.01 0.01
0 0.591406 0.245833 0.01 0.01
0 0.560938 0.287500 0.01 0.01
0 0.511719 0.277778 0.01 0.01
0 0.501562 0.197222 0.01 0.01
0 0.400781 0.218056 0.01 0.01
0 0.384375 0.288889 0.01 0.01
0 0.270312 0.226389 0.01 0.01
0 0.176563 0.365278 0.01 0.01
0 0.187500 0.305556 0.01 0.01
0 0.192969 0.359722 0.01 0.01
0 0.194531 0.388889 0.01 0.01
0 0.194531 0.415278 0.01 0.01
0 0.180469 0.448611 0.01 0.01
0 0.193750 0.477778 0.01 0.01
0 0.194531 0.511111 0.01 0.01
0 0.194531 0.598611 0.01 0.01
0 0.252344 0.583333 0.01 0.01
0 0.284375 0.527778 0.01 0.01
0 0.321875 0.548611 0.01 0.01
0 0.314063 0.351389 0.01 0.01
0 0.282031 0.340278 0.01 0.01
0 0.268750 0.338889 0.01 0.01
0 0.383594 0.497222 0.01 0.01
0 0.411719 0.466667 0.01 0.01
0 0.428125 0.411111 0.01 0.01
0 0.460938 0.395833 0.01 0.01
0 0.477344 0.409722 0.01 0.01
0 0.490625 0.386111 0.01 0.01
0 0.453906 0.368056 0.01 0.01
0 0.428906 0.304167 0.01 0.01
0 0.478906 0.325000 0.01 0.01
0 0.512500 0.368056 0.01 0.01
0 0.516406 0.368056 0.01 0.01
0 0.582812 0.362500 0.01 0.01
0 0.610156 0.466667 0.01 0.01
0 0.640625 0.413889 0.01 0.01
0 0.652344 0.413889 0.01 0.01
0 0.670313 0.441667 0.01 0.01
0 0.660937 0.505556 0.01 0.01
0 0.620313 0.563889 0.01 0.01
0 0.496094 0.569444 0.01 0.01
0 0.480469 0.563889 0.01 0.01
0 0.434375 0.616667 0.01 0.01
0 0.376563 0.593056 0.01 0.01
0 0.836719 0.433333 0.01 0.01
0 0.865625 0.450000 0.01 0.01
0 0.828906 0.350000 0.01 0.01
0 0.829687 0.306944 0.01 0.01
0 0.832812 0.275000 0.01 0.01
0 0.854688 0.251389 0.01 0.01
0 0.807031 0.211111 0.01 0.01
0 0.835938 0.180556 0.01 0.01
0 0.842969 0.156944 0.01 0.01
0 0.833594 0.141667 0.01 0.01
0 0.830469 0.134722 0.01 0.01
0 0.822656 0.122222 0.01 0.01
0 0.818750 0.109722 0.01 0.01
0 0.808594 0.097222 0.01 0.01
0 0.798437 0.106944 0.01 0.01
0 0.776563 0.095833 0.01 0.01
0 0.785937 0.077778 0.01 0.01
0 0.771875 0.077778 0.01 0.01
0 0.840625 0.081944 0.01 0.01
0 0.752344 0.077778 0.01 0.01
0 0.750000 0.134722 0.01 0.01
0 0.722656 0.148611 0.01 0.01
0 0.729688 0.075000 0.01 0.01
0 0.714063 0.081944 0.01 0.01
0 0.700781 0.087500 0.01 0.01
0 0.694531 0.079167 0.01 0.01
0 0.685156 0.086111 0.01 0.01
0 0.667188 0.066667 0.01 0.01
0 0.663281 0.138889 0.01 0.01
0 0.672656 0.154167 0.01 0.01
0 0.657031 0.268056 0.01 0.01
0 0.664844 0.393056 0.01 0.01
0 0.787500 0.508333 0.01 0.01
0 0.714844 0.477778 0.01 0.01
0 0.853125 0.475000 0.01 0.01
0 0.830469 0.572222 0.01 0.01
0 0.819531 0.598611 0.01 0.01
0 0.831250 0.605556 0.01 0.01
0 0.833594 0.645833 0.01 0.01
0 0.814844 0.906944 0.01 0.01
0 0.815625 0.863889 0.01 0.01
0 0.808594 0.856944 0.01 0.01
0 0.839844 0.858333 0.01 0.01
0 0.864062 0.863889 0.01 0.01
0 0.870313 0.825000 0.01 0.01
0 0.832031 0.806944 0.01 0.01
0 0.834375 0.751389 0.01 0.01
0 0.833594 0.734722 0.01 0.01
0 0.853906 0.727778 0.01 0.01
0 0.819531 0.698611 0.01 0.01
0 0.775781 0.711111 0.01 0.01
0 0.761719 0.718056 0.01 0.01
0 0.778125 0.876389 0.01 0.01
0 0.761719 0.863889 0.01 0.01
0 0.757812 0.879167 0.01 0.01
0 0.764844 0.852778 0.01 0.01
0 0.730469 0.820833 0.01 0.01
0 0.657812 0.819444 0.01 0.01
0 0.606250 0.836111 0.01 0.01
0 0.587500 0.863889 0.01 0.01
0 0.553125 0.868056 0.01 0.01
0 0.556250 0.847222 0.01 0.01
0 0.596875 0.788889 0.01 0.01
0 0.586719 0.783333 0.01 0.01
0 0.578125 0.706944 0.01 0.01
0 0.572656 0.681944 0.01 0.01
0 0.550000 0.625000 0.01 0.01
0 0.546094 0.530556 0.01 0.01
0 0.653906 0.602778 0.01 0.01
0 0.705469 0.706944 0.01 0.01
0 0.723437 0.580556 0.01 0.01
0 0.530469 0.863889 0.01 0.01
0 0.496094 0.862500 0.01 0.01
0 0.477344 0.862500 0.01 0.01
0 0.500781 0.806944 0.01 0.01
0 0.516406 0.827778 0.01 0.01
0 0.539844 0.777778 0.01 0.01
0 0.509375 0.691667 0.01 0.01
0 0.487500 0.650000 0.01 0.01
0 0.465625 0.612500 0.01 0.01
0 0.139062 0.802778 0.01 0.01
0 0.146875 0.790278 0.01 0.01
0 0.155469 0.811111 0.01 0.01
0 0.170312 0.884722 0.01 0.01
0 0.179688 0.879167 0.01 0.01
0 0.200000 0.863889 0.01 0.01
0 0.214062 0.906944 0.01 0.01
0 0.214062 0.843056 0.01 0.01
0 0.218750 0.847222 0.01 0.01
0 0.223438 0.844444 0.01 0.01
0 0.239063 0.859722 0.01 0.01
0 0.245312 0.869444 0.01 0.01
0 0.277344 0.862500 0.01 0.01
0 0.283594 0.862500 0.01 0.01
0 0.294531 0.883333 0.01 0.01
0 0.336719 0.901389 0.01 0.01
0 0.367969 0.868056 0.01 0.01
0 0.363281 0.852778 0.01 0.01
0 0.396875 0.838889 0.01 0.01
0 0.424219 0.847222 0.01 0.01
0 0.330469 0.729167 0.01 0.01
0 0.246875 0.779167 0.01 0.01
0 0.191406 0.843056 0.01 0.01
0 0.196875 0.816667 0.01 0.01
0 0.194531 0.806944 0.01 0.01
0 0.194531 0.787500 0.01 0.01
0 0.144531 0.747222 0.01 0.01
0 0.181250 0.773611 0.01 0.01
0 0.190625 0.766667 0.01 0.01
0 0.166406 0.708333 0.01 0.01
0 0.140625 0.658333 0.01 0.01
0 0.187500 0.658333 0.01 0.01
0 0.187500 0.691667 0.01 0.01
0 0.194531 0.691667 0.01 0.01
0 0.191406 0.704167 0.01 0.01
0 0.222656 0.708333 0.01 0.01
0 0.237500 0.727778 0.01 0.01
0 0.245312 0.733333 0.01 0.01
0 0.253125 0.747222 0.01 0.01
0 0.263281 0.723611 0.01 0.01
0 0.263281 0.711111 0.01 0.01
0 0.252344 0.625000 0.01 0.01
0 0.279687 0.609722 0.01 0.01
0 0.288281 0.645833 0.01 0.01
0 0.350781 0.630556 0.01 0.01
0 0.401563 0.669444 0.01 0.01
