0 0.214839 0.080106 0.01 0.01
0 0.189030 0.137753 0.01 0.01
0 0.183074 0.160106 0.01 0.01
0 0.209545 0.162459 0.01 0.01
0 0.213516 0.200106 0.01 0.01
0 0.229398 0.208342 0.01 0.01
0 0.224766 0.180106 0.01 0.01
0 0.226089 0.138930 0.01 0.01
0 0.238663 0.134224 0.01 0.01
0 0.242633 0.137753 0.01 0.01
0 0.278369 0.085989 0.01 0.01
0 0.283001 0.100106 0.01 0.01
0 0.307486 0.100106 0.01 0.01
0 0.323369 0.101283 0.01 0.01
0 0.359766 0.108342 0.01 0.01
0 0.349839 0.115400 0.01 0.01
0 0.355133 0.134224 0.01 0.01
0 0.375648 0.184812 0.01 0.01
0 0.360427 0.198930 0.01 0.01
0 0.292927 0.273047 0.01 0.01
0 0.273736 0.325989 0.01 0.01
0 0.226089 0.338930 0.01 0.01
0 0.229398 0.261283 0.01 0.01
0 0.229398 0.404812 0.01 0.01
0 0.226089 0.404812 0.01 0.01
0 0.216163 0.442459 0.01 0.01
0 0.226751 0.480106 0.01 0.01
0 0.385574 0.397753 0.01 0.01
0 0.380280 0.350694 0.01 0.01
0 0.361089 0.347165 0.01 0.01
0 0.389545 0.309518 0.01 0.01
0 0.423295 0.288341 0.01 0.01
0 0.447119 0.334224 0.01 0.01
0 0.517927 0.283636 0.01 0.01
0 0.556310 0.205989 0.01 0.01
0 0.597339 0.142459 0.01 0.01
0 0.592045 0.107165 0.01 0.01
0 0.568222 0.105989 0.01 0.01
0 0.559619 0.108342 0.01 0.01
0 0.490795 0.074224 0.01 0.01
0 0.496751 0.088342 0.01 0.01
0 0.482854 0.101283 0.01 0.01
0 0.631751 0.108342 0.01 0.01
0 0.733663 0.085989 0.01 0.01
0 0.728369 0.105989 0.01 0.01
0 0.752854 0.136577 0.01 0.01
0 0.760795 0.160106 0.01 0.01
0 0.778001 0.155400 0.01 0.01
0 0.805133 0.105989 0.01 0.01
0 0.811089 0.109518 0.01 0.01
0 0.829619 0.105989 0.01 0.01
0 0.843516 0.102459 0.01 0.01
0 0.842192 0.070694 0.01 0.01
0 0.801163 0.068342 0.01 0.01
0 0.865354 0.133047 0.01 0.01
0 0.868663 0.123636 0.01 0.01
0 0.880574 0.140106 0.01 0.01
0 0.908369 0.105989 0.01 0.01
0 0.919619 0.154224 0.01 0.01
0 0.908369 0.182459 0.01 0.01
0 0.899766 0.187165 0.01 0.01
0 0.902413 0.203636 0.01 0.01
0 0.933516 0.303636 0.01 0.01
0 0.896457 0.329518 0.01 0.01
0 0.900427 0.378930 0.01 0.01
0 0.912339 0.404812 0.01 0.01
0 0.844839 0.314224 0.01 0.01
0 0.791898 0.330694 0.01 0.01
0 0.788589 0.284812 0.01 0.01
0 0.754177 0.228342 0.01 0.01
0 0.678736 0.220106 0.01 0.01
0 0.616530 0.362459 0.01 0.01
0 0.578148 0.373047 0.01 0.01
0 0.463663 0.437753 0.01 0.01
0 0.439839 0.445989 0.01 0.01
0 0.420648 0.477753 0.01 0.01
0 0.416016 0.489518 0.01 0.01
0 0.225427 0.551871 0.01 0.01
0 0.263810 0.583636 0.01 0.01
0 0.222780 0.636577 0.01 0.01
0 0.224104 0.663636 0.01 0.01
0 0.272413 0.651871 0.01 0.01
0 0.280354 0.667165 0.01 0.01
0 0.304177 0.730694 0.01 0.01
0 0.225427 0.753047 0.01 0.01
0 0.225427 0.813047 0.01 0.01
0 0.225427 0.822459 0.01 0.01
0 0.228074 0.856577 0.01 0.01
0 0.228074 0.870694 0.01 0.01
0 0.204251 0.875400 0.01 0.01
0 0.181089 0.887165 0.01 0.01
0 0.172486 0.887165 0.01 0.01
0 0.199619 0.975400 0.01 0.01
0 0.260501 0.977753 0.01 0.01
0 0.308148 0.984812 0.01 0.01
0 0.294251 0.931871 0.01 0.01
0 0.292927 0.916577 0.01 0.01
0 0.269766 0.903636 0.01 0.01
0 0.263810 0.913047 0.01 0.01
0 0.253883 0.911871 0.01 0.01
0 0.310133 0.878930 0.01 0.01
0 0.328663 0.934224 0.01 0.01
0 0.359104 0.929518 0.01 0.01
0 0.377633 0.925989 0.01 0.01
0 0.386898 0.923636 0.01 0.01
0 0.370354 0.900106 0.01 0.01
0 0.357119 0.897753 0.01 0.01
0 0.362413 0.868342 0.01 0.01
0 0.366383 0.855400 0.01 0.01
0 0.352486 0.771871 0.01 0.01
0 0.351824 0.747165 0.01 0.01
0 0.365722 0.757753 0.01 0.01
0 0.421310 0.775400 0.01 0.01
0 0.386236 0.654224 0.01 0.01
0 0.456383 0.637753 0.01 0.01
0 0.464324 0.662459 0.01 0.01
0 0.467633 0.588342 0.01 0.01
0 0.485501 0.521283 0.01 0.01
0 0.525207 0.590694 0.01 0.01
0 0.511310 0.735400 0.01 0.01
0 0.536457 0.753047 0.01 0.01
0 0.496751 0.887165 0.01 0.01
0 0.477560 0.905989 0.01 0.01
0 0.464986 0.947165 0.01 0.01
0 0.438516 0.941283 0.01 0.01
0 0.531824 0.905989 0.01 0.01
0 0.577486 0.808341 0.01 0.01
0 0.639692 0.777753 0.01 0.01
0 0.643001 0.707165 0.01 0.01
0 0.588736 0.662459 0.01 0.01
0 0.678074 0.878930 0.01 0.01
0 0.699913 0.916577 0.01 0.01
0 0.700574 0.863636 0.01 0.01
0 0.721089 0.843636 0.01 0.01
0 0.728369 0.835400 0.01 0.01
0 0.723074 0.948342 0.01 0.01
0 0.729030 0.929518 0.01 0.01
0 0.736310 0.936577 0.01 0.01
0 0.787266 0.938930 0.01 0.01
0 0.818369 0.948342 0.01 0.01
0 0.830942 0.936577 0.01 0.01
0 0.858074 0.975400 0.01 0.01
0 0.929545 0.931871 0.01 0.01
0 0.890501 0.894224 0.01 0.01
0 0.882560 0.911871 0.01 0.01
0 0.869325 0.896577 0.01 0.01
0 0.862045 0.874224 0.01 0.01
0 0.855427 0.895400 0.01 0.01
0 0.799177 0.862459 0.01 0.01
0 0.775354 0.770694 0.01 0.01
0 0.854104 0.740106 0.01 0.01
0 0.883883 0.836577 0.01 0.01
0 0.895795 0.813047 0.01 0.01
0 0.935501 0.749518 0.01 0.01
0 0.897780 0.609518 0.01 0.01
0 0.893148 0.596577 0.01 0.01
0 0.897780 0.575400 0.01 0.01
0 0.911677 0.549518 0.01 0.01
0 0.845501 0.405989 0.01 0.01
0 0.783295 0.610694 0.01 0.01
0 0.770060 0.596577 0.01 0.01
0 0.758148 0.631871 0.01 0.01
0 0.717119 0.582459 0.01 0.01
0 0.686677 0.542459 0.01 0.01
0 0.716457 0.502459 0.01 0.01
0 0.699913 0.447165 0.01 0.01
0 0.680060 0.489518 0.01 0.01
0 0.666824 0.453047 0.01 0.01
0 0.648295 0.484812 0.01 0.01
0 0.638369 0.476577 0.01 0.01
0 0.608589 0.460106 0.01 0.01
0 0.602633 0.544812 0.01 0.01
