0 0.783957 0.075400 0.01 0.01
0 0.776677 0.134224 0.01 0.01
0 0.787266 0.191871 0.01 0.01
0 0.848810 0.182459 0.01 0.01
0 0.821016 0.293047 0.01 0.01
0 0.845501 0.570694 0.01 0.01
0 0.870648 0.584812 0.01 0.01
0 0.848148 0.685989 0.01 0.01
0 0.847486 0.830694 0.01 0.01
0 0.837560 0.875400 0.01 0.01
0 0.794545 0.854224 0.01 0.01
0 0.765427 0.840106 0.01 0.01
0 0.628442 0.553047 0.01 0.01
0 0.719104 0.489518 0.01 0.01
0 0.717119 0.454224 0.01 0.01
0 0.625133 0.110694 0.01 0.01
0 0.556310 0.068342 0.01 0.01
0 0.466971 0.104812 0.01 0.01
0 0.359104 0.053047 0.01 0.01
0 0.359104 0.028342 0.01 0.01
0 0.286310 0.184812 0.01 0.01
0 0.383589 0.390694 0.01 0.01
0 0.368369 0.544812 0.01 0.01
0 0.206236 0.673047 0.01 0.01
0 0.385574 0.737753 0.01 0.01
0 0.345207 0.930694 0.01 0.01
0 0.471604 0.954224 0.01 0.01
0 0.482854 0.918930 0.01 0.01
0 0.539766 0.835400 0.01 0.01
0 0.461016 0.711871 0.01 0.01
0 0.463663 0.685989 0.01 0.01
