0 0.223438 0.238889 0.01 0.01
0 0.222656 0.201389 0.01 0.01
0 0.211719 0.165278 0.01 0.01
0 0.217969 0.080556 0.01 0.01
0 0.249219 0.140278 0.01 0.01
0 0.257812 0.168056 0.01 0.01
0 0.260938 0.209722 0.01 0.01
0 0.277344 0.115278 0.01 0.01
0 0.361719 0.172222 0.01 0.01
0 0.375000 0.297222 0.01 0.01
0 0.443750 0.188889 0.01 0.01
0 0.444531 0.130556 0.01 0.01
0 0.425781 0.134722 0.01 0.01
0 0.525000 0.263889 0.01 0.01
0 0.521875 0.247222 0.01 0.01
0 0.537500 0.220833 0.01 0.01
0 0.523438 0.127778 0.01 0.01
0 0.579687 0.184722 0.01 0.01
0 0.564844 0.263889 0.01 0.01
0 0.589063 0.266667 0.01 0.01
0 0.588281 0.252778 0.01 0.01
0 0.621094 0.223611 0.01 0.01
0 0.616406 0.130556 0.01 0.01
0 0.707031 0.184722 0.01 0.01
0 0.751562 0.118056 0.01 0.01
0 0.770312 0.141667 0.01 0.01
0 0.732813 0.291667 0.01 0.01
0 0.784375 0.334722 0.01 0.01
0 0.857813 0.304167 0.01 0.01
0 0.870313 0.301389 0.01 0.01
0 0.873438 0.256944 0.01 0.01
0 0.846875 0.258333 0.01 0.01
0 0.861719 0.229167 0.01 0.01
0 0.858594 0.206944 0.01 0.01
0 0.864844 0.197222 0.01 0.01
0 0.852344 0.187500 0.01 0.01
0 0.843750 0.166667 0.01 0.01
0 0.831250 0.152778 0.01 0.01
0 0.428906 0.384722 0.01 0.01
0 0.455469 0.411111 0.01 0.01
0 0.511719 0.450000 0.01 0.01
0 0.581250 0.527778 0.01 0.01
0 0.597656 0.515278 0.01 0.01
0 0.650000 0.400000 0.01 0.01
0 0.632031 0.398611 0.01 0.01
0 0.655469 0.465278 0.01 0.01
0 0.735937 0.544444 0.01 0.01
0 0.768750 0.531944 0.01 0.01
0 0.727344 0.620833 0.01 0.01
0 0.746875 0.697222 0.01 0.01
0 0.812500 0.590278 0.01 0.01
0 0.856250 0.629167 0.01 0.01
0 0.858594 0.554167 0.01 0.01
0 0.853906 0.741667 0.01 0.01
0 0.870313 0.777778 0.01 0.01
0 0.845312 0.873611 0.01 0.01
0 0.844531 0.897222 0.01 0.01
0 0.882031 0.915278 0.01 0.01
0 0.879687 0.941667 0.01 0.01
0 0.781250 0.954167 0.01 0.01
0 0.801562 0.938889 0.01 0.01
0 0.801562 0.915278 0.01 0.01
0 0.803906 0.911111 0.01 0.01
0 0.769531 0.866667 0.01 0.01
0 0.764844 0.926389 0.01 0.01
0 0.747656 0.931944 0.01 0.01
0 0.741406 0.934722 0.01 0.01
0 0.727344 0.948611 0.01 0.01
0 0.731250 0.891667 0.01 0.01
0 0.742188 0.795833 0.01 0.01
0 0.767969 0.811111 0.01 0.01
0 0.733594 0.768056 0.01 0.01
0 0.660937 0.668056 0.01 0.01
0 0.629687 0.722222 0.01 0.01
0 0.645312 0.822222 0.01 0.01
0 0.632031 0.915278 0.01 0.01
0 0.608594 0.926389 0.01 0.01
0 0.575781 0.852778 0.01 0.01
0 0.557031 0.769444 0.01 0.01
0 0.588281 0.686111 0.01 0.01
0 0.577344 0.650000 0.01 0.01
0 0.549219 0.686111 0.01 0.01
0 0.549219 0.626389 0.01 0.01
0 0.515625 0.672222 0.01 0.01
0 0.499219 0.561111 0.01 0.01
0 0.416406 0.604167 0.01 0.01
0 0.454688 0.713889 0.01 0.01
0 0.460938 0.770833 0.01 0.01
0 0.447656 0.902778 0.01 0.01
0 0.387500 0.905556 0.01 0.01
0 0.361719 0.929167 0.01 0.01
0 0.361719 0.904167 0.01 0.01
0 0.352344 0.904167 0.01 0.01
0 0.361719 0.822222 0.01 0.01
0 0.378906 0.795833 0.01 0.01
0 0.426562 0.758333 0.01 0.01
0 0.371875 0.725000 0.01 0.01
0 0.337500 0.788889 0.01 0.01
0 0.315625 0.894444 0.01 0.01
0 0.297656 0.898611 0.01 0.01
0 0.249219 0.922222 0.01 0.01
0 0.260938 0.901389 0.01 0.01
0 0.266406 0.872222 0.01 0.01
0 0.248437 0.888889 0.01 0.01
0 0.292969 0.773611 0.01 0.01
0 0.306250 0.705556 0.01 0.01
0 0.267969 0.583333 0.01 0.01
0 0.240625 0.455556 0.01 0.01
0 0.214844 0.584722 0.01 0.01
0 0.208594 0.754167 0.01 0.01
0 0.206250 0.775000 0.01 0.01
0 0.203125 0.827778 0.01 0.01
0 0.215625 0.837500 0.01 0.01
0 0.219531 0.858333 0.01 0.01
0 0.196875 0.838889 0.01 0.01
0 0.191406 0.925000 0.01 0.01
