0 0.856751 0.150694 0.01 0.01
0 0.852119 0.108342 0.01 0.01
0 0.835574 0.141283 0.01 0.01
0 0.826310 0.128342 0.01 0.01
0 0.820354 0.125989 0.01 0.01
0 0.821016 0.114224 0.01 0.01
0 0.826972 0.114224 0.01 0.01
0 0.844839 0.223636 0.01 0.01
0 0.848148 0.229518 0.01 0.01
0 0.844839 0.243636 0.01 0.01
0 0.842192 0.301283 0.01 0.01
0 0.842854 0.322459 0.01 0.01
0 0.845501 0.323636 0.01 0.01
0 0.880574 0.361283 0.01 0.01
0 0.877266 0.397753 0.01 0.01
0 0.833589 0.373047 0.01 0.01
0 0.800501 0.515400 0.01 0.01
0 0.834251 0.578930 0.01 0.01
0 0.836898 0.554224 0.01 0.01
0 0.883222 0.648341 0.01 0.01
0 0.854104 0.702459 0.01 0.01
0 0.844177 0.701283 0.01 0.01
0 0.846163 0.753047 0.01 0.01
0 0.844177 0.811871 0.01 0.01
0 0.848810 0.845989 0.01 0.01
0 0.836898 0.857753 0.01 0.01
0 0.836236 0.844812 0.01 0.01
0 0.825648 0.854224 0.01 0.01
0 0.826310 0.882459 0.01 0.01
0 0.847486 0.904812 0.01 0.01
0 0.850795 0.935400 0.01 0.01
0 0.788589 0.934224 0.01 0.01
0 0.788589 0.896577 0.01 0.01
0 0.792560 0.875400 0.01 0.01
0 0.768736 0.890694 0.01 0.01
0 0.745574 0.876577 0.01 0.01
0 0.740280 0.823636 0.01 0.01
0 0.789251 0.787165 0.01 0.01
0 0.743589 0.744812 0.01 0.01
0 0.718442 0.721283 0.01 0.01
0 0.717119 0.662459 0.01 0.01
0 0.762780 0.661283 0.01 0.01
0 0.784619 0.633047 0.01 0.01
0 0.739619 0.549518 0.01 0.01
0 0.693957 0.595400 0.01 0.01
0 0.670795 0.518930 0.01 0.01
0 0.677413 0.443636 0.01 0.01
0 0.685354 0.433047 0.01 0.01
0 0.646310 0.435400 0.01 0.01
0 0.643663 0.418930 0.01 0.01
0 0.695280 0.363636 0.01 0.01
0 0.608589 0.534224 0.01 0.01
0 0.619177 0.561283 0.01 0.01
0 0.651604 0.628341 0.01 0.01
0 0.591383 0.643636 0.01 0.01
0 0.579471 0.680106 0.01 0.01
0 0.593369 0.722459 0.01 0.01
0 0.608589 0.851871 0.01 0.01
0 0.610574 0.882459 0.01 0.01
0 0.606604 0.891871 0.01 0.01
0 0.608589 0.933047 0.01 0.01
0 0.647633 0.894224 0.01 0.01
0 0.674104 0.885989 0.01 0.01
0 0.677413 0.883636 0.01 0.01
0 0.693957 0.857753 0.01 0.01
0 0.705869 0.889518 0.01 0.01
0 0.507339 0.830694 0.01 0.01
0 0.478222 0.844812 0.01 0.01
0 0.496089 0.820106 0.01 0.01
0 0.515942 0.809518 0.01 0.01
0 0.562266 0.840106 0.01 0.01
0 0.557633 0.787165 0.01 0.01
0 0.525869 0.736577 0.01 0.01
0 0.525207 0.687165 0.01 0.01
0 0.526530 0.631871 0.01 0.01
0 0.503369 0.580106 0.01 0.01
0 0.483516 0.628341 0.01 0.01
0 0.483516 0.640106 0.01 0.01
0 0.460354 0.641283 0.01 0.01
0 0.480869 0.711871 0.01 0.01
0 0.447119 0.743636 0.01 0.01
0 0.418001 0.829518 0.01 0.01
0 0.432560 0.891871 0.01 0.01
0 0.449104 0.883636 0.01 0.01
0 0.385574 0.789518 0.01 0.01
0 0.388222 0.733047 0.01 0.01
0 0.411383 0.608342 0.01 0.01
0 0.397486 0.591871 0.01 0.01
0 0.414692 0.549518 0.01 0.01
0 0.339913 0.648341 0.01 0.01
0 0.328001 0.603636 0.01 0.01
0 0.335280 0.585989 0.01 0.01
0 0.310795 0.671871 0.01 0.01
0 0.320722 0.728342 0.01 0.01
0 0.306163 0.882459 0.01 0.01
0 0.304177 0.894224 0.01 0.01
0 0.290942 0.885989 0.01 0.01
0 0.294913 0.868342 0.01 0.01
0 0.286310 0.941283 0.01 0.01
0 0.267119 0.905989 0.01 0.01
0 0.265133 0.876577 0.01 0.01
0 0.224766 0.867165 0.01 0.01
0 0.214177 0.845989 0.01 0.01
0 0.209545 0.853047 0.01 0.01
0 0.212192 0.842459 0.01 0.01
0 0.200942 0.831871 0.01 0.01
0 0.180427 0.888342 0.01 0.01
0 0.257192 0.835400 0.01 0.01
0 0.235354 0.814224 0.01 0.01
0 0.228736 0.823636 0.01 0.01
0 0.208883 0.814224 0.01 0.01
0 0.201604 0.773047 0.01 0.01
0 0.197633 0.714224 0.01 0.01
0 0.197633 0.688341 0.01 0.01
0 0.198957 0.677753 0.01 0.01
0 0.202266 0.665989 0.01 0.01
0 0.220795 0.744812 0.01 0.01
0 0.237339 0.765989 0.01 0.01
0 0.261824 0.745989 0.01 0.01
0 0.259839 0.729518 0.01 0.01
0 0.242633 0.674224 0.01 0.01
0 0.261824 0.603636 0.01 0.01
0 0.208222 0.607165 0.01 0.01
0 0.199619 0.614224 0.01 0.01
0 0.168516 0.578930 0.01 0.01
0 0.156604 0.573047 0.01 0.01
0 0.199619 0.571871 0.01 0.01
0 0.206236 0.561283 0.01 0.01
0 0.200942 0.545989 0.01 0.01
0 0.204913 0.509518 0.01 0.01
0 0.198295 0.508341 0.01 0.01
0 0.226089 0.527165 0.01 0.01
0 0.221457 0.496577 0.01 0.01
0 0.246604 0.474224 0.01 0.01
0 0.313442 0.478930 0.01 0.01
0 0.327339 0.508341 0.01 0.01
0 0.335280 0.513047 0.01 0.01
0 0.388883 0.464812 0.01 0.01
0 0.198957 0.458930 0.01 0.01
0 0.202927 0.440106 0.01 0.01
0 0.231383 0.445989 0.01 0.01
0 0.237339 0.413047 0.01 0.01
0 0.256530 0.393047 0.01 0.01
0 0.203589 0.414224 0.01 0.01
0 0.222780 0.374224 0.01 0.01
0 0.199619 0.348341 0.01 0.01
0 0.193001 0.349518 0.01 0.01
0 0.167192 0.275400 0.01 0.01
0 0.196310 0.291871 0.01 0.01
0 0.202927 0.288341 0.01 0.01
0 0.200942 0.308342 0.01 0.01
0 0.224766 0.304812 0.01 0.01
0 0.234030 0.280106 0.01 0.01
0 0.310795 0.289518 0.01 0.01
0 0.448442 0.468341 0.01 0.01
0 0.503369 0.560106 0.01 0.01
0 0.518589 0.551871 0.01 0.01
0 0.529177 0.508341 0.01 0.01
0 0.546383 0.509518 0.01 0.01
0 0.527854 0.460106 0.01 0.01
0 0.566898 0.425989 0.01 0.01
0 0.558295 0.403636 0.01 0.01
0 0.548369 0.381283 0.01 0.01
0 0.533810 0.368341 0.01 0.01
0 0.486824 0.420106 0.01 0.01
0 0.454398 0.423636 0.01 0.01
0 0.502707 0.375400 0.01 0.01
0 0.480869 0.337753 0.01 0.01
0 0.452413 0.325989 0.01 0.01
0 0.435869 0.345989 0.01 0.01
0 0.511972 0.313047 0.01 0.01
0 0.553001 0.321283 0.01 0.01
0 0.628442 0.278930 0.01 0.01
0 0.584766 0.263636 0.01 0.01
0 0.795869 0.210694 0.01 0.01
0 0.766089 0.164812 0.01 0.01
0 0.788589 0.116577 0.01 0.01
0 0.795207 0.090694 0.01 0.01
0 0.786604 0.093047 0.01 0.01
0 0.763442 0.088342 0.01 0.01
0 0.738295 0.067165 0.01 0.01
0 0.733001 0.087165 0.01 0.01
0 0.729030 0.131871 0.01 0.01
0 0.721089 0.084812 0.01 0.01
0 0.705207 0.094224 0.01 0.01
0 0.703883 0.068342 0.01 0.01
0 0.694619 0.082459 0.01 0.01
0 0.678736 0.091871 0.01 0.01
0 0.703883 0.140106 0.01 0.01
0 0.709177 0.161283 0.01 0.01
0 0.696604 0.197753 0.01 0.01
0 0.738957 0.229518 0.01 0.01
0 0.656898 0.134224 0.01 0.01
0 0.631089 0.093047 0.01 0.01
0 0.625795 0.103636 0.01 0.01
0 0.623810 0.091871 0.01 0.01
0 0.634398 0.200106 0.01 0.01
0 0.618516 0.161283 0.01 0.01
0 0.566898 0.169518 0.01 0.01
0 0.551016 0.188341 0.01 0.01
0 0.515280 0.198930 0.01 0.01
0 0.474913 0.178930 0.01 0.01
0 0.469619 0.116577 0.01 0.01
0 0.491457 0.096577 0.01 0.01
0 0.497413 0.090694 0.01 0.01
0 0.501383 0.076577 0.01 0.01
0 0.508663 0.098930 0.01 0.01
0 0.501383 0.140106 0.01 0.01
0 0.534472 0.096577 0.01 0.01
0 0.557633 0.090694 0.01 0.01
0 0.568222 0.094224 0.01 0.01
0 0.424619 0.098930 0.01 0.01
0 0.416016 0.087165 0.01 0.01
0 0.390207 0.207165 0.01 0.01
0 0.363736 0.137753 0.01 0.01
0 0.357780 0.136577 0.01 0.01
0 0.347854 0.144812 0.01 0.01
0 0.342560 0.155400 0.01 0.01
0 0.381604 0.104812 0.01 0.01
0 0.349839 0.110694 0.01 0.01
0 0.345207 0.116577 0.01 0.01
0 0.339913 0.085989 0.01 0.01
0 0.329986 0.094224 0.01 0.01
0 0.317413 0.085989 0.01 0.01
0 0.303516 0.098930 0.01 0.01
0 0.300869 0.113047 0.01 0.01
0 0.293589 0.091871 0.01 0.01
0 0.278369 0.089518 0.01 0.01
0 0.273074 0.098930 0.01 0.01
0 0.273736 0.053047 0.01 0.01
0 0.254545 0.093047 0.01 0.01
0 0.243295 0.097753 0.01 0.01
0 0.224104 0.057753 0.01 0.01
0 0.216163 0.069518 0.01 0.01
0 0.194324 0.067165 0.01 0.01
0 0.200280 0.114224 0.01 0.01
0 0.202927 0.131871 0.01 0.01
0 0.192339 0.098930 0.01 0.01
0 0.204251 0.149518 0.01 0.01
0 0.200280 0.156577 0.01 0.01
0 0.222119 0.144812 0.01 0.01
0 0.227413 0.109518 0.01 0.01
0 0.228074 0.169518 0.01 0.01
0 0.263810 0.171871 0.01 0.01
0 0.264472 0.151871 0.01 0.01
