0 0.850781 0.131944 0.01 0.01
0 0.852344 0.209722 0.01 0.01
0 0.795313 0.201389 0.01 0.01
0 0.791406 0.080556 0.01 0.01
0 0.789844 0.063889 0.01 0.01
0 0.717188 0.155556 0.01 0.01
0 0.631250 0.072222 0.01 0.01
0 0.626562 0.086111 0.01 0.01
0 0.517969 0.184722 0.01 0.01
0 0.604688 0.179167 0.01 0.01
0 0.292969 0.181944 0.01 0.01
0 0.401563 0.365278 0.01 0.01
0 0.372656 0.551389 0.01 0.01
0 0.427344 0.536111 0.01 0.01
0 0.631250 0.548611 0.01 0.01
0 0.730469 0.433333 0.01 0.01
0 0.746094 0.427778 0.01 0.01
0 0.835156 0.515278 0.01 0.01
0 0.860156 0.594444 0.01 0.01
0 0.845312 0.866667 0.01 0.01
0 0.853906 0.811111 0.01 0.01
0 0.773438 0.830556 0.01 0.01
0 0.546094 0.840278 0.01 0.01
0 0.542969 0.938889 0.01 0.01
0 0.467969 0.851389 0.01 0.01
0 0.517187 0.650000 0.01 0.01
0 0.217969 0.684722 0.01 0.01
0 0.325000 0.919444 0.01 0.01
0 0.381250 0.750000 0.01 0.01
0 0.233594 0.030556 0.01 0.01
