0 0.815722 0.288341 0.01 0.01
0 0.807780 0.307165 0.01 0.01
0 0.762780 0.241283 0.01 0.01
0 0.715133 0.234224 0.01 0.01
0 0.748883 0.196577 0.01 0.01
0 0.804471 0.207165 0.01 0.01
0 0.809104 0.185989 0.01 0.01
0 0.818369 0.168342 0.01 0.01
0 0.811089 0.167165 0.01 0.01
0 0.807119 0.145989 0.01 0.01
0 0.793222 0.134224 0.01 0.01
0 0.809766 0.116577 0.01 0.01
0 0.801824 0.115400 0.01 0.01
0 0.801824 0.107165 0.01 0.01
0 0.790574 0.078930 0.01 0.01
0 0.768736 0.100106 0.01 0.01
0 0.761457 0.084812 0.01 0.01
0 0.758810 0.073047 0.01 0.01
0 0.747560 0.077753 0.01 0.01
0 0.738957 0.076577 0.01 0.01
0 0.727707 0.075400 0.01 0.01
0 0.719104 0.077753 0.01 0.01
0 0.707192 0.074224 0.01 0.01
0 0.701898 0.089518 0.01 0.01
0 0.687339 0.077753 0.01 0.01
0 0.687339 0.069518 0.01 0.01
0 0.669472 0.069518 0.01 0.01
0 0.668148 0.060106 0.01 0.01
0 0.656898 0.096577 0.01 0.01
0 0.683369 0.141283 0.01 0.01
0 0.635060 0.177753 0.01 0.01
0 0.598663 0.117753 0.01 0.01
0 0.613883 0.088342 0.01 0.01
0 0.622486 0.082459 0.01 0.01
0 0.623810 0.062459 0.01 0.01
0 0.589398 0.074224 0.01 0.01
0 0.574177 0.071871 0.01 0.01
0 0.578148 0.083636 0.01 0.01
0 0.570869 0.101283 0.01 0.01
0 0.543074 0.073047 0.01 0.01
0 0.559619 0.180106 0.01 0.01
0 0.582119 0.254224 0.01 0.01
0 0.715133 0.337753 0.01 0.01
0 0.667486 0.376577 0.01 0.01
0 0.646310 0.387165 0.01 0.01
0 0.619177 0.408342 0.01 0.01
0 0.600648 0.490694 0.01 0.01
0 0.617192 0.500106 0.01 0.01
0 0.642339 0.496577 0.01 0.01
0 0.666163 0.495400 0.01 0.01
0 0.715133 0.498930 0.01 0.01
0 0.764766 0.518930 0.01 0.01
0 0.798516 0.522459 0.01 0.01
0 0.806457 0.523636 0.01 0.01
0 0.819030 0.463636 0.01 0.01
0 0.811751 0.447165 0.01 0.01
0 0.835574 0.504812 0.01 0.01
0 0.846163 0.563636 0.01 0.01
0 0.844177 0.627165 0.01 0.01
0 0.809104 0.580106 0.01 0.01
0 0.798516 0.554224 0.01 0.01
0 0.810427 0.683636 0.01 0.01
0 0.819030 0.747165 0.01 0.01
0 0.819692 0.782459 0.01 0.01
0 0.813736 0.781283 0.01 0.01
0 0.816383 0.797753 0.01 0.01
0 0.832927 0.803636 0.01 0.01
0 0.832927 0.824812 0.01 0.01
0 0.801824 0.835400 0.01 0.01
0 0.803148 0.823636 0.01 0.01
0 0.801824 0.805989 0.01 0.01
0 0.795869 0.797753 0.01 0.01
0 0.795207 0.855400 0.01 0.01
0 0.761457 0.853047 0.01 0.01
0 0.746898 0.857753 0.01 0.01
0 0.714472 0.863636 0.01 0.01
0 0.687339 0.856577 0.01 0.01
0 0.652927 0.858930 0.01 0.01
0 0.617192 0.885989 0.01 0.01
0 0.600648 0.896577 0.01 0.01
0 0.610574 0.847165 0.01 0.01
0 0.573516 0.851871 0.01 0.01
0 0.539766 0.840106 0.01 0.01
0 0.535795 0.784812 0.01 0.01
0 0.573516 0.771871 0.01 0.01
0 0.609913 0.789518 0.01 0.01
0 0.667486 0.724812 0.01 0.01
0 0.713148 0.802459 0.01 0.01
0 0.746898 0.727165 0.01 0.01
0 0.735648 0.681283 0.01 0.01
0 0.695942 0.634224 0.01 0.01
0 0.685354 0.695400 0.01 0.01
0 0.565574 0.694224 0.01 0.01
0 0.553663 0.668342 0.01 0.01
0 0.563589 0.620106 0.01 0.01
0 0.592707 0.587165 0.01 0.01
0 0.538442 0.509518 0.01 0.01
0 0.513957 0.624812 0.01 0.01
0 0.482192 0.878930 0.01 0.01
0 0.489472 0.855400 0.01 0.01
0 0.440501 0.849518 0.01 0.01
0 0.431236 0.853047 0.01 0.01
0 0.388883 0.858930 0.01 0.01
0 0.356457 0.856577 0.01 0.01
0 0.374324 0.778930 0.01 0.01
0 0.421310 0.800106 0.01 0.01
0 0.429913 0.809518 0.01 0.01
0 0.439177 0.794224 0.01 0.01
0 0.477560 0.783636 0.01 0.01
0 0.470942 0.724812 0.01 0.01
0 0.480869 0.658930 0.01 0.01
0 0.449766 0.709518 0.01 0.01
0 0.421310 0.671871 0.01 0.01
0 0.425942 0.610694 0.01 0.01
0 0.457707 0.605989 0.01 0.01
0 0.437192 0.525989 0.01 0.01
0 0.477560 0.555400 0.01 0.01
0 0.480207 0.522459 0.01 0.01
0 0.459030 0.403636 0.01 0.01
0 0.428589 0.363636 0.01 0.01
0 0.431236 0.381283 0.01 0.01
0 0.425280 0.305989 0.01 0.01
0 0.442486 0.305989 0.01 0.01
0 0.515280 0.329518 0.01 0.01
0 0.519913 0.303636 0.01 0.01
0 0.544398 0.337753 0.01 0.01
0 0.563589 0.356577 0.01 0.01
0 0.568222 0.324812 0.01 0.01
0 0.500060 0.249518 0.01 0.01
0 0.518589 0.214224 0.01 0.01
0 0.517927 0.190694 0.01 0.01
0 0.505354 0.195400 0.01 0.01
0 0.484177 0.183636 0.01 0.01
0 0.466971 0.150694 0.01 0.01
0 0.463001 0.143636 0.01 0.01
0 0.474913 0.115400 0.01 0.01
0 0.500722 0.063636 0.01 0.01
0 0.467633 0.068342 0.01 0.01
0 0.461016 0.054224 0.01 0.01
0 0.433222 0.100106 0.01 0.01
0 0.418001 0.062459 0.01 0.01
0 0.411383 0.070694 0.01 0.01
0 0.387560 0.071871 0.01 0.01
0 0.372339 0.122459 0.01 0.01
0 0.367045 0.075400 0.01 0.01
0 0.339913 0.097753 0.01 0.01
0 0.318074 0.089518 0.01 0.01
0 0.318074 0.056577 0.01 0.01
0 0.344545 0.215400 0.01 0.01
0 0.292266 0.228342 0.01 0.01
0 0.277045 0.120106 0.01 0.01
0 0.257192 0.068342 0.01 0.01
0 0.257192 0.076577 0.01 0.01
0 0.250574 0.073047 0.01 0.01
0 0.232045 0.073047 0.01 0.01
0 0.235354 0.073047 0.01 0.01
0 0.228074 0.082459 0.01 0.01
0 0.224104 0.077753 0.01 0.01
0 0.226089 0.062459 0.01 0.01
0 0.206898 0.087165 0.01 0.01
0 0.198957 0.083636 0.01 0.01
0 0.183736 0.070694 0.01 0.01
0 0.172486 0.069518 0.01 0.01
0 0.153957 0.084812 0.01 0.01
0 0.148663 0.094224 0.01 0.01
0 0.140060 0.093047 0.01 0.01
0 0.185060 0.105989 0.01 0.01
0 0.189692 0.113047 0.01 0.01
0 0.183074 0.134224 0.01 0.01
0 0.189030 0.157753 0.01 0.01
0 0.204913 0.151871 0.01 0.01
0 0.210869 0.151871 0.01 0.01
0 0.212854 0.194224 0.01 0.01
0 0.177119 0.183636 0.01 0.01
0 0.178442 0.250694 0.01 0.01
0 0.181089 0.277753 0.01 0.01
0 0.173810 0.287165 0.01 0.01
0 0.176457 0.301283 0.01 0.01
0 0.196310 0.273047 0.01 0.01
0 0.220795 0.284812 0.01 0.01
0 0.249251 0.255400 0.01 0.01
0 0.273736 0.338930 0.01 0.01
0 0.237339 0.383636 0.01 0.01
0 0.237339 0.400106 0.01 0.01
0 0.178442 0.401283 0.01 0.01
0 0.178442 0.373047 0.01 0.01
0 0.163883 0.336577 0.01 0.01
0 0.130133 0.404812 0.01 0.01
0 0.167854 0.428342 0.01 0.01
0 0.200280 0.447165 0.01 0.01
0 0.196310 0.482459 0.01 0.01
0 0.189030 0.484812 0.01 0.01
0 0.215501 0.516577 0.01 0.01
0 0.259177 0.443636 0.01 0.01
0 0.366383 0.407165 0.01 0.01
0 0.404104 0.497753 0.01 0.01
0 0.393516 0.527165 0.01 0.01
0 0.398148 0.563636 0.01 0.01
0 0.374986 0.556577 0.01 0.01
0 0.367045 0.635400 0.01 0.01
0 0.341236 0.655400 0.01 0.01
0 0.315427 0.642459 0.01 0.01
0 0.324692 0.623636 0.01 0.01
0 0.302192 0.545989 0.01 0.01
0 0.289619 0.554224 0.01 0.01
0 0.263148 0.611871 0.01 0.01
0 0.274398 0.627165 0.01 0.01
0 0.257854 0.650694 0.01 0.01
0 0.235354 0.574224 0.01 0.01
0 0.175795 0.560106 0.01 0.01
0 0.175795 0.536577 0.01 0.01
0 0.169839 0.616577 0.01 0.01
0 0.124839 0.675400 0.01 0.01
0 0.174472 0.650694 0.01 0.01
0 0.203589 0.662459 0.01 0.01
0 0.180427 0.681283 0.01 0.01
0 0.176457 0.690694 0.01 0.01
0 0.171824 0.693047 0.01 0.01
0 0.168516 0.718930 0.01 0.01
0 0.175133 0.727165 0.01 0.01
0 0.171163 0.737753 0.01 0.01
0 0.169177 0.758930 0.01 0.01
0 0.169177 0.771871 0.01 0.01
0 0.168516 0.784812 0.01 0.01
0 0.177119 0.778930 0.01 0.01
0 0.208883 0.784812 0.01 0.01
0 0.228074 0.718930 0.01 0.01
0 0.236016 0.709518 0.01 0.01
0 0.230060 0.769518 0.01 0.01
0 0.239986 0.763636 0.01 0.01
0 0.265133 0.763636 0.01 0.01
0 0.313442 0.853047 0.01 0.01
0 0.286972 0.844812 0.01 0.01
0 0.275060 0.850694 0.01 0.01
0 0.262486 0.853047 0.01 0.01
0 0.239324 0.847165 0.01 0.01
0 0.216163 0.863636 0.01 0.01
0 0.182413 0.903636 0.01 0.01
0 0.157266 0.868342 0.01 0.01
0 0.177780 0.845989 0.01 0.01
0 0.191677 0.825989 0.01 0.01
0 0.198295 0.840106 0.01 0.01
0 0.207560 0.824812 0.01 0.01
0 0.215501 0.849518 0.01 0.01
