0 0.476562 0.043056 0.01 0.01
0 0.301562 0.194444 0.01 0.01
0 0.277344 0.269444 0.01 0.01
0 0.513281 0.409722 0.01 0.01
0 0.619531 0.362500 0.01 0.01
0 0.647656 0.258333 0.01 0.01
0 0.621094 0.134722 0.01 0.01
0 0.735937 0.200000 0.01 0.01
0 0.773438 0.198611 0.01 0.01
0 0.786719 0.062500 0.01 0.01
0 0.867188 0.270833 0.01 0.01
0 0.841406 0.386111 0.01 0.01
0 0.682813 0.372222 0.01 0.01
0 0.668750 0.456944 0.01 0.01
0 0.709375 0.591667 0.01 0.01
0 0.864062 0.590278 0.01 0.01
0 0.390625 0.526389 0.01 0.01
0 0.230469 0.626389 0.01 0.01
0 0.478125 0.679167 0.01 0.01
0 0.403906 0.734722 0.01 0.01
0 0.434375 0.779167 0.01 0.01
0 0.450000 0.825000 0.01 0.01
0 0.549219 0.806944 0.01 0.01
0 0.803906 0.937500 0.01 0.01
0 0.860156 0.865278 0.01 0.01
0 0.869531 0.752778 0.01 0.01
0 0.712500 0.851389 0.01 0.01
0 0.595312 0.859722 0.01 0.01
