0 0.151562 0.043056 0.01 0.01
0 0.295312 0.177778 0.01 0.01
0 0.404687 0.354167 0.01 0.01
0 0.532812 0.265278 0.01 0.01
0 0.635938 0.069444 0.01 0.01
0 0.625781 0.556944 0.01 0.01
0 0.521094 0.720833 0.01 0.01
0 0.428906 0.604167 0.01 0.01
0 0.366406 0.552778 0.01 0.01
0 0.223438 0.702778 0.01 0.01
0 0.379687 0.759722 0.01 0.01
0 0.464844 0.791667 0.01 0.01
0 0.549219 0.841667 0.01 0.01
0 0.564844 0.934722 0.01 0.01
0 0.847656 0.861111 0.01 0.01
0 0.854688 0.809722 0.01 0.01
0 0.777344 0.833333 0.01 0.01
0 0.859375 0.573611 0.01 0.01
0 0.824219 0.504167 0.01 0.01
0 0.746094 0.426389 0.01 0.01
0 0.729688 0.427778 0.01 0.01
0 0.749219 0.138889 0.01 0.01
0 0.661719 0.102778 0.01 0.01
0 0.785937 0.050000 0.01 0.01
0 0.796094 0.072222 0.01 0.01
0 0.852344 0.125000 0.01 0.01
0 0.859375 0.187500 0.01 0.01
0 0.800781 0.209722 0.01 0.01
