0 0.785156 0.034722 0.01 0.01
0 0.803125 0.075000 0.01 0.01
0 0.857813 0.116667 0.01 0.01
0 0.865625 0.166667 0.01 0.01
0 0.829687 0.237500 0.01 0.01
0 0.789844 0.155556 0.01 0.01
0 0.696875 0.143056 0.01 0.01
0 0.642187 0.069444 0.01 0.01
0 0.504687 0.327778 0.01 0.01
0 0.410156 0.340278 0.01 0.01
0 0.297656 0.175000 0.01 0.01
0 0.360156 0.556944 0.01 0.01
0 0.442187 0.655556 0.01 0.01
0 0.621094 0.561111 0.01 0.01
0 0.731250 0.431944 0.01 0.01
0 0.752344 0.416667 0.01 0.01
0 0.819531 0.472222 0.01 0.01
0 0.863281 0.551389 0.01 0.01
0 0.853125 0.859722 0.01 0.01
0 0.859375 0.805556 0.01 0.01
0 0.790625 0.830556 0.01 0.01
0 0.575000 0.923611 0.01 0.01
0 0.560156 0.877778 0.01 0.01
0 0.509375 0.779167 0.01 0.01
0 0.473437 0.734722 0.01 0.01
0 0.384375 0.726389 0.01 0.01
0 0.268750 0.890278 0.01 0.01
0 0.232812 0.720833 0.01 0.01
0 0.137500 0.061111 0.01 0.01
