0 0.185722 0.198930 0.01 0.01
0 0.190354 0.151871 0.01 0.01
0 0.229398 0.137753 0.01 0.01
0 0.213516 0.169518 0.01 0.01
0 0.214177 0.207165 0.01 0.01
0 0.224766 0.216577 0.01 0.01
0 0.230722 0.215400 0.01 0.01
0 0.231383 0.162459 0.01 0.01
0 0.245280 0.142459 0.01 0.01
0 0.217486 0.087165 0.01 0.01
0 0.284324 0.107165 0.01 0.01
0 0.283001 0.097753 0.01 0.01
0 0.230060 0.268342 0.01 0.01
0 0.294913 0.300106 0.01 0.01
0 0.364398 0.204812 0.01 0.01
0 0.363736 0.165989 0.01 0.01
0 0.345207 0.147165 0.01 0.01
0 0.349839 0.120106 0.01 0.01
0 0.360427 0.104812 0.01 0.01
0 0.316751 0.105989 0.01 0.01
0 0.308810 0.109518 0.01 0.01
0 0.471604 0.111871 0.01 0.01
0 0.484839 0.095400 0.01 0.01
0 0.488148 0.080106 0.01 0.01
0 0.569545 0.109518 0.01 0.01
0 0.601310 0.144812 0.01 0.01
0 0.598001 0.111871 0.01 0.01
0 0.633736 0.111871 0.01 0.01
0 0.722413 0.074224 0.01 0.01
0 0.733001 0.102459 0.01 0.01
0 0.742266 0.137753 0.01 0.01
0 0.743589 0.093047 0.01 0.01
0 0.770722 0.123636 0.01 0.01
0 0.780648 0.154224 0.01 0.01
0 0.795207 0.111871 0.01 0.01
0 0.807780 0.116577 0.01 0.01
0 0.795207 0.074224 0.01 0.01
0 0.822339 0.074224 0.01 0.01
0 0.828957 0.111871 0.01 0.01
0 0.845501 0.108342 0.01 0.01
0 0.867339 0.123636 0.01 0.01
0 0.874619 0.124812 0.01 0.01
0 0.880574 0.142459 0.01 0.01
0 0.883883 0.144812 0.01 0.01
0 0.907045 0.116577 0.01 0.01
0 0.919619 0.153047 0.01 0.01
0 0.896457 0.171871 0.01 0.01
0 0.904398 0.182459 0.01 0.01
0 0.909030 0.182459 0.01 0.01
0 0.765427 0.243636 0.01 0.01
0 0.677413 0.223636 0.01 0.01
0 0.785280 0.281283 0.01 0.01
0 0.793222 0.269518 0.01 0.01
0 0.789251 0.345989 0.01 0.01
0 0.846824 0.318930 0.01 0.01
0 0.897780 0.338930 0.01 0.01
0 0.934839 0.316577 0.01 0.01
0 0.912339 0.423636 0.01 0.01
0 0.901089 0.422459 0.01 0.01
0 0.848810 0.403636 0.01 0.01
0 0.914324 0.604812 0.01 0.01
0 0.900427 0.622459 0.01 0.01
0 0.892486 0.604812 0.01 0.01
0 0.899766 0.576577 0.01 0.01
0 0.788589 0.614224 0.01 0.01
0 0.768736 0.605989 0.01 0.01
0 0.744913 0.656577 0.01 0.01
0 0.719104 0.587165 0.01 0.01
0 0.684692 0.545989 0.01 0.01
0 0.681383 0.489518 0.01 0.01
0 0.706530 0.483636 0.01 0.01
0 0.705207 0.435400 0.01 0.01
0 0.667486 0.455400 0.01 0.01
0 0.644324 0.480106 0.01 0.01
0 0.631751 0.451871 0.01 0.01
0 0.632413 0.542459 0.01 0.01
0 0.600648 0.542459 0.01 0.01
0 0.594692 0.371871 0.01 0.01
0 0.578148 0.375400 0.01 0.01
0 0.519251 0.289518 0.01 0.01
0 0.546383 0.217753 0.01 0.01
0 0.433222 0.273047 0.01 0.01
0 0.461016 0.350694 0.01 0.01
0 0.441163 0.414224 0.01 0.01
0 0.468957 0.443636 0.01 0.01
0 0.431898 0.502459 0.01 0.01
0 0.388222 0.470694 0.01 0.01
0 0.406751 0.383636 0.01 0.01
0 0.376972 0.354224 0.01 0.01
0 0.363074 0.351871 0.01 0.01
0 0.391530 0.313047 0.01 0.01
0 0.486163 0.525989 0.01 0.01
0 0.527192 0.591871 0.01 0.01
0 0.463001 0.674224 0.01 0.01
0 0.466971 0.642459 0.01 0.01
0 0.441163 0.650694 0.01 0.01
0 0.373001 0.667165 0.01 0.01
0 0.266457 0.368341 0.01 0.01
0 0.227413 0.340106 0.01 0.01
0 0.245280 0.423636 0.01 0.01
0 0.224104 0.421283 0.01 0.01
0 0.220133 0.450694 0.01 0.01
0 0.229398 0.482459 0.01 0.01
0 0.224104 0.561283 0.01 0.01
0 0.259839 0.584812 0.01 0.01
0 0.273736 0.658930 0.01 0.01
0 0.222780 0.671871 0.01 0.01
0 0.222780 0.693047 0.01 0.01
0 0.313442 0.704812 0.01 0.01
0 0.171824 0.914224 0.01 0.01
0 0.176457 0.888342 0.01 0.01
0 0.198295 0.981283 0.01 0.01
0 0.207560 0.882459 0.01 0.01
0 0.229398 0.882459 0.01 0.01
0 0.227413 0.856577 0.01 0.01
0 0.222780 0.828341 0.01 0.01
0 0.228736 0.831871 0.01 0.01
0 0.225427 0.821283 0.01 0.01
0 0.225427 0.753047 0.01 0.01
0 0.251898 0.918930 0.01 0.01
0 0.259839 0.924812 0.01 0.01
0 0.265795 0.910694 0.01 0.01
0 0.249913 0.987165 0.01 0.01
0 0.287633 0.937753 0.01 0.01
0 0.292266 0.920106 0.01 0.01
0 0.301530 0.884812 0.01 0.01
0 0.353148 0.777753 0.01 0.01
0 0.364398 0.749518 0.01 0.01
0 0.353148 0.747165 0.01 0.01
0 0.419986 0.783636 0.01 0.01
0 0.373663 0.861283 0.01 0.01
0 0.359766 0.868342 0.01 0.01
0 0.382927 0.901283 0.01 0.01
0 0.379619 0.931871 0.01 0.01
0 0.387560 0.930694 0.01 0.01
0 0.357119 0.936577 0.01 0.01
0 0.355133 0.916577 0.01 0.01
0 0.333295 0.937753 0.01 0.01
0 0.307486 0.990694 0.01 0.01
0 0.420648 0.942459 0.01 0.01
0 0.482854 0.954224 0.01 0.01
0 0.484839 0.914224 0.01 0.01
0 0.498074 0.887165 0.01 0.01
0 0.531824 0.914224 0.01 0.01
0 0.579471 0.811871 0.01 0.01
0 0.533148 0.748342 0.01 0.01
0 0.533810 0.718930 0.01 0.01
0 0.600648 0.660106 0.01 0.01
0 0.644986 0.708342 0.01 0.01
0 0.629766 0.765989 0.01 0.01
0 0.678074 0.883636 0.01 0.01
0 0.689986 0.900106 0.01 0.01
0 0.705207 0.901283 0.01 0.01
0 0.721751 0.848342 0.01 0.01
0 0.728369 0.848342 0.01 0.01
0 0.724398 0.954224 0.01 0.01
0 0.729030 0.936577 0.01 0.01
0 0.741604 0.938930 0.01 0.01
0 0.789251 0.944812 0.01 0.01
0 0.801163 0.865989 0.01 0.01
0 0.830942 0.940106 0.01 0.01
0 0.828295 0.955400 0.01 0.01
0 0.835574 0.981283 0.01 0.01
0 0.853442 0.911871 0.01 0.01
0 0.859398 0.901283 0.01 0.01
0 0.869325 0.903636 0.01 0.01
0 0.880574 0.917753 0.01 0.01
0 0.891163 0.897753 0.01 0.01
0 0.930207 0.937753 0.01 0.01
0 0.935501 0.763636 0.01 0.01
0 0.896457 0.818930 0.01 0.01
0 0.885869 0.840106 0.01 0.01
0 0.775354 0.777753 0.01 0.01
0 0.853442 0.736577 0.01 0.01
