0 0.824324 0.844812 0.01 0.01
0 0.795207 0.827165 0.01 0.01
0 0.803148 0.818930 0.01 0.01
0 0.833589 0.816577 0.01 0.01
0 0.803148 0.791871 0.01 0.01
0 0.814398 0.771871 0.01 0.01
0 0.824324 0.777753 0.01 0.01
0 0.814398 0.740106 0.01 0.01
0 0.825648 0.737753 0.01 0.01
0 0.819692 0.707165 0.01 0.01
0 0.821016 0.671871 0.01 0.01
0 0.845501 0.671871 0.01 0.01
0 0.848810 0.611871 0.01 0.01
0 0.811751 0.557753 0.01 0.01
0 0.814398 0.530694 0.01 0.01
0 0.815722 0.514224 0.01 0.01
0 0.804471 0.503636 0.01 0.01
0 0.795207 0.496577 0.01 0.01
0 0.717780 0.598930 0.01 0.01
0 0.688001 0.675400 0.01 0.01
0 0.747560 0.711871 0.01 0.01
0 0.752854 0.694224 0.01 0.01
0 0.762780 0.828341 0.01 0.01
0 0.746236 0.836577 0.01 0.01
0 0.717119 0.841283 0.01 0.01
0 0.713810 0.804812 0.01 0.01
0 0.691310 0.841283 0.01 0.01
0 0.676089 0.840106 0.01 0.01
0 0.667486 0.869518 0.01 0.01
0 0.611898 0.829518 0.01 0.01
0 0.575501 0.835400 0.01 0.01
0 0.635060 0.747165 0.01 0.01
0 0.609913 0.704812 0.01 0.01
0 0.572854 0.751871 0.01 0.01
0 0.546383 0.783636 0.01 0.01
0 0.539104 0.871871 0.01 0.01
0 0.502707 0.861283 0.01 0.01
0 0.483516 0.835400 0.01 0.01
0 0.461677 0.828341 0.01 0.01
0 0.449766 0.828341 0.01 0.01
0 0.440501 0.835400 0.01 0.01
0 0.441824 0.769518 0.01 0.01
0 0.449766 0.753047 0.01 0.01
0 0.491457 0.805989 0.01 0.01
0 0.550354 0.725989 0.01 0.01
0 0.562927 0.677753 0.01 0.01
0 0.555648 0.649518 0.01 0.01
0 0.566898 0.596577 0.01 0.01
0 0.488148 0.644812 0.01 0.01
0 0.502045 0.600106 0.01 0.01
0 0.457045 0.695400 0.01 0.01
0 0.445795 0.662459 0.01 0.01
0 0.402780 0.653047 0.01 0.01
0 0.414030 0.577753 0.01 0.01
0 0.421310 0.540106 0.01 0.01
0 0.414692 0.523636 0.01 0.01
0 0.455722 0.588342 0.01 0.01
0 0.478883 0.538930 0.01 0.01
0 0.476898 0.497753 0.01 0.01
0 0.532486 0.508341 0.01 0.01
0 0.594692 0.445989 0.01 0.01
0 0.637045 0.456577 0.01 0.01
0 0.643001 0.475400 0.01 0.01
0 0.664177 0.485989 0.01 0.01
0 0.688001 0.493047 0.01 0.01
0 0.625133 0.388342 0.01 0.01
0 0.652927 0.387165 0.01 0.01
0 0.646972 0.369518 0.01 0.01
0 0.551677 0.420106 0.01 0.01
0 0.667486 0.305989 0.01 0.01
0 0.751530 0.402459 0.01 0.01
0 0.818369 0.328342 0.01 0.01
0 0.811089 0.282459 0.01 0.01
0 0.709839 0.233047 0.01 0.01
0 0.764104 0.223636 0.01 0.01
0 0.811751 0.200106 0.01 0.01
0 0.799177 0.170694 0.01 0.01
0 0.819030 0.162459 0.01 0.01
0 0.821677 0.136577 0.01 0.01
0 0.810427 0.128342 0.01 0.01
0 0.811089 0.107165 0.01 0.01
0 0.808442 0.102459 0.01 0.01
0 0.805133 0.096577 0.01 0.01
0 0.802486 0.083636 0.01 0.01
0 0.798516 0.051871 0.01 0.01
0 0.784619 0.063636 0.01 0.01
0 0.771383 0.078930 0.01 0.01
0 0.763442 0.060106 0.01 0.01
0 0.758148 0.054224 0.01 0.01
0 0.749545 0.056577 0.01 0.01
0 0.741604 0.056577 0.01 0.01
0 0.752854 0.129518 0.01 0.01
0 0.725060 0.050694 0.01 0.01
0 0.711824 0.057753 0.01 0.01
0 0.707854 0.048342 0.01 0.01
0 0.703883 0.065989 0.01 0.01
0 0.695942 0.053047 0.01 0.01
0 0.689324 0.053047 0.01 0.01
0 0.684030 0.120106 0.01 0.01
0 0.674766 0.122459 0.01 0.01
0 0.670795 0.048342 0.01 0.01
0 0.639030 0.102459 0.01 0.01
0 0.643001 0.084812 0.01 0.01
0 0.634398 0.083636 0.01 0.01
0 0.635722 0.051871 0.01 0.01
0 0.627780 0.042459 0.01 0.01
0 0.608589 0.051871 0.01 0.01
0 0.574839 0.065989 0.01 0.01
0 0.570207 0.084812 0.01 0.01
0 0.578148 0.138930 0.01 0.01
0 0.596677 0.118930 0.01 0.01
0 0.582119 0.227165 0.01 0.01
0 0.568883 0.301283 0.01 0.01
0 0.564251 0.336577 0.01 0.01
0 0.506677 0.309518 0.01 0.01
0 0.512633 0.273047 0.01 0.01
0 0.494104 0.244812 0.01 0.01
0 0.515280 0.235400 0.01 0.01
0 0.523883 0.158930 0.01 0.01
0 0.543736 0.153047 0.01 0.01
0 0.484839 0.168342 0.01 0.01
0 0.468957 0.128342 0.01 0.01
0 0.521236 0.070694 0.01 0.01
0 0.502045 0.044812 0.01 0.01
0 0.492119 0.058930 0.01 0.01
0 0.470942 0.065989 0.01 0.01
0 0.470280 0.038930 0.01 0.01
0 0.445133 0.088342 0.01 0.01
0 0.441163 0.047165 0.01 0.01
0 0.435207 0.057753 0.01 0.01
0 0.419324 0.041283 0.01 0.01
0 0.402780 0.048342 0.01 0.01
0 0.388883 0.050694 0.01 0.01
0 0.380942 0.200106 0.01 0.01
0 0.424619 0.265989 0.01 0.01
0 0.459692 0.271871 0.01 0.01
0 0.450427 0.363636 0.01 0.01
0 0.461677 0.385989 0.01 0.01
0 0.416677 0.428342 0.01 0.01
0 0.386236 0.465989 0.01 0.01
0 0.378957 0.376577 0.01 0.01
0 0.393516 0.510694 0.01 0.01
0 0.366383 0.563636 0.01 0.01
0 0.337266 0.605989 0.01 0.01
0 0.306824 0.529518 0.01 0.01
0 0.323369 0.693047 0.01 0.01
0 0.354472 0.814224 0.01 0.01
0 0.384251 0.814224 0.01 0.01
0 0.379619 0.834224 0.01 0.01
0 0.324692 0.794224 0.01 0.01
0 0.281016 0.829518 0.01 0.01
0 0.276383 0.848342 0.01 0.01
0 0.266457 0.830694 0.01 0.01
0 0.245280 0.830694 0.01 0.01
0 0.209545 0.854224 0.01 0.01
0 0.151972 0.877753 0.01 0.01
0 0.166530 0.844812 0.01 0.01
0 0.190354 0.833047 0.01 0.01
0 0.211530 0.820106 0.01 0.01
0 0.196972 0.813047 0.01 0.01
0 0.192339 0.808341 0.01 0.01
0 0.183736 0.790694 0.01 0.01
0 0.179104 0.787165 0.01 0.01
0 0.170501 0.775400 0.01 0.01
0 0.178442 0.757753 0.01 0.01
0 0.173810 0.743636 0.01 0.01
0 0.163222 0.744812 0.01 0.01
0 0.157927 0.761283 0.01 0.01
0 0.159251 0.729518 0.01 0.01
0 0.126824 0.688341 0.01 0.01
0 0.181751 0.722459 0.01 0.01
0 0.195648 0.730694 0.01 0.01
0 0.191677 0.705989 0.01 0.01
0 0.212192 0.769518 0.01 0.01
0 0.230060 0.750694 0.01 0.01
0 0.241972 0.742459 0.01 0.01
0 0.229398 0.703636 0.01 0.01
0 0.238663 0.695400 0.01 0.01
0 0.261163 0.701283 0.01 0.01
0 0.273736 0.660106 0.01 0.01
0 0.287633 0.637753 0.01 0.01
0 0.274398 0.608342 0.01 0.01
0 0.266457 0.590694 0.01 0.01
0 0.180427 0.670694 0.01 0.01
0 0.177780 0.645989 0.01 0.01
0 0.178442 0.631871 0.01 0.01
0 0.198295 0.577753 0.01 0.01
0 0.187707 0.562459 0.01 0.01
0 0.166530 0.558930 0.01 0.01
0 0.174472 0.533047 0.01 0.01
0 0.183074 0.507165 0.01 0.01
0 0.180427 0.470694 0.01 0.01
0 0.235354 0.554224 0.01 0.01
0 0.245280 0.482459 0.01 0.01
0 0.265133 0.397753 0.01 0.01
0 0.226089 0.413047 0.01 0.01
0 0.238663 0.369518 0.01 0.01
0 0.181089 0.384812 0.01 0.01
0 0.165869 0.409518 0.01 0.01
0 0.132780 0.424812 0.01 0.01
0 0.185060 0.363636 0.01 0.01
0 0.193001 0.328342 0.01 0.01
0 0.164545 0.315400 0.01 0.01
0 0.175795 0.288341 0.01 0.01
0 0.178442 0.281283 0.01 0.01
0 0.165869 0.276577 0.01 0.01
0 0.177119 0.269518 0.01 0.01
0 0.180427 0.263636 0.01 0.01
0 0.175795 0.237753 0.01 0.01
0 0.198957 0.258930 0.01 0.01
0 0.230722 0.242459 0.01 0.01
0 0.261163 0.304812 0.01 0.01
0 0.208222 0.138930 0.01 0.01
0 0.191016 0.143636 0.01 0.01
0 0.193663 0.135400 0.01 0.01
0 0.184398 0.130694 0.01 0.01
0 0.198957 0.125989 0.01 0.01
0 0.213516 0.113047 0.01 0.01
0 0.208883 0.077753 0.01 0.01
0 0.202927 0.068342 0.01 0.01
0 0.174472 0.120106 0.01 0.01
0 0.180427 0.104812 0.01 0.01
0 0.186383 0.098930 0.01 0.01
0 0.188369 0.081283 0.01 0.01
0 0.183736 0.055400 0.01 0.01
0 0.167192 0.069518 0.01 0.01
0 0.152633 0.071871 0.01 0.01
0 0.152633 0.081283 0.01 0.01
0 0.142045 0.082459 0.01 0.01
0 0.227413 0.042459 0.01 0.01
0 0.233369 0.045989 0.01 0.01
0 0.230060 0.057753 0.01 0.01
0 0.240648 0.058930 0.01 0.01
0 0.246604 0.051871 0.01 0.01
0 0.246604 0.077753 0.01 0.01
0 0.255207 0.061283 0.01 0.01
0 0.269104 0.062459 0.01 0.01
0 0.322045 0.177753 0.01 0.01
0 0.320060 0.068342 0.01 0.01
0 0.329324 0.045989 0.01 0.01
0 0.343221 0.093047 0.01 0.01
0 0.354472 0.050694 0.01 0.01
