0 0.829619 0.847165 0.01 0.01
0 0.831604 0.820106 0.01 0.01
0 0.800501 0.837753 0.01 0.01
0 0.801163 0.829518 0.01 0.01
0 0.800501 0.803636 0.01 0.01
0 0.820354 0.780106 0.01 0.01
0 0.807119 0.771871 0.01 0.01
0 0.820354 0.767165 0.01 0.01
0 0.816383 0.761283 0.01 0.01
0 0.821016 0.684812 0.01 0.01
0 0.845501 0.633047 0.01 0.01
0 0.846163 0.590694 0.01 0.01
0 0.810427 0.574224 0.01 0.01
0 0.800501 0.543636 0.01 0.01
0 0.799177 0.518930 0.01 0.01
0 0.807119 0.517753 0.01 0.01
0 0.815722 0.469518 0.01 0.01
0 0.823001 0.462459 0.01 0.01
0 0.843516 0.477753 0.01 0.01
0 0.759472 0.482459 0.01 0.01
0 0.816383 0.307165 0.01 0.01
0 0.808442 0.294224 0.01 0.01
0 0.764104 0.220106 0.01 0.01
0 0.731677 0.227165 0.01 0.01
0 0.691971 0.323636 0.01 0.01
0 0.670133 0.369518 0.01 0.01
0 0.648957 0.382459 0.01 0.01
0 0.622486 0.400106 0.01 0.01
0 0.630427 0.483636 0.01 0.01
0 0.599324 0.478930 0.01 0.01
0 0.643001 0.495400 0.01 0.01
0 0.664177 0.490694 0.01 0.01
0 0.711163 0.495400 0.01 0.01
0 0.702560 0.625989 0.01 0.01
0 0.687339 0.685989 0.01 0.01
0 0.656236 0.724812 0.01 0.01
0 0.740942 0.693047 0.01 0.01
0 0.748883 0.722459 0.01 0.01
0 0.761457 0.843636 0.01 0.01
0 0.748883 0.853047 0.01 0.01
0 0.716457 0.851871 0.01 0.01
0 0.713810 0.798930 0.01 0.01
0 0.693295 0.857753 0.01 0.01
0 0.660207 0.851871 0.01 0.01
0 0.640354 0.884812 0.01 0.01
0 0.611236 0.849518 0.01 0.01
0 0.586089 0.887165 0.01 0.01
0 0.577486 0.851871 0.01 0.01
0 0.543736 0.805989 0.01 0.01
0 0.545722 0.791871 0.01 0.01
0 0.570869 0.763636 0.01 0.01
0 0.610574 0.764812 0.01 0.01
0 0.562927 0.694224 0.01 0.01
0 0.556971 0.658930 0.01 0.01
0 0.564913 0.611871 0.01 0.01
0 0.590721 0.584812 0.01 0.01
0 0.537119 0.513047 0.01 0.01
0 0.480207 0.514224 0.01 0.01
0 0.476898 0.553047 0.01 0.01
0 0.509324 0.621283 0.01 0.01
0 0.484839 0.662459 0.01 0.01
0 0.463001 0.742459 0.01 0.01
0 0.452413 0.711871 0.01 0.01
0 0.431236 0.758930 0.01 0.01
0 0.442486 0.784812 0.01 0.01
0 0.445133 0.820106 0.01 0.01
0 0.432560 0.838930 0.01 0.01
0 0.441824 0.844812 0.01 0.01
0 0.486824 0.873047 0.01 0.01
0 0.486824 0.844812 0.01 0.01
0 0.482192 0.787165 0.01 0.01
0 0.379619 0.834224 0.01 0.01
0 0.363074 0.847165 0.01 0.01
0 0.360427 0.797753 0.01 0.01
0 0.459030 0.596577 0.01 0.01
0 0.414030 0.665989 0.01 0.01
0 0.421971 0.589518 0.01 0.01
0 0.434545 0.521283 0.01 0.01
0 0.407413 0.518930 0.01 0.01
0 0.393516 0.522459 0.01 0.01
0 0.392854 0.483636 0.01 0.01
0 0.371016 0.403636 0.01 0.01
0 0.374986 0.558930 0.01 0.01
0 0.369692 0.603636 0.01 0.01
0 0.341236 0.680106 0.01 0.01
0 0.319398 0.641283 0.01 0.01
0 0.308148 0.635400 0.01 0.01
0 0.305501 0.544812 0.01 0.01
0 0.308148 0.840106 0.01 0.01
0 0.300207 0.855400 0.01 0.01
0 0.275060 0.844812 0.01 0.01
0 0.265133 0.841283 0.01 0.01
0 0.241310 0.842459 0.01 0.01
0 0.210869 0.867165 0.01 0.01
0 0.172486 0.907165 0.01 0.01
0 0.159251 0.858930 0.01 0.01
0 0.181089 0.850694 0.01 0.01
0 0.190354 0.816577 0.01 0.01
0 0.199619 0.837753 0.01 0.01
0 0.209545 0.841283 0.01 0.01
0 0.204913 0.828341 0.01 0.01
0 0.212192 0.776577 0.01 0.01
0 0.231383 0.769518 0.01 0.01
0 0.241972 0.757753 0.01 0.01
0 0.275721 0.753047 0.01 0.01
0 0.236677 0.711871 0.01 0.01
0 0.229398 0.714224 0.01 0.01
0 0.176457 0.793047 0.01 0.01
0 0.167854 0.783636 0.01 0.01
0 0.172486 0.774224 0.01 0.01
0 0.176457 0.771871 0.01 0.01
0 0.171163 0.742459 0.01 0.01
0 0.175795 0.727165 0.01 0.01
0 0.166530 0.730694 0.01 0.01
0 0.172486 0.713047 0.01 0.01
0 0.126824 0.674224 0.01 0.01
0 0.165869 0.650694 0.01 0.01
0 0.175133 0.647165 0.01 0.01
0 0.187707 0.674224 0.01 0.01
0 0.177119 0.684812 0.01 0.01
0 0.182413 0.694224 0.01 0.01
0 0.277045 0.622459 0.01 0.01
0 0.259839 0.651871 0.01 0.01
0 0.265795 0.601283 0.01 0.01
0 0.275060 0.533047 0.01 0.01
0 0.238001 0.571871 0.01 0.01
0 0.209545 0.540106 0.01 0.01
0 0.194986 0.553047 0.01 0.01
0 0.173810 0.555400 0.01 0.01
0 0.178442 0.533047 0.01 0.01
0 0.181751 0.481283 0.01 0.01
0 0.200942 0.488342 0.01 0.01
0 0.165869 0.423636 0.01 0.01
0 0.132119 0.402459 0.01 0.01
0 0.177780 0.393047 0.01 0.01
0 0.177780 0.360106 0.01 0.01
0 0.163883 0.337753 0.01 0.01
0 0.177119 0.301283 0.01 0.01
0 0.171163 0.285989 0.01 0.01
0 0.181089 0.271871 0.01 0.01
0 0.177119 0.238930 0.01 0.01
0 0.199619 0.265989 0.01 0.01
0 0.209545 0.309518 0.01 0.01
0 0.245280 0.256577 0.01 0.01
0 0.208222 0.430694 0.01 0.01
0 0.267119 0.421283 0.01 0.01
0 0.236677 0.381283 0.01 0.01
0 0.247927 0.368341 0.01 0.01
0 0.283001 0.337753 0.01 0.01
0 0.461016 0.397753 0.01 0.01
0 0.438516 0.370694 0.01 0.01
0 0.427266 0.294224 0.01 0.01
0 0.448442 0.303636 0.01 0.01
0 0.564251 0.345989 0.01 0.01
0 0.544398 0.433047 0.01 0.01
0 0.515942 0.325989 0.01 0.01
0 0.534472 0.320106 0.01 0.01
0 0.566898 0.320106 0.01 0.01
0 0.583442 0.241283 0.01 0.01
0 0.515942 0.264812 0.01 0.01
0 0.493442 0.250694 0.01 0.01
0 0.295574 0.229518 0.01 0.01
0 0.341236 0.201283 0.01 0.01
0 0.206236 0.171871 0.01 0.01
0 0.214177 0.145989 0.01 0.01
0 0.206236 0.148342 0.01 0.01
0 0.190354 0.153047 0.01 0.01
0 0.175795 0.168342 0.01 0.01
0 0.134104 0.091871 0.01 0.01
0 0.149986 0.089518 0.01 0.01
0 0.171163 0.071871 0.01 0.01
0 0.183074 0.077753 0.01 0.01
0 0.183074 0.135400 0.01 0.01
0 0.183074 0.117753 0.01 0.01
0 0.189030 0.102459 0.01 0.01
0 0.185060 0.097753 0.01 0.01
0 0.193001 0.087165 0.01 0.01
0 0.203589 0.076577 0.01 0.01
0 0.216824 0.077753 0.01 0.01
0 0.225427 0.083636 0.01 0.01
0 0.225427 0.057753 0.01 0.01
0 0.234030 0.074224 0.01 0.01
0 0.238663 0.069518 0.01 0.01
0 0.245942 0.063636 0.01 0.01
0 0.257192 0.065989 0.01 0.01
0 0.252560 0.094224 0.01 0.01
0 0.255869 0.121283 0.01 0.01
0 0.317413 0.082459 0.01 0.01
0 0.320722 0.051871 0.01 0.01
0 0.341236 0.094224 0.01 0.01
0 0.374986 0.141283 0.01 0.01
0 0.365722 0.068342 0.01 0.01
0 0.389545 0.071871 0.01 0.01
0 0.403442 0.068342 0.01 0.01
0 0.421971 0.054224 0.01 0.01
0 0.428589 0.145989 0.01 0.01
0 0.435869 0.073047 0.01 0.01
0 0.451751 0.058930 0.01 0.01
0 0.467633 0.045989 0.01 0.01
0 0.475574 0.110694 0.01 0.01
0 0.471604 0.129518 0.01 0.01
0 0.471604 0.149518 0.01 0.01
0 0.486824 0.184812 0.01 0.01
0 0.521236 0.209518 0.01 0.01
0 0.528516 0.181283 0.01 0.01
0 0.504030 0.062459 0.01 0.01
0 0.537780 0.067165 0.01 0.01
0 0.566236 0.180106 0.01 0.01
0 0.568883 0.100106 0.01 0.01
0 0.576824 0.078930 0.01 0.01
0 0.584766 0.068342 0.01 0.01
0 0.599324 0.128342 0.01 0.01
0 0.611236 0.062459 0.01 0.01
0 0.631089 0.071871 0.01 0.01
0 0.631089 0.093047 0.01 0.01
0 0.645648 0.094224 0.01 0.01
0 0.651604 0.161283 0.01 0.01
0 0.682045 0.135400 0.01 0.01
0 0.671457 0.056577 0.01 0.01
0 0.680060 0.068342 0.01 0.01
0 0.688663 0.070694 0.01 0.01
0 0.703221 0.065989 0.01 0.01
0 0.705207 0.083636 0.01 0.01
0 0.713148 0.054224 0.01 0.01
0 0.724398 0.068342 0.01 0.01
0 0.736971 0.063636 0.01 0.01
0 0.746898 0.074224 0.01 0.01
0 0.757486 0.063636 0.01 0.01
0 0.763442 0.074224 0.01 0.01
0 0.768074 0.090694 0.01 0.01
0 0.792560 0.067165 0.01 0.01
0 0.792560 0.078930 0.01 0.01
0 0.805133 0.107165 0.01 0.01
0 0.813736 0.121283 0.01 0.01
0 0.811089 0.124812 0.01 0.01
0 0.809104 0.136577 0.01 0.01
0 0.807780 0.162459 0.01 0.01
0 0.819030 0.153047 0.01 0.01
0 0.810427 0.171871 0.01 0.01
0 0.803810 0.193047 0.01 0.01
0 0.754177 0.163636 0.01 0.01
