0 0.790625 0.054167 0.01 0.01
0 0.851562 0.120833 0.01 0.01
0 0.858594 0.201389 0.01 0.01
0 0.732031 0.140278 0.01 0.01
0 0.655469 0.091667 0.01 0.01
0 0.634375 0.072222 0.01 0.01
0 0.605469 0.190278 0.01 0.01
0 0.531250 0.226389 0.01 0.01
0 0.747656 0.422222 0.01 0.01
0 0.733594 0.431944 0.01 0.01
0 0.825781 0.504167 0.01 0.01
0 0.860156 0.576389 0.01 0.01
0 0.625000 0.552778 0.01 0.01
0 0.528125 0.686111 0.01 0.01
0 0.548437 0.831944 0.01 0.01
0 0.560938 0.934722 0.01 0.01
0 0.773438 0.826389 0.01 0.01
0 0.849219 0.862500 0.01 0.01
0 0.855469 0.804167 0.01 0.01
0 0.467969 0.818056 0.01 0.01
0 0.382812 0.761111 0.01 0.01
0 0.223438 0.698611 0.01 0.01
0 0.367188 0.550000 0.01 0.01
0 0.432813 0.561111 0.01 0.01
0 0.409375 0.355556 0.01 0.01
0 0.293750 0.180556 0.01 0.01
0 0.182812 0.031944 0.01 0.01
