0 0.633594 0.550000 0.01 0.01
0 0.737500 0.463889 0.01 0.01
0 0.728125 0.438889 0.01 0.01
0 0.842969 0.543056 0.01 0.01
0 0.857031 0.620833 0.01 0.01
0 0.849219 0.805556 0.01 0.01
0 0.843750 0.862500 0.01 0.01
0 0.770312 0.825000 0.01 0.01
0 0.542969 0.834722 0.01 0.01
0 0.520312 0.951389 0.01 0.01
0 0.470313 0.880556 0.01 0.01
0 0.494531 0.655556 0.01 0.01
0 0.382812 0.738889 0.01 0.01
0 0.212500 0.681944 0.01 0.01
0 0.369531 0.536111 0.01 0.01
0 0.337500 0.929167 0.01 0.01
0 0.428906 0.530556 0.01 0.01
0 0.397656 0.375000 0.01 0.01
0 0.291406 0.179167 0.01 0.01
0 0.262500 0.036111 0.01 0.01
0 0.503125 0.148611 0.01 0.01
0 0.603906 0.179167 0.01 0.01
0 0.607813 0.080556 0.01 0.01
0 0.626562 0.077778 0.01 0.01
0 0.708594 0.184722 0.01 0.01
0 0.786719 0.106944 0.01 0.01
0 0.787500 0.069444 0.01 0.01
0 0.850781 0.130556 0.01 0.01
0 0.833594 0.238889 0.01 0.01
0 0.793750 0.200000 0.01 0.01
