0 0.850781 0.118056 0.01 0.01
0 0.832812 0.112500 0.01 0.01
0 0.811719 0.125000 0.01 0.01
0 0.813281 0.109722 0.01 0.01
0 0.808594 0.111111 0.01 0.01
0 0.790625 0.105556 0.01 0.01
0 0.780469 0.095833 0.01 0.01
0 0.781250 0.093056 0.01 0.01
0 0.776563 0.098611 0.01 0.01
0 0.771094 0.093056 0.01 0.01
0 0.740625 0.094444 0.01 0.01
0 0.731250 0.083333 0.01 0.01
0 0.714844 0.095833 0.01 0.01
0 0.714844 0.083333 0.01 0.01
0 0.702344 0.069444 0.01 0.01
0 0.689844 0.097222 0.01 0.01
0 0.678906 0.097222 0.01 0.01
0 0.665625 0.076389 0.01 0.01
0 0.621094 0.101389 0.01 0.01
0 0.612500 0.095833 0.01 0.01
0 0.599219 0.093056 0.01 0.01
0 0.564844 0.098611 0.01 0.01
0 0.533594 0.094444 0.01 0.01
0 0.519531 0.095833 0.01 0.01
0 0.499219 0.100000 0.01 0.01
0 0.475781 0.105556 0.01 0.01
0 0.462500 0.093056 0.01 0.01
0 0.450781 0.156944 0.01 0.01
0 0.450000 0.179167 0.01 0.01
0 0.389062 0.173611 0.01 0.01
0 0.365625 0.197222 0.01 0.01
0 0.360156 0.175000 0.01 0.01
0 0.366406 0.159722 0.01 0.01
0 0.382031 0.105556 0.01 0.01
0 0.382031 0.093056 0.01 0.01
0 0.340625 0.155556 0.01 0.01
0 0.323438 0.150000 0.01 0.01
0 0.310156 0.145833 0.01 0.01
0 0.319531 0.102778 0.01 0.01
0 0.326562 0.095833 0.01 0.01
0 0.384375 0.269444 0.01 0.01
0 0.437500 0.247222 0.01 0.01
0 0.472656 0.277778 0.01 0.01
0 0.500000 0.311111 0.01 0.01
0 0.542969 0.318056 0.01 0.01
0 0.567969 0.297222 0.01 0.01
0 0.612500 0.225000 0.01 0.01
0 0.567187 0.166667 0.01 0.01
0 0.549219 0.180556 0.01 0.01
0 0.505469 0.194444 0.01 0.01
0 0.499219 0.175000 0.01 0.01
0 0.491406 0.134722 0.01 0.01
0 0.696094 0.147222 0.01 0.01
0 0.721094 0.126389 0.01 0.01
0 0.749219 0.170833 0.01 0.01
0 0.757031 0.168056 0.01 0.01
0 0.832812 0.162500 0.01 0.01
0 0.835156 0.227778 0.01 0.01
0 0.825781 0.241667 0.01 0.01
0 0.835156 0.255556 0.01 0.01
0 0.836719 0.272222 0.01 0.01
0 0.832031 0.325000 0.01 0.01
0 0.737500 0.259722 0.01 0.01
0 0.689844 0.229167 0.01 0.01
0 0.655469 0.284722 0.01 0.01
0 0.621094 0.280556 0.01 0.01
0 0.654688 0.345833 0.01 0.01
0 0.677344 0.386111 0.01 0.01
0 0.732031 0.402778 0.01 0.01
0 0.532031 0.391667 0.01 0.01
0 0.528906 0.408333 0.01 0.01
0 0.503125 0.395833 0.01 0.01
0 0.493750 0.409722 0.01 0.01
0 0.492969 0.393056 0.01 0.01
0 0.407031 0.454167 0.01 0.01
0 0.434375 0.486111 0.01 0.01
0 0.535156 0.455556 0.01 0.01
0 0.521094 0.437500 0.01 0.01
0 0.639063 0.438889 0.01 0.01
0 0.671875 0.455556 0.01 0.01
0 0.819531 0.434722 0.01 0.01
0 0.829687 0.419444 0.01 0.01
0 0.863281 0.391667 0.01 0.01
0 0.868750 0.313889 0.01 0.01
0 0.825000 0.505556 0.01 0.01
0 0.817969 0.583333 0.01 0.01
0 0.807031 0.619444 0.01 0.01
0 0.817187 0.679167 0.01 0.01
0 0.835156 0.645833 0.01 0.01
0 0.872656 0.648611 0.01 0.01
0 0.853125 0.754167 0.01 0.01
0 0.853906 0.786111 0.01 0.01
0 0.840625 0.756944 0.01 0.01
0 0.838281 0.791667 0.01 0.01
0 0.838281 0.805556 0.01 0.01
0 0.828906 0.845833 0.01 0.01
0 0.825000 0.851389 0.01 0.01
0 0.824219 0.858333 0.01 0.01
0 0.813281 0.879167 0.01 0.01
0 0.804688 0.929167 0.01 0.01
0 0.754687 0.905556 0.01 0.01
0 0.736719 0.884722 0.01 0.01
0 0.729688 0.897222 0.01 0.01
0 0.721875 0.897222 0.01 0.01
0 0.740625 0.833333 0.01 0.01
0 0.761719 0.808333 0.01 0.01
0 0.784375 0.811111 0.01 0.01
0 0.767187 0.723611 0.01 0.01
0 0.746094 0.661111 0.01 0.01
0 0.711719 0.669444 0.01 0.01
0 0.709375 0.726389 0.01 0.01
0 0.737500 0.748611 0.01 0.01
0 0.680469 0.598611 0.01 0.01
0 0.652344 0.594444 0.01 0.01
0 0.645312 0.616667 0.01 0.01
0 0.658594 0.523611 0.01 0.01
0 0.588281 0.541667 0.01 0.01
0 0.581250 0.559722 0.01 0.01
0 0.561719 0.565278 0.01 0.01
0 0.580469 0.612500 0.01 0.01
0 0.604688 0.643056 0.01 0.01
0 0.567969 0.687500 0.01 0.01
0 0.582812 0.730556 0.01 0.01
0 0.549219 0.629167 0.01 0.01
0 0.540625 0.634722 0.01 0.01
0 0.531250 0.616667 0.01 0.01
0 0.506250 0.576389 0.01 0.01
0 0.507031 0.555556 0.01 0.01
0 0.492188 0.556944 0.01 0.01
0 0.489062 0.590278 0.01 0.01
0 0.488281 0.634722 0.01 0.01
0 0.456250 0.641667 0.01 0.01
0 0.447656 0.530556 0.01 0.01
0 0.457031 0.687500 0.01 0.01
0 0.508594 0.723611 0.01 0.01
0 0.494531 0.729167 0.01 0.01
0 0.488281 0.752778 0.01 0.01
0 0.506250 0.781944 0.01 0.01
0 0.680469 0.837500 0.01 0.01
0 0.686719 0.895833 0.01 0.01
0 0.664062 0.891667 0.01 0.01
0 0.647656 0.900000 0.01 0.01
0 0.632812 0.894444 0.01 0.01
0 0.615625 0.944444 0.01 0.01
0 0.605469 0.897222 0.01 0.01
0 0.582812 0.904167 0.01 0.01
0 0.504687 0.851389 0.01 0.01
0 0.477344 0.848611 0.01 0.01
0 0.448438 0.888889 0.01 0.01
0 0.333594 0.944444 0.01 0.01
0 0.366406 0.897222 0.01 0.01
0 0.363281 0.905556 0.01 0.01
0 0.381250 0.894444 0.01 0.01
0 0.305469 0.902778 0.01 0.01
0 0.293750 0.890278 0.01 0.01
0 0.285156 0.852778 0.01 0.01
0 0.278906 0.888889 0.01 0.01
0 0.280469 0.911111 0.01 0.01
0 0.252344 0.894444 0.01 0.01
0 0.242969 0.904167 0.01 0.01
0 0.207031 0.918056 0.01 0.01
0 0.225781 0.883333 0.01 0.01
0 0.212500 0.870833 0.01 0.01
0 0.191406 0.865278 0.01 0.01
0 0.219531 0.852778 0.01 0.01
0 0.214062 0.833333 0.01 0.01
0 0.201562 0.812500 0.01 0.01
0 0.191406 0.825000 0.01 0.01
0 0.182812 0.816667 0.01 0.01
0 0.173438 0.811111 0.01 0.01
0 0.191406 0.762500 0.01 0.01
0 0.185156 0.750000 0.01 0.01
0 0.187500 0.730556 0.01 0.01
0 0.217187 0.783333 0.01 0.01
0 0.232812 0.790278 0.01 0.01
0 0.239844 0.768056 0.01 0.01
0 0.230469 0.740278 0.01 0.01
0 0.303125 0.681944 0.01 0.01
0 0.338281 0.722222 0.01 0.01
0 0.328125 0.654167 0.01 0.01
0 0.315625 0.605556 0.01 0.01
0 0.325781 0.598611 0.01 0.01
0 0.390625 0.590278 0.01 0.01
0 0.398438 0.609722 0.01 0.01
0 0.390625 0.622222 0.01 0.01
0 0.433594 0.723611 0.01 0.01
0 0.422656 0.726389 0.01 0.01
0 0.401563 0.779167 0.01 0.01
0 0.405469 0.800000 0.01 0.01
0 0.231250 0.650000 0.01 0.01
0 0.250000 0.608333 0.01 0.01
0 0.185937 0.680556 0.01 0.01
0 0.185937 0.661111 0.01 0.01
0 0.192188 0.641667 0.01 0.01
0 0.185937 0.629167 0.01 0.01
0 0.186719 0.594444 0.01 0.01
0 0.187500 0.543056 0.01 0.01
0 0.189844 0.515278 0.01 0.01
0 0.184375 0.522222 0.01 0.01
0 0.145313 0.508333 0.01 0.01
0 0.159375 0.488889 0.01 0.01
0 0.163281 0.468056 0.01 0.01
0 0.190625 0.472222 0.01 0.01
0 0.191406 0.444444 0.01 0.01
0 0.182812 0.433333 0.01 0.01
0 0.189063 0.425000 0.01 0.01
0 0.186719 0.406944 0.01 0.01
0 0.192188 0.387500 0.01 0.01
0 0.214062 0.404167 0.01 0.01
0 0.235938 0.476389 0.01 0.01
0 0.288281 0.561111 0.01 0.01
0 0.303906 0.511111 0.01 0.01
0 0.332031 0.505556 0.01 0.01
0 0.317969 0.434722 0.01 0.01
0 0.453125 0.398611 0.01 0.01
0 0.299219 0.280556 0.01 0.01
0 0.283594 0.286111 0.01 0.01
0 0.272656 0.301389 0.01 0.01
0 0.221875 0.300000 0.01 0.01
0 0.191406 0.312500 0.01 0.01
0 0.189063 0.272222 0.01 0.01
0 0.191406 0.212500 0.01 0.01
0 0.181250 0.200000 0.01 0.01
0 0.162500 0.095833 0.01 0.01
0 0.195312 0.155556 0.01 0.01
0 0.211719 0.147222 0.01 0.01
0 0.201562 0.138889 0.01 0.01
0 0.196875 0.127778 0.01 0.01
0 0.205469 0.126389 0.01 0.01
0 0.221875 0.125000 0.01 0.01
0 0.233594 0.094444 0.01 0.01
0 0.240625 0.100000 0.01 0.01
0 0.245312 0.094444 0.01 0.01
0 0.220313 0.055556 0.01 0.01
0 0.200781 0.062500 0.01 0.01
0 0.293750 0.055556 0.01 0.01
0 0.277344 0.069444 0.01 0.01
0 0.292188 0.095833 0.01 0.01
0 0.281250 0.098611 0.01 0.01
0 0.275000 0.098611 0.01 0.01
0 0.273438 0.130556 0.01 0.01
0 0.271875 0.180556 0.01 0.01
0 0.412500 0.097222 0.01 0.01
0 0.491406 0.055556 0.01 0.01
