0 0.827633 0.158930 0.01 0.01
0 0.826972 0.140106 0.01 0.01
0 0.809766 0.168342 0.01 0.01
0 0.849471 0.225989 0.01 0.01
0 0.820354 0.110694 0.01 0.01
0 0.820354 0.102459 0.01 0.01
0 0.815722 0.089518 0.01 0.01
0 0.821016 0.073047 0.01 0.01
0 0.832266 0.053047 0.01 0.01
0 0.807119 0.070694 0.01 0.01
0 0.804471 0.064812 0.01 0.01
0 0.778663 0.056577 0.01 0.01
0 0.767413 0.055400 0.01 0.01
0 0.761457 0.050694 0.01 0.01
0 0.747560 0.041283 0.01 0.01
0 0.723074 0.055400 0.01 0.01
0 0.722413 0.044812 0.01 0.01
0 0.713810 0.051871 0.01 0.01
0 0.707854 0.043636 0.01 0.01
0 0.699251 0.051871 0.01 0.01
0 0.693295 0.049518 0.01 0.01
0 0.682045 0.045989 0.01 0.01
0 0.676089 0.043636 0.01 0.01
0 0.671457 0.045989 0.01 0.01
0 0.666163 0.073047 0.01 0.01
0 0.656898 0.041283 0.01 0.01
0 0.646310 0.047165 0.01 0.01
0 0.644324 0.035400 0.01 0.01
0 0.689986 0.094224 0.01 0.01
0 0.696604 0.115400 0.01 0.01
0 0.615869 0.127165 0.01 0.01
0 0.564913 0.134224 0.01 0.01
0 0.600648 0.078930 0.01 0.01
0 0.585427 0.057753 0.01 0.01
0 0.587413 0.050694 0.01 0.01
0 0.564251 0.080106 0.01 0.01
0 0.547707 0.044812 0.01 0.01
0 0.522560 0.042459 0.01 0.01
0 0.513295 0.043636 0.01 0.01
0 0.485501 0.037753 0.01 0.01
0 0.418663 0.054224 0.01 0.01
0 0.418663 0.048342 0.01 0.01
0 0.439839 0.050694 0.01 0.01
0 0.434545 0.034224 0.01 0.01
0 0.392192 0.041283 0.01 0.01
0 0.367045 0.044812 0.01 0.01
0 0.351163 0.045989 0.01 0.01
0 0.339251 0.035400 0.01 0.01
0 0.331310 0.060106 0.01 0.01
0 0.263810 0.075400 0.01 0.01
0 0.269766 0.042459 0.01 0.01
0 0.252560 0.054224 0.01 0.01
0 0.247266 0.047165 0.01 0.01
0 0.248589 0.041283 0.01 0.01
0 0.245280 0.074224 0.01 0.01
0 0.235354 0.036577 0.01 0.01
0 0.225427 0.045989 0.01 0.01
0 0.224766 0.049518 0.01 0.01
0 0.222780 0.050694 0.01 0.01
0 0.210869 0.076577 0.01 0.01
0 0.215501 0.063636 0.01 0.01
0 0.210869 0.065989 0.01 0.01
0 0.205574 0.080106 0.01 0.01
0 0.202266 0.054224 0.01 0.01
0 0.187707 0.018930 0.01 0.01
0 0.149324 0.069518 0.01 0.01
0 0.177780 0.083636 0.01 0.01
0 0.186383 0.071871 0.01 0.01
0 0.197633 0.077753 0.01 0.01
0 0.196310 0.090694 0.01 0.01
0 0.196310 0.108342 0.01 0.01
0 0.175133 0.130694 0.01 0.01
0 0.160574 0.121283 0.01 0.01
0 0.208222 0.115400 0.01 0.01
0 0.216163 0.129518 0.01 0.01
0 0.327339 0.147165 0.01 0.01
0 0.193663 0.203636 0.01 0.01
0 0.189030 0.227165 0.01 0.01
0 0.183736 0.238930 0.01 0.01
0 0.191016 0.251871 0.01 0.01
0 0.191016 0.262459 0.01 0.01
0 0.188369 0.273047 0.01 0.01
0 0.179766 0.285989 0.01 0.01
0 0.170501 0.282459 0.01 0.01
0 0.215501 0.243636 0.01 0.01
0 0.269766 0.233047 0.01 0.01
0 0.248589 0.356577 0.01 0.01
0 0.197633 0.344812 0.01 0.01
0 0.183074 0.345989 0.01 0.01
0 0.188369 0.373047 0.01 0.01
0 0.172486 0.388342 0.01 0.01
0 0.184398 0.424812 0.01 0.01
0 0.190354 0.461283 0.01 0.01
0 0.146016 0.498930 0.01 0.01
0 0.193001 0.509518 0.01 0.01
0 0.257854 0.422459 0.01 0.01
0 0.265795 0.423636 0.01 0.01
0 0.247927 0.549518 0.01 0.01
0 0.190354 0.565989 0.01 0.01
0 0.175795 0.568341 0.01 0.01
0 0.156604 0.596577 0.01 0.01
0 0.185060 0.613047 0.01 0.01
0 0.187045 0.617753 0.01 0.01
0 0.184398 0.638930 0.01 0.01
0 0.189692 0.660106 0.01 0.01
0 0.184398 0.709518 0.01 0.01
0 0.184398 0.754224 0.01 0.01
0 0.168516 0.765989 0.01 0.01
0 0.134766 0.740106 0.01 0.01
0 0.137413 0.818930 0.01 0.01
0 0.172486 0.842459 0.01 0.01
0 0.181751 0.823636 0.01 0.01
0 0.196310 0.808341 0.01 0.01
0 0.204913 0.811871 0.01 0.01
0 0.202266 0.794224 0.01 0.01
0 0.195648 0.780106 0.01 0.01
0 0.206236 0.767165 0.01 0.01
0 0.222119 0.756577 0.01 0.01
0 0.216824 0.810694 0.01 0.01
0 0.221457 0.842459 0.01 0.01
0 0.227413 0.833047 0.01 0.01
0 0.243295 0.820106 0.01 0.01
0 0.257192 0.822459 0.01 0.01
0 0.261163 0.824812 0.01 0.01
0 0.286972 0.827165 0.01 0.01
0 0.299545 0.815400 0.01 0.01
0 0.241310 0.748342 0.01 0.01
0 0.237339 0.696577 0.01 0.01
0 0.245942 0.691871 0.01 0.01
0 0.254545 0.728342 0.01 0.01
0 0.268442 0.725989 0.01 0.01
0 0.278369 0.670694 0.01 0.01
0 0.291604 0.651871 0.01 0.01
0 0.284324 0.638930 0.01 0.01
0 0.273074 0.598930 0.01 0.01
0 0.273074 0.583636 0.01 0.01
0 0.328001 0.689518 0.01 0.01
0 0.337266 0.669518 0.01 0.01
0 0.347854 0.596577 0.01 0.01
0 0.316089 0.524812 0.01 0.01
0 0.390869 0.803636 0.01 0.01
0 0.424619 0.815400 0.01 0.01
0 0.435207 0.777753 0.01 0.01
0 0.433883 0.829518 0.01 0.01
0 0.459692 0.861283 0.01 0.01
0 0.460354 0.833047 0.01 0.01
0 0.471604 0.827165 0.01 0.01
0 0.490795 0.827165 0.01 0.01
0 0.488148 0.774224 0.01 0.01
0 0.507339 0.803636 0.01 0.01
0 0.525207 0.842459 0.01 0.01
0 0.568222 0.776577 0.01 0.01
0 0.590060 0.774224 0.01 0.01
0 0.582119 0.748342 0.01 0.01
0 0.584766 0.831871 0.01 0.01
0 0.610574 0.828341 0.01 0.01
0 0.628442 0.760106 0.01 0.01
0 0.629104 0.664812 0.01 0.01
0 0.678736 0.818930 0.01 0.01
0 0.688663 0.837753 0.01 0.01
0 0.713810 0.838930 0.01 0.01
0 0.736971 0.828341 0.01 0.01
0 0.762780 0.833047 0.01 0.01
0 0.772707 0.831871 0.01 0.01
0 0.813736 0.873047 0.01 0.01
0 0.819692 0.822459 0.01 0.01
0 0.805795 0.811871 0.01 0.01
0 0.811751 0.789518 0.01 0.01
0 0.824986 0.793047 0.01 0.01
0 0.847486 0.811871 0.01 0.01
0 0.841530 0.774224 0.01 0.01
0 0.830280 0.753047 0.01 0.01
0 0.834251 0.713047 0.01 0.01
0 0.826972 0.702459 0.01 0.01
0 0.860060 0.730694 0.01 0.01
0 0.862045 0.676577 0.01 0.01
0 0.828957 0.640106 0.01 0.01
0 0.771383 0.685989 0.01 0.01
0 0.757486 0.707165 0.01 0.01
0 0.700574 0.669518 0.01 0.01
0 0.781972 0.565989 0.01 0.01
0 0.796530 0.476577 0.01 0.01
0 0.825648 0.474224 0.01 0.01
0 0.850133 0.449518 0.01 0.01
0 0.855427 0.455400 0.01 0.01
0 0.824324 0.522459 0.01 0.01
0 0.826310 0.537753 0.01 0.01
0 0.823663 0.551871 0.01 0.01
0 0.825648 0.344812 0.01 0.01
0 0.822339 0.278930 0.01 0.01
0 0.749545 0.274224 0.01 0.01
0 0.748222 0.351871 0.01 0.01
0 0.654251 0.394224 0.01 0.01
0 0.658222 0.363636 0.01 0.01
0 0.635722 0.381283 0.01 0.01
0 0.648295 0.311871 0.01 0.01
0 0.603295 0.433047 0.01 0.01
0 0.654251 0.442459 0.01 0.01
0 0.654913 0.476577 0.01 0.01
0 0.637707 0.543636 0.01 0.01
0 0.678074 0.560106 0.01 0.01
0 0.598001 0.553047 0.01 0.01
0 0.575501 0.591871 0.01 0.01
0 0.568222 0.647165 0.01 0.01
0 0.573516 0.670694 0.01 0.01
0 0.517927 0.677753 0.01 0.01
0 0.506016 0.618930 0.01 0.01
0 0.463663 0.690694 0.01 0.01
0 0.441163 0.664812 0.01 0.01
0 0.430574 0.577753 0.01 0.01
0 0.371677 0.556577 0.01 0.01
0 0.359104 0.427165 0.01 0.01
0 0.362413 0.334224 0.01 0.01
0 0.329986 0.282459 0.01 0.01
0 0.398148 0.355400 0.01 0.01
0 0.416677 0.321283 0.01 0.01
0 0.418663 0.240106 0.01 0.01
0 0.367707 0.107165 0.01 0.01
0 0.457045 0.101283 0.01 0.01
0 0.465648 0.091871 0.01 0.01
0 0.515942 0.104812 0.01 0.01
0 0.526530 0.175400 0.01 0.01
0 0.495427 0.162459 0.01 0.01
0 0.478222 0.198930 0.01 0.01
0 0.508001 0.247165 0.01 0.01
0 0.500722 0.289518 0.01 0.01
0 0.513957 0.310694 0.01 0.01
0 0.571530 0.318930 0.01 0.01
0 0.578148 0.327165 0.01 0.01
0 0.592045 0.225989 0.01 0.01
0 0.582119 0.216577 0.01 0.01
0 0.608589 0.214224 0.01 0.01
0 0.474251 0.355400 0.01 0.01
0 0.470942 0.376577 0.01 0.01
0 0.445133 0.411871 0.01 0.01
0 0.421971 0.394224 0.01 0.01
0 0.479545 0.467165 0.01 0.01
0 0.539104 0.417753 0.01 0.01
0 0.542413 0.508341 0.01 0.01
0 0.489472 0.533047 0.01 0.01
0 0.478883 0.522459 0.01 0.01
0 0.463001 0.545989 0.01 0.01
0 0.467633 0.577753 0.01 0.01
