0 0.266457 0.078930 0.01 0.01
0 0.269766 0.044812 0.01 0.01
0 0.253883 0.054224 0.01 0.01
0 0.247927 0.068342 0.01 0.01
0 0.247927 0.047165 0.01 0.01
0 0.244619 0.041283 0.01 0.01
0 0.236016 0.036577 0.01 0.01
0 0.223442 0.049518 0.01 0.01
0 0.221457 0.055400 0.01 0.01
0 0.216163 0.063636 0.01 0.01
0 0.191016 0.017753 0.01 0.01
0 0.149986 0.064812 0.01 0.01
0 0.200942 0.054224 0.01 0.01
0 0.204251 0.058930 0.01 0.01
0 0.210207 0.068342 0.01 0.01
0 0.212192 0.077753 0.01 0.01
0 0.206898 0.082459 0.01 0.01
0 0.198295 0.077753 0.01 0.01
0 0.189030 0.070694 0.01 0.01
0 0.175795 0.085989 0.01 0.01
0 0.196972 0.095400 0.01 0.01
0 0.196972 0.110694 0.01 0.01
0 0.206898 0.117753 0.01 0.01
0 0.217486 0.128342 0.01 0.01
0 0.174472 0.136577 0.01 0.01
0 0.162560 0.122459 0.01 0.01
0 0.331310 0.061283 0.01 0.01
0 0.337266 0.038930 0.01 0.01
0 0.352486 0.048342 0.01 0.01
0 0.367045 0.047165 0.01 0.01
0 0.394839 0.041283 0.01 0.01
0 0.437192 0.030694 0.01 0.01
0 0.417339 0.056577 0.01 0.01
0 0.421310 0.051871 0.01 0.01
0 0.439839 0.050694 0.01 0.01
0 0.486163 0.036577 0.01 0.01
0 0.513957 0.043636 0.01 0.01
0 0.523221 0.043636 0.01 0.01
0 0.550354 0.045989 0.01 0.01
0 0.566898 0.074224 0.01 0.01
0 0.589398 0.048342 0.01 0.01
0 0.586089 0.058930 0.01 0.01
0 0.465648 0.091871 0.01 0.01
0 0.457707 0.098930 0.01 0.01
0 0.601310 0.075400 0.01 0.01
0 0.513957 0.107165 0.01 0.01
0 0.565574 0.133047 0.01 0.01
0 0.615207 0.130694 0.01 0.01
0 0.649619 0.047165 0.01 0.01
0 0.656898 0.043636 0.01 0.01
0 0.667486 0.047165 0.01 0.01
0 0.665501 0.074224 0.01 0.01
0 0.677413 0.045989 0.01 0.01
0 0.681383 0.048342 0.01 0.01
0 0.693295 0.050694 0.01 0.01
0 0.701236 0.054224 0.01 0.01
0 0.710501 0.043636 0.01 0.01
0 0.715795 0.049518 0.01 0.01
0 0.721089 0.048342 0.01 0.01
0 0.723074 0.056577 0.01 0.01
0 0.694619 0.093047 0.01 0.01
0 0.695942 0.117753 0.01 0.01
0 0.746898 0.043636 0.01 0.01
0 0.761457 0.050694 0.01 0.01
0 0.768736 0.057753 0.01 0.01
0 0.776677 0.057753 0.01 0.01
0 0.802486 0.063636 0.01 0.01
0 0.809104 0.069518 0.01 0.01
0 0.831604 0.057753 0.01 0.01
0 0.827633 0.077753 0.01 0.01
0 0.814398 0.087165 0.01 0.01
0 0.819692 0.102459 0.01 0.01
0 0.821677 0.111871 0.01 0.01
0 0.828295 0.145989 0.01 0.01
0 0.830280 0.154224 0.01 0.01
0 0.828957 0.161283 0.01 0.01
0 0.809766 0.171871 0.01 0.01
0 0.853442 0.229518 0.01 0.01
0 0.822339 0.276577 0.01 0.01
0 0.827633 0.345989 0.01 0.01
0 0.850133 0.449518 0.01 0.01
0 0.854766 0.456577 0.01 0.01
0 0.826972 0.477753 0.01 0.01
0 0.824324 0.523636 0.01 0.01
0 0.826972 0.538930 0.01 0.01
0 0.824986 0.555400 0.01 0.01
0 0.828295 0.634224 0.01 0.01
0 0.861383 0.681283 0.01 0.01
0 0.826972 0.703636 0.01 0.01
0 0.832266 0.713047 0.01 0.01
0 0.831604 0.744812 0.01 0.01
0 0.842192 0.774224 0.01 0.01
0 0.848148 0.813047 0.01 0.01
0 0.824324 0.794224 0.01 0.01
0 0.811751 0.785989 0.01 0.01
0 0.773369 0.833047 0.01 0.01
0 0.765427 0.833047 0.01 0.01
0 0.737633 0.830694 0.01 0.01
0 0.714472 0.838930 0.01 0.01
0 0.689986 0.837753 0.01 0.01
0 0.674766 0.817753 0.01 0.01
0 0.756163 0.705989 0.01 0.01
0 0.773369 0.685989 0.01 0.01
0 0.785942 0.569518 0.01 0.01
0 0.794545 0.477753 0.01 0.01
0 0.755501 0.351871 0.01 0.01
0 0.749545 0.265989 0.01 0.01
0 0.646972 0.311871 0.01 0.01
0 0.607266 0.214224 0.01 0.01
0 0.590721 0.229518 0.01 0.01
0 0.582119 0.217753 0.01 0.01
0 0.527192 0.176577 0.01 0.01
0 0.496751 0.163636 0.01 0.01
0 0.477560 0.195400 0.01 0.01
0 0.508663 0.247165 0.01 0.01
0 0.501383 0.290694 0.01 0.01
0 0.513957 0.313047 0.01 0.01
0 0.571530 0.316577 0.01 0.01
0 0.579471 0.329518 0.01 0.01
0 0.650942 0.389518 0.01 0.01
0 0.635722 0.381283 0.01 0.01
0 0.658222 0.438930 0.01 0.01
0 0.604619 0.434224 0.01 0.01
0 0.637045 0.542459 0.01 0.01
0 0.627119 0.660106 0.01 0.01
0 0.602633 0.543636 0.01 0.01
0 0.574839 0.593047 0.01 0.01
0 0.568222 0.649518 0.01 0.01
0 0.573516 0.674224 0.01 0.01
0 0.582780 0.748342 0.01 0.01
0 0.586089 0.774224 0.01 0.01
0 0.571530 0.777753 0.01 0.01
0 0.611236 0.828341 0.01 0.01
0 0.584766 0.829518 0.01 0.01
0 0.476898 0.357753 0.01 0.01
0 0.470942 0.376577 0.01 0.01
0 0.419324 0.241283 0.01 0.01
0 0.418663 0.314224 0.01 0.01
0 0.266457 0.228342 0.01 0.01
0 0.328663 0.282459 0.01 0.01
0 0.355795 0.424812 0.01 0.01
0 0.417339 0.367165 0.01 0.01
0 0.425280 0.394224 0.01 0.01
0 0.447119 0.411871 0.01 0.01
0 0.488810 0.536577 0.01 0.01
0 0.541751 0.509518 0.01 0.01
0 0.478222 0.523636 0.01 0.01
0 0.467633 0.548342 0.01 0.01
0 0.467633 0.580106 0.01 0.01
0 0.506016 0.623636 0.01 0.01
0 0.517927 0.678930 0.01 0.01
0 0.191677 0.203636 0.01 0.01
0 0.216824 0.243636 0.01 0.01
0 0.190354 0.251871 0.01 0.01
0 0.193001 0.265989 0.01 0.01
0 0.189030 0.275400 0.01 0.01
0 0.185060 0.351871 0.01 0.01
0 0.190354 0.374224 0.01 0.01
0 0.173148 0.388342 0.01 0.01
0 0.186383 0.411871 0.01 0.01
0 0.189692 0.458930 0.01 0.01
0 0.190354 0.508341 0.01 0.01
0 0.248589 0.360106 0.01 0.01
0 0.259177 0.423636 0.01 0.01
0 0.265795 0.423636 0.01 0.01
0 0.316751 0.523636 0.01 0.01
0 0.371677 0.558930 0.01 0.01
0 0.430574 0.577753 0.01 0.01
0 0.442486 0.657753 0.01 0.01
0 0.348516 0.598930 0.01 0.01
0 0.247266 0.549518 0.01 0.01
0 0.178442 0.571871 0.01 0.01
0 0.191677 0.570694 0.01 0.01
0 0.155942 0.598930 0.01 0.01
0 0.185722 0.608342 0.01 0.01
0 0.271089 0.598930 0.01 0.01
0 0.284986 0.638930 0.01 0.01
0 0.292266 0.643636 0.01 0.01
0 0.335942 0.673047 0.01 0.01
0 0.326677 0.690694 0.01 0.01
0 0.272413 0.727165 0.01 0.01
0 0.236677 0.696577 0.01 0.01
0 0.190354 0.658930 0.01 0.01
0 0.186383 0.703636 0.01 0.01
0 0.221457 0.758930 0.01 0.01
0 0.136089 0.742459 0.01 0.01
0 0.138736 0.821283 0.01 0.01
0 0.172486 0.845989 0.01 0.01
0 0.183074 0.831871 0.01 0.01
0 0.196972 0.813047 0.01 0.01
0 0.196310 0.784812 0.01 0.01
0 0.185722 0.758930 0.01 0.01
0 0.209545 0.768341 0.01 0.01
0 0.171163 0.769518 0.01 0.01
0 0.220133 0.807165 0.01 0.01
0 0.205574 0.813047 0.01 0.01
0 0.238663 0.823636 0.01 0.01
0 0.228736 0.835400 0.01 0.01
0 0.220795 0.848342 0.01 0.01
0 0.257854 0.822459 0.01 0.01
0 0.262486 0.827165 0.01 0.01
0 0.242633 0.748342 0.01 0.01
0 0.256530 0.731871 0.01 0.01
0 0.304177 0.817753 0.01 0.01
0 0.393516 0.804812 0.01 0.01
0 0.433222 0.781283 0.01 0.01
0 0.425280 0.811871 0.01 0.01
0 0.455060 0.862459 0.01 0.01
0 0.472266 0.827165 0.01 0.01
0 0.492119 0.830694 0.01 0.01
0 0.508663 0.805989 0.01 0.01
0 0.487486 0.770694 0.01 0.01
0 0.813074 0.873047 0.01 0.01
0 0.860721 0.734224 0.01 0.01
0 0.806457 0.815400 0.01 0.01
0 0.817045 0.825989 0.01 0.01
0 0.677413 0.565989 0.01 0.01
0 0.185722 0.240106 0.01 0.01
0 0.331971 0.143636 0.01 0.01
0 0.366383 0.109518 0.01 0.01
