0 0.848148 0.890694 0.01 0.01
0 0.801824 0.920106 0.01 0.01
0 0.801163 0.867165 0.01 0.01
0 0.781310 0.881283 0.01 0.01
0 0.774692 0.876577 0.01 0.01
0 0.780648 0.862459 0.01 0.01
0 0.817707 0.825989 0.01 0.01
0 0.826310 0.816577 0.01 0.01
0 0.831604 0.808341 0.01 0.01
0 0.824986 0.796577 0.01 0.01
0 0.817707 0.791871 0.01 0.01
0 0.832927 0.748342 0.01 0.01
0 0.833589 0.684812 0.01 0.01
0 0.760133 0.753047 0.01 0.01
0 0.719766 0.714224 0.01 0.01
0 0.703883 0.708342 0.01 0.01
0 0.705207 0.654224 0.01 0.01
0 0.746236 0.650694 0.01 0.01
0 0.731016 0.808341 0.01 0.01
0 0.732339 0.869518 0.01 0.01
0 0.702560 0.873047 0.01 0.01
0 0.663516 0.869518 0.01 0.01
0 0.654251 0.867165 0.01 0.01
0 0.628442 0.873047 0.01 0.01
0 0.584104 0.917753 0.01 0.01
0 0.590721 0.871871 0.01 0.01
0 0.584766 0.850694 0.01 0.01
0 0.565574 0.874224 0.01 0.01
0 0.580133 0.787165 0.01 0.01
0 0.626457 0.797753 0.01 0.01
0 0.531824 0.789518 0.01 0.01
0 0.580795 0.714224 0.01 0.01
0 0.568222 0.669518 0.01 0.01
0 0.578148 0.631871 0.01 0.01
0 0.614545 0.598930 0.01 0.01
0 0.610574 0.543636 0.01 0.01
0 0.610574 0.488342 0.01 0.01
0 0.615869 0.464812 0.01 0.01
0 0.608589 0.437753 0.01 0.01
0 0.633736 0.423636 0.01 0.01
0 0.656898 0.500106 0.01 0.01
0 0.683369 0.445989 0.01 0.01
0 0.667486 0.403636 0.01 0.01
0 0.681383 0.348341 0.01 0.01
0 0.688001 0.294224 0.01 0.01
0 0.715133 0.416577 0.01 0.01
0 0.755501 0.481283 0.01 0.01
0 0.753516 0.561283 0.01 0.01
0 0.763442 0.577753 0.01 0.01
0 0.745574 0.540106 0.01 0.01
0 0.817707 0.540106 0.01 0.01
0 0.825648 0.533047 0.01 0.01
0 0.842192 0.594224 0.01 0.01
0 0.863369 0.388342 0.01 0.01
0 0.861383 0.465989 0.01 0.01
0 0.863369 0.621283 0.01 0.01
0 0.829619 0.304812 0.01 0.01
0 0.823001 0.309518 0.01 0.01
0 0.771383 0.261283 0.01 0.01
0 0.828295 0.235400 0.01 0.01
0 0.826972 0.217753 0.01 0.01
0 0.828957 0.204812 0.01 0.01
0 0.842192 0.161283 0.01 0.01
0 0.813074 0.131871 0.01 0.01
0 0.816383 0.120106 0.01 0.01
0 0.820354 0.110694 0.01 0.01
0 0.813074 0.068342 0.01 0.01
0 0.809104 0.113047 0.01 0.01
0 0.783957 0.087165 0.01 0.01
0 0.776016 0.089518 0.01 0.01
0 0.772707 0.077753 0.01 0.01
0 0.770722 0.084812 0.01 0.01
0 0.760795 0.082459 0.01 0.01
0 0.750207 0.075400 0.01 0.01
0 0.750207 0.081283 0.01 0.01
0 0.742927 0.057753 0.01 0.01
0 0.767413 0.108342 0.01 0.01
0 0.748222 0.154224 0.01 0.01
0 0.763442 0.195400 0.01 0.01
0 0.713148 0.151871 0.01 0.01
0 0.680060 0.140106 0.01 0.01
0 0.676751 0.144812 0.01 0.01
0 0.679398 0.178930 0.01 0.01
0 0.686016 0.137753 0.01 0.01
0 0.684692 0.076577 0.01 0.01
0 0.646310 0.089518 0.01 0.01
0 0.628442 0.083636 0.01 0.01
0 0.625795 0.076577 0.01 0.01
0 0.612560 0.088342 0.01 0.01
0 0.600648 0.081283 0.01 0.01
0 0.573516 0.077753 0.01 0.01
0 0.552339 0.082459 0.01 0.01
0 0.540427 0.093047 0.01 0.01
0 0.542413 0.083636 0.01 0.01
0 0.522560 0.067165 0.01 0.01
0 0.495427 0.081283 0.01 0.01
0 0.487486 0.071871 0.01 0.01
0 0.457707 0.083636 0.01 0.01
0 0.447119 0.083636 0.01 0.01
0 0.422633 0.073047 0.01 0.01
0 0.407413 0.083636 0.01 0.01
0 0.489472 0.115400 0.01 0.01
0 0.488810 0.133047 0.01 0.01
0 0.500060 0.195400 0.01 0.01
0 0.467633 0.178930 0.01 0.01
0 0.522560 0.129518 0.01 0.01
0 0.537119 0.169518 0.01 0.01
0 0.616530 0.242459 0.01 0.01
0 0.505354 0.871871 0.01 0.01
0 0.488810 0.834224 0.01 0.01
0 0.482192 0.811871 0.01 0.01
0 0.466971 0.868342 0.01 0.01
0 0.452413 0.860106 0.01 0.01
0 0.435869 0.871871 0.01 0.01
0 0.409398 0.805989 0.01 0.01
0 0.387560 0.777753 0.01 0.01
0 0.433222 0.731871 0.01 0.01
0 0.465648 0.690694 0.01 0.01
0 0.490133 0.710694 0.01 0.01
0 0.521236 0.716577 0.01 0.01
0 0.524545 0.656577 0.01 0.01
0 0.485501 0.640106 0.01 0.01
0 0.490795 0.610694 0.01 0.01
0 0.493442 0.595400 0.01 0.01
0 0.492119 0.575400 0.01 0.01
0 0.492780 0.548342 0.01 0.01
0 0.503369 0.542459 0.01 0.01
0 0.517927 0.493047 0.01 0.01
0 0.560280 0.401283 0.01 0.01
0 0.559619 0.368341 0.01 0.01
0 0.548369 0.342459 0.01 0.01
0 0.539766 0.318930 0.01 0.01
0 0.533810 0.360106 0.01 0.01
0 0.507339 0.360106 0.01 0.01
0 0.495427 0.298930 0.01 0.01
0 0.468295 0.308342 0.01 0.01
0 0.476236 0.350694 0.01 0.01
0 0.473589 0.416577 0.01 0.01
0 0.424619 0.429518 0.01 0.01
0 0.418001 0.422459 0.01 0.01
0 0.433883 0.434224 0.01 0.01
0 0.440501 0.380106 0.01 0.01
0 0.432560 0.317753 0.01 0.01
0 0.437854 0.263636 0.01 0.01
0 0.361089 0.694224 0.01 0.01
0 0.422633 0.638930 0.01 0.01
0 0.397486 0.603636 0.01 0.01
0 0.382927 0.575400 0.01 0.01
0 0.372339 0.513047 0.01 0.01
0 0.314766 0.529518 0.01 0.01
0 0.323369 0.573047 0.01 0.01
0 0.314766 0.594224 0.01 0.01
0 0.307486 0.577753 0.01 0.01
0 0.326677 0.648341 0.01 0.01
0 0.337266 0.681283 0.01 0.01
0 0.289619 0.648341 0.01 0.01
0 0.274398 0.631871 0.01 0.01
0 0.247266 0.595400 0.01 0.01
0 0.165869 0.625989 0.01 0.01
0 0.142045 0.621283 0.01 0.01
0 0.191677 0.628341 0.01 0.01
0 0.189030 0.656577 0.01 0.01
0 0.185722 0.670694 0.01 0.01
0 0.191016 0.664812 0.01 0.01
0 0.202266 0.654224 0.01 0.01
0 0.187707 0.698930 0.01 0.01
0 0.256530 0.744812 0.01 0.01
0 0.259839 0.760106 0.01 0.01
0 0.243295 0.744812 0.01 0.01
0 0.229398 0.764812 0.01 0.01
0 0.225427 0.805989 0.01 0.01
0 0.216163 0.815400 0.01 0.01
0 0.206898 0.842459 0.01 0.01
0 0.192339 0.821283 0.01 0.01
0 0.199619 0.802459 0.01 0.01
0 0.187045 0.789518 0.01 0.01
0 0.190354 0.763636 0.01 0.01
0 0.157266 0.850694 0.01 0.01
0 0.218810 0.861283 0.01 0.01
0 0.227413 0.897753 0.01 0.01
0 0.236016 0.884812 0.01 0.01
0 0.253883 0.929518 0.01 0.01
0 0.253222 0.870694 0.01 0.01
0 0.275721 0.874224 0.01 0.01
0 0.288957 0.871871 0.01 0.01
0 0.300869 0.878930 0.01 0.01
0 0.269104 0.840106 0.01 0.01
0 0.253883 0.821283 0.01 0.01
0 0.243957 0.822459 0.01 0.01
0 0.206236 0.585989 0.01 0.01
0 0.194986 0.583636 0.01 0.01
0 0.187707 0.573047 0.01 0.01
0 0.185722 0.564812 0.01 0.01
0 0.189692 0.564812 0.01 0.01
0 0.197633 0.557753 0.01 0.01
0 0.207560 0.517753 0.01 0.01
0 0.217486 0.481283 0.01 0.01
0 0.234030 0.467165 0.01 0.01
0 0.295574 0.425989 0.01 0.01
0 0.187707 0.477753 0.01 0.01
0 0.185722 0.460106 0.01 0.01
0 0.183074 0.444812 0.01 0.01
0 0.193001 0.436577 0.01 0.01
0 0.193001 0.387165 0.01 0.01
0 0.186383 0.337753 0.01 0.01
0 0.186383 0.324812 0.01 0.01
0 0.189692 0.303636 0.01 0.01
0 0.200280 0.297753 0.01 0.01
0 0.202266 0.317753 0.01 0.01
0 0.235354 0.321283 0.01 0.01
0 0.271089 0.311871 0.01 0.01
0 0.189692 0.229518 0.01 0.01
0 0.189692 0.177753 0.01 0.01
0 0.185060 0.156577 0.01 0.01
0 0.191016 0.135400 0.01 0.01
0 0.194324 0.135400 0.01 0.01
0 0.180427 0.085989 0.01 0.01
0 0.172486 0.065989 0.01 0.01
0 0.187707 0.053047 0.01 0.01
0 0.200280 0.062459 0.01 0.01
0 0.236016 0.055400 0.01 0.01
0 0.254545 0.084812 0.01 0.01
0 0.241310 0.094224 0.01 0.01
0 0.238001 0.084812 0.01 0.01
0 0.234030 0.097753 0.01 0.01
0 0.216824 0.102459 0.01 0.01
0 0.207560 0.107165 0.01 0.01
0 0.219471 0.125989 0.01 0.01
0 0.210869 0.144812 0.01 0.01
0 0.216163 0.170694 0.01 0.01
0 0.247927 0.162459 0.01 0.01
0 0.319398 0.216577 0.01 0.01
0 0.339913 0.175400 0.01 0.01
0 0.327339 0.154224 0.01 0.01
0 0.338589 0.115400 0.01 0.01
0 0.331310 0.108342 0.01 0.01
0 0.361089 0.085989 0.01 0.01
0 0.347854 0.093047 0.01 0.01
0 0.322707 0.087165 0.01 0.01
0 0.318074 0.090694 0.01 0.01
0 0.308810 0.083636 0.01 0.01
0 0.294913 0.082459 0.01 0.01
0 0.290280 0.088342 0.01 0.01
0 0.286972 0.096577 0.01 0.01
0 0.279030 0.088342 0.01 0.01
