0 0.626457 0.944812 0.01 0.01
0 0.581457 0.914224 0.01 0.01
0 0.583442 0.898930 0.01 0.01
0 0.615869 0.897753 0.01 0.01
0 0.662854 0.897753 0.01 0.01
0 0.672780 0.889518 0.01 0.01
0 0.692633 0.897753 0.01 0.01
0 0.727707 0.900106 0.01 0.01
0 0.738957 0.889518 0.01 0.01
0 0.738957 0.904812 0.01 0.01
0 0.803148 0.929518 0.01 0.01
0 0.813736 0.897753 0.01 0.01
0 0.818369 0.860106 0.01 0.01
0 0.828957 0.861283 0.01 0.01
0 0.831604 0.850694 0.01 0.01
0 0.840207 0.811871 0.01 0.01
0 0.840207 0.794224 0.01 0.01
0 0.860721 0.797753 0.01 0.01
0 0.852780 0.744812 0.01 0.01
0 0.843516 0.747165 0.01 0.01
0 0.794545 0.798930 0.01 0.01
0 0.769398 0.797753 0.01 0.01
0 0.747560 0.813047 0.01 0.01
0 0.733001 0.842459 0.01 0.01
0 0.769398 0.756577 0.01 0.01
0 0.740280 0.753047 0.01 0.01
0 0.727045 0.734224 0.01 0.01
0 0.706530 0.725989 0.01 0.01
0 0.711824 0.670694 0.01 0.01
0 0.754177 0.688341 0.01 0.01
0 0.783957 0.711871 0.01 0.01
0 0.811751 0.623636 0.01 0.01
0 0.819692 0.589518 0.01 0.01
0 0.844839 0.598930 0.01 0.01
0 0.871310 0.638930 0.01 0.01
0 0.821016 0.453047 0.01 0.01
0 0.831604 0.425989 0.01 0.01
0 0.831604 0.411871 0.01 0.01
0 0.864692 0.402459 0.01 0.01
0 0.834913 0.321283 0.01 0.01
0 0.869986 0.293047 0.01 0.01
0 0.836236 0.273047 0.01 0.01
0 0.830942 0.262459 0.01 0.01
0 0.799177 0.267165 0.01 0.01
0 0.835574 0.227165 0.01 0.01
0 0.828295 0.173047 0.01 0.01
0 0.850133 0.102459 0.01 0.01
0 0.834913 0.117753 0.01 0.01
0 0.821016 0.128342 0.01 0.01
0 0.811751 0.125989 0.01 0.01
0 0.811089 0.113047 0.01 0.01
0 0.791236 0.107165 0.01 0.01
0 0.783957 0.097753 0.01 0.01
0 0.776016 0.103636 0.01 0.01
0 0.774030 0.090694 0.01 0.01
0 0.755501 0.169518 0.01 0.01
0 0.747560 0.094224 0.01 0.01
0 0.738295 0.098930 0.01 0.01
0 0.731677 0.081283 0.01 0.01
0 0.729692 0.117753 0.01 0.01
0 0.713148 0.101283 0.01 0.01
0 0.695280 0.103636 0.01 0.01
0 0.697927 0.071871 0.01 0.01
0 0.679398 0.096577 0.01 0.01
0 0.662854 0.077753 0.01 0.01
0 0.694619 0.148342 0.01 0.01
0 0.698589 0.175400 0.01 0.01
0 0.689324 0.233047 0.01 0.01
0 0.719766 0.281283 0.01 0.01
0 0.723074 0.417753 0.01 0.01
0 0.679398 0.423636 0.01 0.01
0 0.678736 0.390694 0.01 0.01
0 0.656236 0.311871 0.01 0.01
0 0.644986 0.337753 0.01 0.01
0 0.623148 0.291871 0.01 0.01
0 0.588074 0.331871 0.01 0.01
0 0.540427 0.327165 0.01 0.01
0 0.499398 0.309518 0.01 0.01
0 0.501383 0.398930 0.01 0.01
0 0.527192 0.411871 0.01 0.01
0 0.533810 0.434224 0.01 0.01
0 0.529177 0.454224 0.01 0.01
0 0.491457 0.403636 0.01 0.01
0 0.491457 0.416577 0.01 0.01
0 0.464324 0.373047 0.01 0.01
0 0.476898 0.234224 0.01 0.01
0 0.503369 0.198930 0.01 0.01
0 0.614545 0.229518 0.01 0.01
0 0.627119 0.105989 0.01 0.01
0 0.594692 0.100106 0.01 0.01
0 0.568883 0.162459 0.01 0.01
0 0.551016 0.165989 0.01 0.01
0 0.566236 0.104812 0.01 0.01
0 0.517927 0.102459 0.01 0.01
0 0.510648 0.091871 0.01 0.01
0 0.499398 0.109518 0.01 0.01
0 0.494766 0.137753 0.01 0.01
0 0.480869 0.085989 0.01 0.01
0 0.484839 0.061283 0.01 0.01
0 0.455722 0.090694 0.01 0.01
0 0.438516 0.098930 0.01 0.01
0 0.468957 0.164812 0.01 0.01
0 0.462339 0.198930 0.01 0.01
0 0.452413 0.160106 0.01 0.01
0 0.424619 0.100106 0.01 0.01
0 0.402119 0.115400 0.01 0.01
0 0.392854 0.103636 0.01 0.01
0 0.374986 0.097753 0.01 0.01
0 0.412707 0.222459 0.01 0.01
0 0.425280 0.284812 0.01 0.01
0 0.383589 0.265989 0.01 0.01
0 0.365060 0.216577 0.01 0.01
0 0.371016 0.177753 0.01 0.01
0 0.361089 0.188341 0.01 0.01
0 0.347854 0.185989 0.01 0.01
0 0.340574 0.144812 0.01 0.01
0 0.310795 0.145989 0.01 0.01
0 0.322707 0.096577 0.01 0.01
0 0.315427 0.108342 0.01 0.01
0 0.315427 0.060106 0.01 0.01
0 0.304839 0.075400 0.01 0.01
0 0.298222 0.100106 0.01 0.01
0 0.286972 0.097753 0.01 0.01
0 0.272413 0.107165 0.01 0.01
0 0.273074 0.131871 0.01 0.01
0 0.283663 0.191871 0.01 0.01
0 0.306824 0.235400 0.01 0.01
0 0.306163 0.257753 0.01 0.01
0 0.244619 0.097753 0.01 0.01
0 0.238001 0.088342 0.01 0.01
0 0.239986 0.061283 0.01 0.01
0 0.228736 0.104812 0.01 0.01
0 0.217486 0.123636 0.01 0.01
0 0.210869 0.122459 0.01 0.01
0 0.215501 0.149518 0.01 0.01
0 0.193001 0.155400 0.01 0.01
0 0.198957 0.129518 0.01 0.01
0 0.198295 0.067165 0.01 0.01
0 0.167854 0.098930 0.01 0.01
0 0.192339 0.207165 0.01 0.01
0 0.189692 0.257753 0.01 0.01
0 0.182413 0.270694 0.01 0.01
0 0.190354 0.309518 0.01 0.01
0 0.224766 0.307165 0.01 0.01
0 0.271751 0.302459 0.01 0.01
0 0.212854 0.405989 0.01 0.01
0 0.194324 0.387165 0.01 0.01
0 0.189030 0.374224 0.01 0.01
0 0.187707 0.413047 0.01 0.01
0 0.189030 0.430694 0.01 0.01
0 0.189692 0.448341 0.01 0.01
0 0.184398 0.457753 0.01 0.01
0 0.166530 0.473047 0.01 0.01
0 0.138074 0.497753 0.01 0.01
0 0.192339 0.495400 0.01 0.01
0 0.192339 0.513047 0.01 0.01
0 0.234692 0.481283 0.01 0.01
0 0.191016 0.551871 0.01 0.01
0 0.187707 0.529518 0.01 0.01
0 0.185060 0.605989 0.01 0.01
0 0.191016 0.641283 0.01 0.01
0 0.186383 0.655400 0.01 0.01
0 0.190354 0.688341 0.01 0.01
0 0.220133 0.634224 0.01 0.01
0 0.250574 0.609518 0.01 0.01
0 0.306824 0.523636 0.01 0.01
0 0.330648 0.421283 0.01 0.01
0 0.319398 0.556577 0.01 0.01
0 0.335942 0.523636 0.01 0.01
0 0.404766 0.469518 0.01 0.01
0 0.433883 0.485989 0.01 0.01
0 0.461016 0.530694 0.01 0.01
0 0.487486 0.556577 0.01 0.01
0 0.484177 0.590694 0.01 0.01
0 0.506677 0.557753 0.01 0.01
0 0.513957 0.609518 0.01 0.01
0 0.525869 0.609518 0.01 0.01
0 0.522560 0.542459 0.01 0.01
0 0.445133 0.635400 0.01 0.01
0 0.420648 0.645989 0.01 0.01
0 0.397486 0.618930 0.01 0.01
0 0.391530 0.588342 0.01 0.01
0 0.327339 0.601283 0.01 0.01
0 0.315427 0.607165 0.01 0.01
0 0.325354 0.661283 0.01 0.01
0 0.302192 0.685989 0.01 0.01
0 0.338589 0.724812 0.01 0.01
0 0.289619 0.753047 0.01 0.01
0 0.226751 0.744812 0.01 0.01
0 0.226751 0.783636 0.01 0.01
0 0.191677 0.764812 0.01 0.01
0 0.184398 0.742459 0.01 0.01
0 0.187707 0.730694 0.01 0.01
0 0.173148 0.794224 0.01 0.01
0 0.189030 0.820106 0.01 0.01
0 0.194324 0.829518 0.01 0.01
0 0.193663 0.837753 0.01 0.01
0 0.213516 0.838930 0.01 0.01
0 0.212192 0.822459 0.01 0.01
0 0.199619 0.856577 0.01 0.01
0 0.204251 0.871871 0.01 0.01
0 0.185060 0.868342 0.01 0.01
0 0.183074 0.858930 0.01 0.01
0 0.173148 0.858930 0.01 0.01
0 0.219471 0.878930 0.01 0.01
0 0.230722 0.889518 0.01 0.01
0 0.214177 0.923636 0.01 0.01
0 0.270427 0.918930 0.01 0.01
0 0.281677 0.893047 0.01 0.01
0 0.289619 0.890694 0.01 0.01
0 0.284324 0.854224 0.01 0.01
0 0.337266 0.945989 0.01 0.01
0 0.357780 0.891871 0.01 0.01
0 0.411383 0.896577 0.01 0.01
0 0.400795 0.855400 0.01 0.01
0 0.384251 0.904812 0.01 0.01
0 0.449766 0.889518 0.01 0.01
0 0.469619 0.860106 0.01 0.01
0 0.515942 0.857753 0.01 0.01
0 0.510648 0.778930 0.01 0.01
0 0.406751 0.734224 0.01 0.01
0 0.419324 0.736577 0.01 0.01
0 0.430574 0.730694 0.01 0.01
0 0.482854 0.718930 0.01 0.01
0 0.489472 0.730694 0.01 0.01
0 0.484839 0.688341 0.01 0.01
0 0.509986 0.697753 0.01 0.01
0 0.502707 0.661283 0.01 0.01
0 0.530501 0.695400 0.01 0.01
0 0.568222 0.687165 0.01 0.01
0 0.584766 0.731871 0.01 0.01
0 0.582119 0.622459 0.01 0.01
0 0.562266 0.604812 0.01 0.01
0 0.577486 0.573047 0.01 0.01
0 0.596677 0.584812 0.01 0.01
0 0.629766 0.647165 0.01 0.01
0 0.643001 0.620106 0.01 0.01
0 0.651604 0.615400 0.01 0.01
0 0.668148 0.570694 0.01 0.01
0 0.658883 0.521283 0.01 0.01
0 0.652927 0.495400 0.01 0.01
0 0.641677 0.444812 0.01 0.01
