0 0.225781 0.036111 0.01 0.01
0 0.239063 0.104167 0.01 0.01
0 0.244531 0.112500 0.01 0.01
0 0.227344 0.136111 0.01 0.01
0 0.220313 0.148611 0.01 0.01
0 0.221094 0.179167 0.01 0.01
0 0.276563 0.145833 0.01 0.01
0 0.311719 0.086111 0.01 0.01
0 0.376563 0.183333 0.01 0.01
0 0.401563 0.136111 0.01 0.01
0 0.421094 0.116667 0.01 0.01
0 0.283594 0.322222 0.01 0.01
0 0.378125 0.234722 0.01 0.01
0 0.399219 0.448611 0.01 0.01
0 0.471094 0.168056 0.01 0.01
0 0.489844 0.166667 0.01 0.01
0 0.499219 0.222222 0.01 0.01
0 0.520312 0.236111 0.01 0.01
0 0.521094 0.212500 0.01 0.01
0 0.550000 0.158333 0.01 0.01
0 0.530469 0.090278 0.01 0.01
0 0.585938 0.093056 0.01 0.01
0 0.582031 0.222222 0.01 0.01
0 0.601562 0.206944 0.01 0.01
0 0.596094 0.250000 0.01 0.01
0 0.650000 0.118056 0.01 0.01
0 0.679688 0.184722 0.01 0.01
0 0.740625 0.097222 0.01 0.01
0 0.803125 0.094444 0.01 0.01
0 0.814062 0.102778 0.01 0.01
0 0.827344 0.106944 0.01 0.01
0 0.854688 0.118056 0.01 0.01
0 0.846094 0.125000 0.01 0.01
0 0.861719 0.144444 0.01 0.01
0 0.864062 0.191667 0.01 0.01
0 0.871094 0.194444 0.01 0.01
0 0.868750 0.451389 0.01 0.01
0 0.827344 0.333333 0.01 0.01
0 0.854688 0.270833 0.01 0.01
0 0.876562 0.236111 0.01 0.01
0 0.847656 0.198611 0.01 0.01
0 0.803125 0.247222 0.01 0.01
0 0.648438 0.433333 0.01 0.01
0 0.636719 0.415278 0.01 0.01
0 0.589063 0.463889 0.01 0.01
0 0.531250 0.470833 0.01 0.01
0 0.769531 0.497222 0.01 0.01
0 0.816406 0.552778 0.01 0.01
0 0.861719 0.597222 0.01 0.01
0 0.874219 0.648611 0.01 0.01
0 0.860156 0.701389 0.01 0.01
0 0.894531 0.854167 0.01 0.01
0 0.882031 0.922222 0.01 0.01
0 0.852344 0.833333 0.01 0.01
0 0.850000 0.862500 0.01 0.01
0 0.834375 0.844444 0.01 0.01
0 0.782812 0.923611 0.01 0.01
0 0.772656 0.901389 0.01 0.01
0 0.758594 0.912500 0.01 0.01
0 0.740625 0.897222 0.01 0.01
0 0.726562 0.897222 0.01 0.01
0 0.715625 0.870833 0.01 0.01
0 0.738281 0.856944 0.01 0.01
0 0.763281 0.797222 0.01 0.01
0 0.771875 0.775000 0.01 0.01
0 0.747656 0.766667 0.01 0.01
0 0.748438 0.733333 0.01 0.01
0 0.760156 0.581944 0.01 0.01
0 0.732031 0.623611 0.01 0.01
0 0.707812 0.648611 0.01 0.01
0 0.682813 0.647222 0.01 0.01
0 0.627344 0.698611 0.01 0.01
0 0.638281 0.779167 0.01 0.01
0 0.620313 0.881944 0.01 0.01
0 0.568750 0.847222 0.01 0.01
0 0.560156 0.881944 0.01 0.01
0 0.541406 0.884722 0.01 0.01
0 0.585938 0.720833 0.01 0.01
0 0.607031 0.659722 0.01 0.01
0 0.611719 0.640278 0.01 0.01
0 0.573438 0.655556 0.01 0.01
0 0.563281 0.620833 0.01 0.01
0 0.589063 0.558333 0.01 0.01
0 0.261719 0.618056 0.01 0.01
0 0.360156 0.588889 0.01 0.01
0 0.520312 0.751389 0.01 0.01
0 0.526563 0.640278 0.01 0.01
0 0.482812 0.551389 0.01 0.01
0 0.476562 0.575000 0.01 0.01
0 0.445312 0.590278 0.01 0.01
0 0.442969 0.644444 0.01 0.01
0 0.381250 0.695833 0.01 0.01
0 0.364844 0.801389 0.01 0.01
0 0.334375 0.770833 0.01 0.01
0 0.339844 0.758333 0.01 0.01
0 0.335156 0.704167 0.01 0.01
0 0.308594 0.744444 0.01 0.01
0 0.296094 0.744444 0.01 0.01
0 0.246875 0.722222 0.01 0.01
0 0.213281 0.662500 0.01 0.01
0 0.206250 0.673611 0.01 0.01
0 0.187500 0.856944 0.01 0.01
0 0.217969 0.804167 0.01 0.01
0 0.227344 0.843056 0.01 0.01
0 0.210156 0.754167 0.01 0.01
0 0.209375 0.765278 0.01 0.01
0 0.203906 0.750000 0.01 0.01
0 0.221094 0.722222 0.01 0.01
0 0.254687 0.879167 0.01 0.01
0 0.264844 0.868056 0.01 0.01
0 0.285937 0.872222 0.01 0.01
0 0.298438 0.859722 0.01 0.01
0 0.325781 0.831944 0.01 0.01
0 0.360156 0.873611 0.01 0.01
0 0.372656 0.872222 0.01 0.01
0 0.399219 0.890278 0.01 0.01
0 0.434375 0.877778 0.01 0.01
0 0.458594 0.868056 0.01 0.01
0 0.482031 0.797222 0.01 0.01
