0 0.800781 0.056944 0.01 0.01
0 0.792188 0.073611 0.01 0.01
0 0.793750 0.086111 0.01 0.01
0 0.781250 0.102778 0.01 0.01
0 0.769531 0.066667 0.01 0.01
0 0.764844 0.058333 0.01 0.01
0 0.757031 0.062500 0.01 0.01
0 0.757031 0.075000 0.01 0.01
0 0.736719 0.058333 0.01 0.01
0 0.732031 0.069444 0.01 0.01
0 0.721094 0.062500 0.01 0.01
0 0.690625 0.083333 0.01 0.01
0 0.713281 0.098611 0.01 0.01
0 0.674219 0.131944 0.01 0.01
0 0.655469 0.063889 0.01 0.01
0 0.648438 0.050000 0.01 0.01
0 0.612500 0.094444 0.01 0.01
0 0.601562 0.066667 0.01 0.01
0 0.595312 0.068056 0.01 0.01
0 0.593750 0.061111 0.01 0.01
0 0.584375 0.066667 0.01 0.01
0 0.578125 0.059722 0.01 0.01
0 0.578906 0.086111 0.01 0.01
0 0.506250 0.070833 0.01 0.01
0 0.510938 0.048611 0.01 0.01
0 0.456250 0.036111 0.01 0.01
0 0.447656 0.058333 0.01 0.01
0 0.426562 0.058333 0.01 0.01
0 0.423438 0.047222 0.01 0.01
0 0.394531 0.059722 0.01 0.01
0 0.382031 0.058333 0.01 0.01
0 0.372656 0.063889 0.01 0.01
0 0.339844 0.076389 0.01 0.01
0 0.330469 0.041667 0.01 0.01
0 0.313281 0.063889 0.01 0.01
0 0.300781 0.106944 0.01 0.01
0 0.307813 0.227778 0.01 0.01
0 0.372656 0.266667 0.01 0.01
0 0.428906 0.220833 0.01 0.01
0 0.482031 0.187500 0.01 0.01
0 0.498437 0.194444 0.01 0.01
0 0.492969 0.172222 0.01 0.01
0 0.462500 0.154167 0.01 0.01
0 0.471875 0.145833 0.01 0.01
0 0.482031 0.102778 0.01 0.01
0 0.506250 0.101389 0.01 0.01
0 0.546875 0.191667 0.01 0.01
0 0.581250 0.186111 0.01 0.01
0 0.615625 0.187500 0.01 0.01
0 0.594531 0.234722 0.01 0.01
0 0.540625 0.247222 0.01 0.01
0 0.524219 0.240278 0.01 0.01
0 0.517187 0.318056 0.01 0.01
0 0.534375 0.323611 0.01 0.01
0 0.565625 0.350000 0.01 0.01
0 0.581250 0.338889 0.01 0.01
0 0.576563 0.313889 0.01 0.01
0 0.679688 0.216667 0.01 0.01
0 0.681250 0.340278 0.01 0.01
0 0.742969 0.345833 0.01 0.01
0 0.757031 0.300000 0.01 0.01
0 0.814062 0.287500 0.01 0.01
0 0.817187 0.265278 0.01 0.01
0 0.819531 0.230556 0.01 0.01
0 0.811719 0.195833 0.01 0.01
0 0.814844 0.173611 0.01 0.01
0 0.817969 0.156944 0.01 0.01
0 0.826563 0.150000 0.01 0.01
0 0.823438 0.172222 0.01 0.01
0 0.817187 0.130556 0.01 0.01
0 0.808594 0.106944 0.01 0.01
0 0.820312 0.383333 0.01 0.01
0 0.854688 0.493056 0.01 0.01
0 0.852344 0.547222 0.01 0.01
0 0.852344 0.562500 0.01 0.01
0 0.821094 0.569444 0.01 0.01
0 0.806250 0.544444 0.01 0.01
0 0.807813 0.518056 0.01 0.01
0 0.812500 0.508333 0.01 0.01
0 0.811719 0.461111 0.01 0.01
0 0.746875 0.512500 0.01 0.01
0 0.732813 0.559722 0.01 0.01
0 0.675781 0.448611 0.01 0.01
0 0.648438 0.483333 0.01 0.01
0 0.612500 0.497222 0.01 0.01
0 0.612500 0.525000 0.01 0.01
0 0.551562 0.456944 0.01 0.01
0 0.559375 0.438889 0.01 0.01
0 0.627344 0.397222 0.01 0.01
0 0.653906 0.373611 0.01 0.01
0 0.486719 0.515278 0.01 0.01
0 0.482812 0.543056 0.01 0.01
0 0.473437 0.498611 0.01 0.01
0 0.448438 0.481944 0.01 0.01
0 0.426562 0.391667 0.01 0.01
0 0.466406 0.388889 0.01 0.01
0 0.456250 0.325000 0.01 0.01
0 0.432813 0.337500 0.01 0.01
0 0.354688 0.418056 0.01 0.01
0 0.380469 0.548611 0.01 0.01
0 0.389844 0.573611 0.01 0.01
0 0.382812 0.573611 0.01 0.01
0 0.396875 0.604167 0.01 0.01
0 0.460156 0.594444 0.01 0.01
0 0.488281 0.620833 0.01 0.01
0 0.533594 0.627778 0.01 0.01
0 0.560938 0.651389 0.01 0.01
0 0.571094 0.604167 0.01 0.01
0 0.696875 0.690278 0.01 0.01
0 0.693750 0.681944 0.01 0.01
0 0.696094 0.625000 0.01 0.01
0 0.736719 0.620833 0.01 0.01
0 0.784375 0.631944 0.01 0.01
0 0.753906 0.712500 0.01 0.01
0 0.800781 0.704167 0.01 0.01
0 0.836719 0.734722 0.01 0.01
0 0.825781 0.748611 0.01 0.01
0 0.824219 0.758333 0.01 0.01
0 0.821094 0.754167 0.01 0.01
0 0.818750 0.773611 0.01 0.01
0 0.817187 0.800000 0.01 0.01
0 0.844531 0.818056 0.01 0.01
0 0.769531 0.838889 0.01 0.01
0 0.753906 0.844444 0.01 0.01
0 0.754687 0.800000 0.01 0.01
0 0.718750 0.780556 0.01 0.01
0 0.727344 0.851389 0.01 0.01
0 0.679688 0.884722 0.01 0.01
0 0.654688 0.847222 0.01 0.01
0 0.642969 0.847222 0.01 0.01
0 0.632812 0.837500 0.01 0.01
0 0.581250 0.843056 0.01 0.01
0 0.607813 0.888889 0.01 0.01
0 0.560156 0.873611 0.01 0.01
0 0.521094 0.844444 0.01 0.01
0 0.539062 0.770833 0.01 0.01
0 0.580469 0.759722 0.01 0.01
0 0.569531 0.683333 0.01 0.01
0 0.498437 0.672222 0.01 0.01
0 0.494531 0.677778 0.01 0.01
0 0.474219 0.737500 0.01 0.01
0 0.471094 0.773611 0.01 0.01
0 0.478906 0.855556 0.01 0.01
0 0.448438 0.843056 0.01 0.01
0 0.439063 0.837500 0.01 0.01
0 0.410937 0.841667 0.01 0.01
0 0.368750 0.850000 0.01 0.01
0 0.326562 0.848611 0.01 0.01
0 0.324219 0.831944 0.01 0.01
0 0.393750 0.731944 0.01 0.01
0 0.400781 0.665278 0.01 0.01
0 0.417188 0.683333 0.01 0.01
0 0.451562 0.668056 0.01 0.01
0 0.459375 0.705556 0.01 0.01
0 0.359375 0.586111 0.01 0.01
0 0.328125 0.583333 0.01 0.01
0 0.311719 0.541667 0.01 0.01
0 0.323438 0.630556 0.01 0.01
0 0.279687 0.613889 0.01 0.01
0 0.271094 0.594444 0.01 0.01
0 0.241406 0.563889 0.01 0.01
0 0.241406 0.605556 0.01 0.01
0 0.233594 0.706944 0.01 0.01
0 0.238281 0.706944 0.01 0.01
0 0.250000 0.733333 0.01 0.01
0 0.246875 0.748611 0.01 0.01
0 0.242188 0.772222 0.01 0.01
0 0.275000 0.751389 0.01 0.01
0 0.281250 0.843056 0.01 0.01
0 0.267969 0.841667 0.01 0.01
0 0.258594 0.843056 0.01 0.01
0 0.246875 0.844444 0.01 0.01
0 0.233594 0.844444 0.01 0.01
0 0.221875 0.852778 0.01 0.01
0 0.207813 0.897222 0.01 0.01
0 0.162500 0.852778 0.01 0.01
0 0.214062 0.829167 0.01 0.01
0 0.196875 0.813889 0.01 0.01
0 0.171875 0.800000 0.01 0.01
0 0.184375 0.787500 0.01 0.01
0 0.202344 0.761111 0.01 0.01
0 0.217187 0.773611 0.01 0.01
0 0.174219 0.761111 0.01 0.01
0 0.175781 0.747222 0.01 0.01
0 0.181250 0.718056 0.01 0.01
0 0.180469 0.690278 0.01 0.01
0 0.179688 0.677778 0.01 0.01
0 0.178906 0.648611 0.01 0.01
0 0.174219 0.651389 0.01 0.01
0 0.175781 0.623611 0.01 0.01
0 0.133594 0.645833 0.01 0.01
0 0.182031 0.587500 0.01 0.01
0 0.182031 0.568056 0.01 0.01
0 0.182031 0.559722 0.01 0.01
0 0.181250 0.525000 0.01 0.01
0 0.144531 0.498611 0.01 0.01
0 0.182812 0.451389 0.01 0.01
0 0.173438 0.431944 0.01 0.01
0 0.184375 0.387500 0.01 0.01
0 0.203906 0.433333 0.01 0.01
0 0.235938 0.409722 0.01 0.01
0 0.220313 0.466667 0.01 0.01
0 0.225000 0.504167 0.01 0.01
0 0.283594 0.456944 0.01 0.01
0 0.239063 0.384722 0.01 0.01
0 0.182031 0.300000 0.01 0.01
0 0.183594 0.291667 0.01 0.01
0 0.185156 0.268056 0.01 0.01
0 0.174219 0.261111 0.01 0.01
0 0.181250 0.233333 0.01 0.01
0 0.201562 0.261111 0.01 0.01
0 0.228906 0.238889 0.01 0.01
0 0.242188 0.229167 0.01 0.01
0 0.218750 0.137500 0.01 0.01
0 0.211719 0.141667 0.01 0.01
0 0.183594 0.172222 0.01 0.01
0 0.186719 0.127778 0.01 0.01
0 0.183594 0.120833 0.01 0.01
0 0.189844 0.111111 0.01 0.01
0 0.192969 0.102778 0.01 0.01
0 0.189063 0.091667 0.01 0.01
0 0.153906 0.073611 0.01 0.01
0 0.153125 0.050000 0.01 0.01
0 0.171094 0.048611 0.01 0.01
0 0.196875 0.047222 0.01 0.01
0 0.192969 0.033333 0.01 0.01
0 0.209375 0.070833 0.01 0.01
0 0.234375 0.069444 0.01 0.01
0 0.231250 0.054167 0.01 0.01
0 0.235156 0.055556 0.01 0.01
0 0.238281 0.062500 0.01 0.01
0 0.240625 0.058333 0.01 0.01
0 0.246875 0.048611 0.01 0.01
0 0.253125 0.055556 0.01 0.01
0 0.267188 0.058333 0.01 0.01
0 0.275000 0.052778 0.01 0.01
0 0.272656 0.070833 0.01 0.01
