0 0.850781 0.134722 0.01 0.01
0 0.785937 0.102778 0.01 0.01
0 0.787500 0.069444 0.01 0.01
0 0.710156 0.176389 0.01 0.01
0 0.629687 0.079167 0.01 0.01
0 0.611719 0.081944 0.01 0.01
0 0.505469 0.158333 0.01 0.01
0 0.608594 0.169444 0.01 0.01
0 0.836719 0.229167 0.01 0.01
0 0.727344 0.436111 0.01 0.01
0 0.737500 0.458333 0.01 0.01
0 0.842188 0.536111 0.01 0.01
0 0.633594 0.548611 0.01 0.01
0 0.856250 0.625000 0.01 0.01
0 0.850781 0.808333 0.01 0.01
0 0.842188 0.865278 0.01 0.01
0 0.770312 0.833333 0.01 0.01
0 0.498437 0.658333 0.01 0.01
0 0.544531 0.837500 0.01 0.01
0 0.524219 0.947222 0.01 0.01
0 0.467969 0.877778 0.01 0.01
0 0.380469 0.747222 0.01 0.01
0 0.214062 0.677778 0.01 0.01
0 0.371875 0.543056 0.01 0.01
0 0.428125 0.534722 0.01 0.01
0 0.396094 0.375000 0.01 0.01
0 0.290625 0.181944 0.01 0.01
0 0.257031 0.036111 0.01 0.01
