0 0.846824 0.829518 0.01 0.01
0 0.815722 0.820106 0.01 0.01
0 0.817045 0.797753 0.01 0.01
0 0.819692 0.776577 0.01 0.01
0 0.824986 0.781283 0.01 0.01
0 0.825648 0.765989 0.01 0.01
0 0.822339 0.757753 0.01 0.01
0 0.830280 0.734224 0.01 0.01
0 0.800501 0.714224 0.01 0.01
0 0.754839 0.717753 0.01 0.01
0 0.771383 0.838930 0.01 0.01
0 0.746236 0.853047 0.01 0.01
0 0.739619 0.855400 0.01 0.01
0 0.733001 0.856577 0.01 0.01
0 0.719104 0.885989 0.01 0.01
0 0.719104 0.837753 0.01 0.01
0 0.719766 0.789518 0.01 0.01
0 0.652266 0.842459 0.01 0.01
0 0.641016 0.851871 0.01 0.01
0 0.621824 0.847165 0.01 0.01
0 0.586751 0.850694 0.01 0.01
0 0.584104 0.888342 0.01 0.01
0 0.565574 0.894224 0.01 0.01
0 0.538442 0.855400 0.01 0.01
0 0.531824 0.780106 0.01 0.01
0 0.584766 0.769518 0.01 0.01
0 0.535795 0.725989 0.01 0.01
0 0.573516 0.694224 0.01 0.01
0 0.563589 0.656577 0.01 0.01
0 0.571530 0.608342 0.01 0.01
0 0.734324 0.964812 0.01 0.01
0 0.854104 0.593047 0.01 0.01
0 0.825648 0.567165 0.01 0.01
0 0.809104 0.548342 0.01 0.01
0 0.808442 0.523636 0.01 0.01
0 0.813736 0.521283 0.01 0.01
0 0.854104 0.516577 0.01 0.01
0 0.855427 0.447165 0.01 0.01
0 0.754839 0.537753 0.01 0.01
0 0.738957 0.623636 0.01 0.01
0 0.702560 0.689518 0.01 0.01
0 0.695280 0.687165 0.01 0.01
0 0.699251 0.630694 0.01 0.01
0 0.608589 0.543636 0.01 0.01
0 0.610574 0.511871 0.01 0.01
0 0.577486 0.463636 0.01 0.01
0 0.552339 0.461283 0.01 0.01
0 0.648295 0.478930 0.01 0.01
0 0.671457 0.445989 0.01 0.01
0 0.709839 0.465989 0.01 0.01
0 0.750869 0.411871 0.01 0.01
0 0.767413 0.398930 0.01 0.01
0 0.768736 0.454224 0.01 0.01
0 0.819692 0.350694 0.01 0.01
0 0.815060 0.289518 0.01 0.01
0 0.801163 0.264812 0.01 0.01
0 0.789913 0.273047 0.01 0.01
0 0.821016 0.224812 0.01 0.01
0 0.821677 0.209518 0.01 0.01
0 0.813736 0.204812 0.01 0.01
0 0.819692 0.168342 0.01 0.01
0 0.821677 0.151871 0.01 0.01
0 0.827633 0.148342 0.01 0.01
0 0.817707 0.123636 0.01 0.01
0 0.799177 0.128342 0.01 0.01
0 0.798516 0.083636 0.01 0.01
0 0.797854 0.071871 0.01 0.01
0 0.802486 0.060106 0.01 0.01
0 0.790574 0.078930 0.01 0.01
0 0.776016 0.082459 0.01 0.01
0 0.768736 0.073047 0.01 0.01
0 0.765427 0.055400 0.01 0.01
0 0.760133 0.060106 0.01 0.01
0 0.752192 0.068342 0.01 0.01
0 0.748883 0.068342 0.01 0.01
0 0.730354 0.067165 0.01 0.01
0 0.749545 0.035400 0.01 0.01
0 0.722413 0.070694 0.01 0.01
0 0.719104 0.047165 0.01 0.01
0 0.732339 0.133047 0.01 0.01
0 0.682045 0.114224 0.01 0.01
0 0.677413 0.118930 0.01 0.01
0 0.656898 0.067165 0.01 0.01
0 0.641016 0.060106 0.01 0.01
0 0.636383 0.083636 0.01 0.01
0 0.625795 0.069518 0.01 0.01
0 0.599324 0.073047 0.01 0.01
0 0.593369 0.069518 0.01 0.01
0 0.584766 0.070694 0.01 0.01
0 0.576824 0.067165 0.01 0.01
0 0.572192 0.062459 0.01 0.01
0 0.564913 0.069518 0.01 0.01
0 0.653589 0.230694 0.01 0.01
0 0.674104 0.327165 0.01 0.01
0 0.653589 0.378930 0.01 0.01
0 0.628442 0.403636 0.01 0.01
0 0.607266 0.368341 0.01 0.01
0 0.609913 0.307165 0.01 0.01
0 0.560280 0.367165 0.01 0.01
0 0.524545 0.336577 0.01 0.01
0 0.535795 0.317753 0.01 0.01
0 0.509324 0.285989 0.01 0.01
0 0.568222 0.298930 0.01 0.01
0 0.595354 0.233047 0.01 0.01
0 0.546383 0.235400 0.01 0.01
0 0.531163 0.204812 0.01 0.01
0 0.483516 0.224812 0.01 0.01
0 0.493442 0.176577 0.01 0.01
0 0.485501 0.161283 0.01 0.01
0 0.466971 0.164812 0.01 0.01
0 0.457707 0.171871 0.01 0.01
0 0.482192 0.108342 0.01 0.01
0 0.508001 0.098930 0.01 0.01
0 0.513957 0.047165 0.01 0.01
0 0.476236 0.055400 0.01 0.01
0 0.460354 0.069518 0.01 0.01
0 0.441163 0.070694 0.01 0.01
0 0.443148 0.044812 0.01 0.01
0 0.420648 0.050694 0.01 0.01
0 0.392854 0.062459 0.01 0.01
0 0.353810 0.089518 0.01 0.01
0 0.328663 0.091871 0.01 0.01
0 0.334619 0.057753 0.01 0.01
0 0.305501 0.069518 0.01 0.01
0 0.298883 0.107165 0.01 0.01
0 0.281016 0.061283 0.01 0.01
0 0.270427 0.073047 0.01 0.01
0 0.271751 0.053047 0.01 0.01
0 0.263148 0.067165 0.01 0.01
0 0.261163 0.057753 0.01 0.01
0 0.253883 0.058930 0.01 0.01
0 0.245942 0.063636 0.01 0.01
0 0.235354 0.067165 0.01 0.01
0 0.230060 0.062459 0.01 0.01
0 0.230060 0.076577 0.01 0.01
0 0.217486 0.082459 0.01 0.01
0 0.209545 0.078930 0.01 0.01
0 0.194986 0.049518 0.01 0.01
0 0.164545 0.055400 0.01 0.01
0 0.156604 0.053047 0.01 0.01
0 0.151310 0.070694 0.01 0.01
0 0.187707 0.098930 0.01 0.01
0 0.193001 0.107165 0.01 0.01
0 0.193663 0.120106 0.01 0.01
0 0.182413 0.114224 0.01 0.01
0 0.181751 0.134224 0.01 0.01
0 0.208883 0.156577 0.01 0.01
0 0.214177 0.150694 0.01 0.01
0 0.182413 0.178930 0.01 0.01
0 0.176457 0.250694 0.01 0.01
0 0.175133 0.267165 0.01 0.01
0 0.183736 0.280106 0.01 0.01
0 0.181751 0.294224 0.01 0.01
0 0.181751 0.317753 0.01 0.01
0 0.198957 0.276577 0.01 0.01
0 0.226751 0.247165 0.01 0.01
0 0.261824 0.216577 0.01 0.01
0 0.316751 0.243636 0.01 0.01
0 0.374986 0.277753 0.01 0.01
0 0.407413 0.301283 0.01 0.01
0 0.429913 0.350694 0.01 0.01
0 0.458369 0.338930 0.01 0.01
0 0.464324 0.396577 0.01 0.01
0 0.427266 0.415400 0.01 0.01
0 0.455722 0.481283 0.01 0.01
0 0.492119 0.522459 0.01 0.01
0 0.484177 0.521283 0.01 0.01
0 0.484839 0.548342 0.01 0.01
0 0.525869 0.662459 0.01 0.01
0 0.498736 0.682459 0.01 0.01
0 0.479545 0.611871 0.01 0.01
0 0.461016 0.603636 0.01 0.01
0 0.480869 0.727165 0.01 0.01
0 0.464324 0.734224 0.01 0.01
0 0.472266 0.778930 0.01 0.01
0 0.469619 0.851871 0.01 0.01
0 0.449766 0.850694 0.01 0.01
0 0.427266 0.830694 0.01 0.01
0 0.422633 0.851871 0.01 0.01
0 0.375648 0.715400 0.01 0.01
0 0.418001 0.682459 0.01 0.01
0 0.400795 0.673047 0.01 0.01
0 0.393516 0.653047 0.01 0.01
0 0.375648 0.617753 0.01 0.01
0 0.385574 0.600106 0.01 0.01
0 0.389545 0.577753 0.01 0.01
0 0.378957 0.553047 0.01 0.01
0 0.350501 0.448341 0.01 0.01
0 0.286972 0.491871 0.01 0.01
0 0.312780 0.555400 0.01 0.01
0 0.307486 0.574224 0.01 0.01
0 0.319398 0.624812 0.01 0.01
0 0.288295 0.636577 0.01 0.01
0 0.277707 0.617753 0.01 0.01
0 0.269104 0.608342 0.01 0.01
0 0.318736 0.854224 0.01 0.01
0 0.314104 0.860106 0.01 0.01
0 0.311457 0.851871 0.01 0.01
0 0.283001 0.854224 0.01 0.01
0 0.267119 0.851871 0.01 0.01
0 0.246604 0.845989 0.01 0.01
0 0.239324 0.854224 0.01 0.01
0 0.230722 0.857753 0.01 0.01
0 0.216824 0.862459 0.01 0.01
0 0.220133 0.909518 0.01 0.01
0 0.158589 0.863636 0.01 0.01
0 0.193001 0.814224 0.01 0.01
0 0.186383 0.802459 0.01 0.01
0 0.175795 0.797753 0.01 0.01
0 0.176457 0.768341 0.01 0.01
0 0.212854 0.835400 0.01 0.01
0 0.215501 0.804812 0.01 0.01
0 0.216824 0.783636 0.01 0.01
0 0.238663 0.796577 0.01 0.01
0 0.250574 0.796577 0.01 0.01
0 0.238663 0.762459 0.01 0.01
0 0.235354 0.722459 0.01 0.01
0 0.237339 0.721283 0.01 0.01
0 0.256530 0.713047 0.01 0.01
0 0.180427 0.727165 0.01 0.01
0 0.183074 0.701283 0.01 0.01
0 0.177119 0.690694 0.01 0.01
0 0.174472 0.711871 0.01 0.01
0 0.136089 0.625989 0.01 0.01
0 0.169839 0.650694 0.01 0.01
0 0.178442 0.636577 0.01 0.01
0 0.179766 0.614224 0.01 0.01
0 0.191677 0.616577 0.01 0.01
0 0.182413 0.588342 0.01 0.01
0 0.182413 0.568341 0.01 0.01
0 0.173148 0.563636 0.01 0.01
0 0.212854 0.584812 0.01 0.01
0 0.242633 0.581283 0.01 0.01
0 0.221457 0.536577 0.01 0.01
0 0.201604 0.507165 0.01 0.01
0 0.189692 0.517753 0.01 0.01
0 0.186383 0.482459 0.01 0.01
0 0.191677 0.473047 0.01 0.01
0 0.182413 0.473047 0.01 0.01
0 0.180427 0.391871 0.01 0.01
0 0.169839 0.445989 0.01 0.01
0 0.138736 0.355400 0.01 0.01
0 0.226751 0.447165 0.01 0.01
0 0.227413 0.418930 0.01 0.01
0 0.242633 0.360106 0.01 0.01
