0 0.801824 0.937753 0.01 0.01
0 0.813074 0.900106 0.01 0.01
0 0.813736 0.869518 0.01 0.01
0 0.828957 0.867165 0.01 0.01
0 0.834251 0.854224 0.01 0.01
0 0.842854 0.814224 0.01 0.01
0 0.841530 0.796577 0.01 0.01
0 0.863369 0.802459 0.01 0.01
0 0.854766 0.748342 0.01 0.01
0 0.845501 0.749518 0.01 0.01
0 0.794545 0.805989 0.01 0.01
0 0.770722 0.761283 0.01 0.01
0 0.781310 0.717753 0.01 0.01
0 0.689986 0.900106 0.01 0.01
0 0.728369 0.903636 0.01 0.01
0 0.738957 0.909518 0.01 0.01
0 0.738295 0.888342 0.01 0.01
0 0.734324 0.841283 0.01 0.01
0 0.745574 0.814224 0.01 0.01
0 0.740942 0.753047 0.01 0.01
0 0.729030 0.731871 0.01 0.01
0 0.710501 0.731871 0.01 0.01
0 0.713148 0.671871 0.01 0.01
0 0.754177 0.688341 0.01 0.01
0 0.809104 0.633047 0.01 0.01
0 0.821016 0.591871 0.01 0.01
0 0.842192 0.595400 0.01 0.01
0 0.871971 0.634224 0.01 0.01
0 0.821677 0.450694 0.01 0.01
0 0.835574 0.427165 0.01 0.01
0 0.830942 0.411871 0.01 0.01
0 0.861383 0.405989 0.01 0.01
0 0.871971 0.285989 0.01 0.01
0 0.834251 0.328342 0.01 0.01
0 0.836236 0.276577 0.01 0.01
0 0.834913 0.262459 0.01 0.01
0 0.803148 0.269518 0.01 0.01
0 0.835574 0.229518 0.01 0.01
0 0.828957 0.181283 0.01 0.01
0 0.850795 0.105989 0.01 0.01
0 0.835574 0.116577 0.01 0.01
0 0.825648 0.131871 0.01 0.01
0 0.817045 0.122459 0.01 0.01
0 0.809766 0.107165 0.01 0.01
0 0.793222 0.108342 0.01 0.01
0 0.785280 0.096577 0.01 0.01
0 0.774692 0.103636 0.01 0.01
0 0.773369 0.093047 0.01 0.01
0 0.777339 0.091871 0.01 0.01
0 0.741604 0.096577 0.01 0.01
0 0.735648 0.089518 0.01 0.01
0 0.730354 0.121283 0.01 0.01
0 0.756824 0.168342 0.01 0.01
0 0.719104 0.274224 0.01 0.01
0 0.689986 0.230694 0.01 0.01
0 0.698589 0.170694 0.01 0.01
0 0.695280 0.147165 0.01 0.01
0 0.717119 0.101283 0.01 0.01
0 0.697266 0.071871 0.01 0.01
0 0.695280 0.109518 0.01 0.01
0 0.677413 0.097753 0.01 0.01
0 0.662192 0.075400 0.01 0.01
0 0.637045 0.105989 0.01 0.01
0 0.616530 0.094224 0.01 0.01
0 0.594692 0.100106 0.01 0.01
0 0.566236 0.096577 0.01 0.01
0 0.570869 0.161283 0.01 0.01
0 0.548369 0.168342 0.01 0.01
0 0.613883 0.227165 0.01 0.01
0 0.621824 0.290694 0.01 0.01
0 0.592045 0.335400 0.01 0.01
0 0.654913 0.314224 0.01 0.01
0 0.647633 0.343636 0.01 0.01
0 0.675427 0.390694 0.01 0.01
0 0.677413 0.429518 0.01 0.01
0 0.719104 0.415400 0.01 0.01
0 0.642339 0.440106 0.01 0.01
0 0.653589 0.501283 0.01 0.01
0 0.656236 0.517753 0.01 0.01
0 0.671457 0.568341 0.01 0.01
0 0.652927 0.618930 0.01 0.01
0 0.643001 0.624812 0.01 0.01
0 0.631089 0.643636 0.01 0.01
0 0.671457 0.896577 0.01 0.01
0 0.661530 0.896577 0.01 0.01
0 0.627780 0.943636 0.01 0.01
0 0.619839 0.896577 0.01 0.01
0 0.582780 0.898930 0.01 0.01
0 0.582119 0.910694 0.01 0.01
0 0.512633 0.861283 0.01 0.01
0 0.510648 0.784812 0.01 0.01
0 0.582780 0.734224 0.01 0.01
0 0.568883 0.689518 0.01 0.01
0 0.583442 0.630694 0.01 0.01
0 0.562927 0.608342 0.01 0.01
0 0.574839 0.573047 0.01 0.01
0 0.596677 0.587165 0.01 0.01
0 0.557633 0.576577 0.01 0.01
0 0.525207 0.610694 0.01 0.01
0 0.510648 0.611871 0.01 0.01
0 0.485501 0.595400 0.01 0.01
0 0.492780 0.556577 0.01 0.01
0 0.509986 0.558930 0.01 0.01
0 0.466971 0.534224 0.01 0.01
0 0.434545 0.489518 0.01 0.01
0 0.405427 0.476577 0.01 0.01
0 0.528516 0.460106 0.01 0.01
0 0.533148 0.438930 0.01 0.01
0 0.530501 0.420106 0.01 0.01
0 0.529177 0.411871 0.01 0.01
0 0.504692 0.398930 0.01 0.01
0 0.496089 0.411871 0.01 0.01
0 0.486824 0.415400 0.01 0.01
0 0.468957 0.376577 0.01 0.01
0 0.500722 0.311871 0.01 0.01
0 0.543074 0.324812 0.01 0.01
0 0.504030 0.197753 0.01 0.01
0 0.480207 0.231871 0.01 0.01
0 0.461016 0.188341 0.01 0.01
0 0.451089 0.165989 0.01 0.01
0 0.470942 0.167165 0.01 0.01
0 0.491457 0.144812 0.01 0.01
0 0.521898 0.101283 0.01 0.01
0 0.509324 0.100106 0.01 0.01
0 0.498736 0.110694 0.01 0.01
0 0.487486 0.084812 0.01 0.01
0 0.487486 0.057753 0.01 0.01
0 0.456383 0.097753 0.01 0.01
0 0.440501 0.098930 0.01 0.01
0 0.425280 0.103636 0.01 0.01
0 0.402780 0.115400 0.01 0.01
0 0.392854 0.103636 0.01 0.01
0 0.377633 0.094224 0.01 0.01
0 0.328001 0.096577 0.01 0.01
0 0.319398 0.109518 0.01 0.01
0 0.314104 0.135400 0.01 0.01
0 0.317413 0.067165 0.01 0.01
0 0.304177 0.075400 0.01 0.01
0 0.299545 0.101283 0.01 0.01
0 0.288295 0.098930 0.01 0.01
0 0.275060 0.097753 0.01 0.01
0 0.273074 0.109518 0.01 0.01
0 0.272413 0.129518 0.01 0.01
0 0.245280 0.102459 0.01 0.01
0 0.236016 0.096577 0.01 0.01
0 0.230722 0.107165 0.01 0.01
0 0.242633 0.067165 0.01 0.01
0 0.165869 0.098930 0.01 0.01
0 0.199619 0.070694 0.01 0.01
0 0.194324 0.131871 0.01 0.01
0 0.212854 0.121283 0.01 0.01
0 0.210869 0.150694 0.01 0.01
0 0.198295 0.151871 0.01 0.01
0 0.191677 0.209518 0.01 0.01
0 0.187045 0.263636 0.01 0.01
0 0.183074 0.280106 0.01 0.01
0 0.189692 0.318930 0.01 0.01
0 0.225427 0.302459 0.01 0.01
0 0.273736 0.305989 0.01 0.01
0 0.283001 0.187165 0.01 0.01
0 0.309472 0.228342 0.01 0.01
0 0.305501 0.250694 0.01 0.01
0 0.339913 0.153047 0.01 0.01
0 0.349177 0.194224 0.01 0.01
0 0.362413 0.195400 0.01 0.01
0 0.363074 0.218930 0.01 0.01
0 0.373001 0.182459 0.01 0.01
0 0.384251 0.271871 0.01 0.01
0 0.413369 0.230694 0.01 0.01
0 0.429251 0.297753 0.01 0.01
0 0.329986 0.425989 0.01 0.01
0 0.257854 0.445989 0.01 0.01
0 0.234692 0.491871 0.01 0.01
0 0.212192 0.407165 0.01 0.01
0 0.193663 0.387165 0.01 0.01
0 0.195648 0.404812 0.01 0.01
0 0.185060 0.369518 0.01 0.01
0 0.191016 0.421283 0.01 0.01
0 0.187045 0.434224 0.01 0.01
0 0.190354 0.451871 0.01 0.01
0 0.183074 0.460106 0.01 0.01
0 0.168516 0.473047 0.01 0.01
0 0.144692 0.491871 0.01 0.01
0 0.149324 0.542459 0.01 0.01
0 0.191016 0.477753 0.01 0.01
0 0.190354 0.495400 0.01 0.01
0 0.190354 0.514224 0.01 0.01
0 0.186383 0.537753 0.01 0.01
0 0.191016 0.548342 0.01 0.01
0 0.183074 0.603636 0.01 0.01
0 0.191016 0.645989 0.01 0.01
0 0.185722 0.657753 0.01 0.01
0 0.186383 0.683636 0.01 0.01
0 0.185060 0.730694 0.01 0.01
0 0.183074 0.745989 0.01 0.01
0 0.194986 0.765989 0.01 0.01
0 0.227413 0.751871 0.01 0.01
0 0.226089 0.794224 0.01 0.01
0 0.222119 0.631871 0.01 0.01
0 0.251898 0.608342 0.01 0.01
0 0.175795 0.794224 0.01 0.01
0 0.171824 0.865989 0.01 0.01
0 0.184398 0.870694 0.01 0.01
0 0.183736 0.847165 0.01 0.01
0 0.187707 0.821283 0.01 0.01
0 0.193663 0.830694 0.01 0.01
0 0.193663 0.841283 0.01 0.01
0 0.206898 0.871871 0.01 0.01
0 0.212854 0.924812 0.01 0.01
0 0.220133 0.878930 0.01 0.01
0 0.229398 0.893047 0.01 0.01
0 0.212854 0.843636 0.01 0.01
0 0.210869 0.823636 0.01 0.01
0 0.266457 0.920106 0.01 0.01
0 0.289619 0.896577 0.01 0.01
0 0.281016 0.891871 0.01 0.01
0 0.287633 0.850694 0.01 0.01
0 0.301530 0.909518 0.01 0.01
0 0.338589 0.954224 0.01 0.01
0 0.354472 0.891871 0.01 0.01
0 0.388222 0.901283 0.01 0.01
0 0.412707 0.897753 0.01 0.01
0 0.400133 0.856577 0.01 0.01
0 0.447780 0.897753 0.01 0.01
0 0.468295 0.862459 0.01 0.01
0 0.429251 0.729518 0.01 0.01
0 0.405427 0.733047 0.01 0.01
0 0.340574 0.722459 0.01 0.01
0 0.304177 0.687165 0.01 0.01
0 0.328663 0.657753 0.01 0.01
0 0.316089 0.610694 0.01 0.01
0 0.325354 0.602459 0.01 0.01
0 0.324692 0.557753 0.01 0.01
0 0.305501 0.515400 0.01 0.01
0 0.339251 0.527165 0.01 0.01
0 0.388883 0.598930 0.01 0.01
0 0.396163 0.617753 0.01 0.01
0 0.421971 0.647165 0.01 0.01
0 0.443148 0.631871 0.01 0.01
0 0.504692 0.663636 0.01 0.01
0 0.484839 0.689518 0.01 0.01
0 0.481530 0.733047 0.01 0.01
0 0.488810 0.727165 0.01 0.01
0 0.506677 0.697753 0.01 0.01
0 0.525869 0.700106 0.01 0.01
