0 0.837560 0.877753 0.01 0.01
0 0.846824 0.830694 0.01 0.01
0 0.762780 0.838930 0.01 0.01
0 0.848810 0.684812 0.01 0.01
0 0.846163 0.567165 0.01 0.01
0 0.871971 0.580106 0.01 0.01
0 0.822339 0.293047 0.01 0.01
0 0.851457 0.180106 0.01 0.01
0 0.788589 0.194224 0.01 0.01
0 0.780648 0.131871 0.01 0.01
0 0.785280 0.074224 0.01 0.01
0 0.629766 0.113047 0.01 0.01
0 0.607266 0.156577 0.01 0.01
0 0.557633 0.071871 0.01 0.01
0 0.468295 0.103636 0.01 0.01
0 0.362413 0.045989 0.01 0.01
0 0.361751 0.025989 0.01 0.01
0 0.286972 0.190694 0.01 0.01
0 0.384251 0.387165 0.01 0.01
0 0.396824 0.324812 0.01 0.01
0 0.368369 0.544812 0.01 0.01
0 0.204913 0.670694 0.01 0.01
0 0.345207 0.929518 0.01 0.01
0 0.385574 0.736577 0.01 0.01
0 0.461016 0.718930 0.01 0.01
0 0.465648 0.683636 0.01 0.01
0 0.482854 0.915400 0.01 0.01
0 0.468957 0.960106 0.01 0.01
0 0.542413 0.831871 0.01 0.01
0 0.631751 0.543636 0.01 0.01
0 0.719766 0.490694 0.01 0.01
0 0.716457 0.457753 0.01 0.01
