0 0.131457 0.634224 0.01 0.01
0 0.158589 0.857753 0.01 0.01
0 0.210869 0.896577 0.01 0.01
0 0.696604 0.884812 0.01 0.01
0 0.728369 0.844812 0.01 0.01
0 0.733001 0.842459 0.01 0.01
0 0.742266 0.841283 0.01 0.01
0 0.727045 0.816577 0.01 0.01
0 0.719766 0.788342 0.01 0.01
0 0.770722 0.841283 0.01 0.01
0 0.845501 0.821283 0.01 0.01
0 0.813074 0.815400 0.01 0.01
0 0.815060 0.793047 0.01 0.01
0 0.817707 0.777753 0.01 0.01
0 0.820354 0.756577 0.01 0.01
0 0.824986 0.753047 0.01 0.01
0 0.833589 0.729518 0.01 0.01
0 0.801163 0.700106 0.01 0.01
0 0.791898 0.667165 0.01 0.01
0 0.750207 0.715400 0.01 0.01
0 0.701236 0.687165 0.01 0.01
0 0.691310 0.677753 0.01 0.01
0 0.695942 0.622459 0.01 0.01
0 0.735648 0.621283 0.01 0.01
0 0.711824 0.515400 0.01 0.01
0 0.750207 0.523636 0.01 0.01
0 0.821677 0.564812 0.01 0.01
0 0.804471 0.544812 0.01 0.01
0 0.806457 0.515400 0.01 0.01
0 0.815060 0.508341 0.01 0.01
0 0.851457 0.563636 0.01 0.01
0 0.851457 0.521283 0.01 0.01
0 0.850133 0.465989 0.01 0.01
0 0.789251 0.457753 0.01 0.01
0 0.817045 0.336577 0.01 0.01
0 0.815060 0.280106 0.01 0.01
0 0.804471 0.264812 0.01 0.01
0 0.819030 0.218930 0.01 0.01
0 0.824324 0.197753 0.01 0.01
0 0.813074 0.190694 0.01 0.01
0 0.815060 0.160106 0.01 0.01
0 0.820354 0.154224 0.01 0.01
0 0.826310 0.150694 0.01 0.01
0 0.819030 0.121283 0.01 0.01
0 0.807119 0.101283 0.01 0.01
0 0.794545 0.081283 0.01 0.01
0 0.791236 0.071871 0.01 0.01
0 0.783957 0.075400 0.01 0.01
0 0.760795 0.088342 0.01 0.01
0 0.756163 0.073047 0.01 0.01
0 0.767413 0.063636 0.01 0.01
0 0.760133 0.060106 0.01 0.01
0 0.767413 0.050694 0.01 0.01
0 0.746898 0.027165 0.01 0.01
0 0.748883 0.050694 0.01 0.01
0 0.729030 0.060106 0.01 0.01
0 0.721089 0.061283 0.01 0.01
0 0.710501 0.049518 0.01 0.01
0 0.723074 0.109518 0.01 0.01
0 0.686016 0.094224 0.01 0.01
0 0.672780 0.113047 0.01 0.01
0 0.656236 0.060106 0.01 0.01
0 0.639692 0.055400 0.01 0.01
0 0.628442 0.058930 0.01 0.01
0 0.621163 0.071871 0.01 0.01
0 0.601310 0.062459 0.01 0.01
0 0.590060 0.062459 0.01 0.01
0 0.583442 0.050694 0.01 0.01
0 0.580795 0.068342 0.01 0.01
0 0.578148 0.058930 0.01 0.01
0 0.568883 0.073047 0.01 0.01
0 0.506677 0.075400 0.01 0.01
0 0.502707 0.061283 0.01 0.01
0 0.511972 0.037753 0.01 0.01
0 0.479545 0.098930 0.01 0.01
0 0.468957 0.144812 0.01 0.01
0 0.461016 0.154224 0.01 0.01
0 0.486824 0.161283 0.01 0.01
0 0.491457 0.169518 0.01 0.01
0 0.486824 0.207165 0.01 0.01
0 0.542413 0.193047 0.01 0.01
0 0.564251 0.210694 0.01 0.01
0 0.596677 0.233047 0.01 0.01
0 0.615869 0.237753 0.01 0.01
0 0.660869 0.216577 0.01 0.01
0 0.676751 0.329518 0.01 0.01
0 0.746236 0.367165 0.01 0.01
0 0.672119 0.448341 0.01 0.01
0 0.648957 0.382459 0.01 0.01
0 0.626457 0.388342 0.01 0.01
0 0.648295 0.468341 0.01 0.01
0 0.653589 0.369518 0.01 0.01
0 0.613222 0.502459 0.01 0.01
0 0.606604 0.534224 0.01 0.01
0 0.566236 0.448341 0.01 0.01
0 0.547707 0.458930 0.01 0.01
0 0.596016 0.350694 0.01 0.01
0 0.560942 0.354224 0.01 0.01
0 0.574839 0.307165 0.01 0.01
0 0.531824 0.314224 0.01 0.01
0 0.517927 0.316577 0.01 0.01
0 0.519913 0.262459 0.01 0.01
0 0.550354 0.257753 0.01 0.01
0 0.454398 0.327165 0.01 0.01
0 0.465648 0.387165 0.01 0.01
0 0.427927 0.395400 0.01 0.01
0 0.433222 0.334224 0.01 0.01
0 0.570869 0.602459 0.01 0.01
0 0.561604 0.648341 0.01 0.01
0 0.570869 0.685989 0.01 0.01
0 0.580133 0.756577 0.01 0.01
0 0.583442 0.842459 0.01 0.01
0 0.596016 0.887165 0.01 0.01
0 0.559619 0.876577 0.01 0.01
0 0.629766 0.847165 0.01 0.01
0 0.637045 0.840106 0.01 0.01
0 0.654251 0.836577 0.01 0.01
0 0.530501 0.842459 0.01 0.01
0 0.537780 0.771871 0.01 0.01
0 0.515942 0.709518 0.01 0.01
0 0.494766 0.667165 0.01 0.01
0 0.528516 0.640106 0.01 0.01
0 0.484839 0.621283 0.01 0.01
0 0.459692 0.595400 0.01 0.01
0 0.482854 0.545989 0.01 0.01
0 0.485501 0.516577 0.01 0.01
0 0.484177 0.504812 0.01 0.01
0 0.453736 0.480106 0.01 0.01
0 0.379619 0.544812 0.01 0.01
0 0.382927 0.570694 0.01 0.01
0 0.388222 0.571871 0.01 0.01
0 0.375648 0.600106 0.01 0.01
0 0.393516 0.611871 0.01 0.01
0 0.398148 0.668342 0.01 0.01
0 0.416016 0.673047 0.01 0.01
0 0.461016 0.702459 0.01 0.01
0 0.479545 0.721283 0.01 0.01
0 0.472927 0.774224 0.01 0.01
0 0.475574 0.849518 0.01 0.01
0 0.449766 0.838930 0.01 0.01
0 0.434545 0.837753 0.01 0.01
0 0.412707 0.841283 0.01 0.01
0 0.398148 0.841283 0.01 0.01
0 0.380942 0.718930 0.01 0.01
0 0.335942 0.850694 0.01 0.01
0 0.317413 0.845989 0.01 0.01
0 0.311457 0.843636 0.01 0.01
0 0.278369 0.844812 0.01 0.01
0 0.269766 0.845989 0.01 0.01
0 0.251898 0.841283 0.01 0.01
0 0.249251 0.850694 0.01 0.01
0 0.231383 0.850694 0.01 0.01
0 0.220133 0.856577 0.01 0.01
0 0.213516 0.828341 0.01 0.01
0 0.212854 0.815400 0.01 0.01
0 0.193663 0.809518 0.01 0.01
0 0.189030 0.794224 0.01 0.01
0 0.169839 0.797753 0.01 0.01
0 0.171163 0.757753 0.01 0.01
0 0.171163 0.727165 0.01 0.01
0 0.178442 0.720106 0.01 0.01
0 0.181089 0.685989 0.01 0.01
0 0.176457 0.682459 0.01 0.01
0 0.171163 0.640106 0.01 0.01
0 0.178442 0.620106 0.01 0.01
0 0.173810 0.595400 0.01 0.01
0 0.180427 0.594224 0.01 0.01
0 0.181089 0.575400 0.01 0.01
0 0.181089 0.561283 0.01 0.01
0 0.242633 0.563636 0.01 0.01
0 0.228736 0.587165 0.01 0.01
0 0.267119 0.596577 0.01 0.01
0 0.277707 0.620106 0.01 0.01
0 0.280354 0.695400 0.01 0.01
0 0.247266 0.716577 0.01 0.01
0 0.236677 0.708342 0.01 0.01
0 0.245942 0.745989 0.01 0.01
0 0.241310 0.775400 0.01 0.01
0 0.215501 0.775400 0.01 0.01
0 0.200942 0.764812 0.01 0.01
0 0.322045 0.628341 0.01 0.01
0 0.308148 0.567165 0.01 0.01
0 0.311457 0.544812 0.01 0.01
0 0.220795 0.511871 0.01 0.01
0 0.183074 0.521283 0.01 0.01
0 0.163883 0.489518 0.01 0.01
0 0.183736 0.483636 0.01 0.01
0 0.183074 0.448341 0.01 0.01
0 0.169177 0.430694 0.01 0.01
0 0.208222 0.464812 0.01 0.01
0 0.218810 0.437753 0.01 0.01
0 0.228074 0.433047 0.01 0.01
0 0.241972 0.365989 0.01 0.01
0 0.182413 0.389518 0.01 0.01
0 0.220133 0.343636 0.01 0.01
0 0.189692 0.371871 0.01 0.01
0 0.177780 0.305989 0.01 0.01
0 0.181751 0.285989 0.01 0.01
0 0.184398 0.267165 0.01 0.01
0 0.171163 0.261283 0.01 0.01
0 0.175795 0.234224 0.01 0.01
0 0.202266 0.258930 0.01 0.01
0 0.227413 0.240106 0.01 0.01
0 0.251236 0.222459 0.01 0.01
0 0.306163 0.227165 0.01 0.01
0 0.375648 0.273047 0.01 0.01
0 0.419986 0.260106 0.01 0.01
0 0.349177 0.427165 0.01 0.01
0 0.442486 0.063636 0.01 0.01
0 0.448442 0.053047 0.01 0.01
0 0.450427 0.035400 0.01 0.01
0 0.423295 0.040106 0.01 0.01
0 0.406089 0.057753 0.01 0.01
0 0.377633 0.051871 0.01 0.01
0 0.366383 0.062459 0.01 0.01
0 0.337266 0.077753 0.01 0.01
0 0.330648 0.041283 0.01 0.01
0 0.296898 0.101283 0.01 0.01
0 0.306163 0.060106 0.01 0.01
0 0.282339 0.054224 0.01 0.01
0 0.277045 0.057753 0.01 0.01
0 0.273074 0.062459 0.01 0.01
0 0.181089 0.178930 0.01 0.01
0 0.148001 0.074224 0.01 0.01
0 0.152633 0.043636 0.01 0.01
0 0.165869 0.047165 0.01 0.01
0 0.192339 0.043636 0.01 0.01
0 0.199619 0.027165 0.01 0.01
0 0.207560 0.070694 0.01 0.01
0 0.184398 0.090694 0.01 0.01
0 0.186383 0.103636 0.01 0.01
