0 0.927560 0.234224 0.01 0.01
0 0.913001 0.240106 0.01 0.01
0 0.893810 0.200106 0.01 0.01
0 0.891824 0.191871 0.01 0.01
0 0.872633 0.185989 0.01 0.01
0 0.871971 0.150694 0.01 0.01
0 0.868001 0.151871 0.01 0.01
0 0.862045 0.150694 0.01 0.01
0 0.846163 0.136577 0.01 0.01
0 0.821016 0.170694 0.01 0.01
0 0.813736 0.157753 0.01 0.01
0 0.760795 0.150694 0.01 0.01
0 0.741604 0.131871 0.01 0.01
0 0.731016 0.131871 0.01 0.01
0 0.729030 0.147165 0.01 0.01
0 0.630427 0.165989 0.01 0.01
0 0.623810 0.157753 0.01 0.01
0 0.735648 0.208342 0.01 0.01
0 0.747560 0.265989 0.01 0.01
0 0.778663 0.333047 0.01 0.01
0 0.789251 0.321283 0.01 0.01
0 0.851457 0.316577 0.01 0.01
0 0.875942 0.342459 0.01 0.01
0 0.891824 0.367165 0.01 0.01
0 0.897780 0.356577 0.01 0.01
0 0.890501 0.614224 0.01 0.01
0 0.892486 0.645989 0.01 0.01
0 0.899104 0.711871 0.01 0.01
0 0.925574 0.751871 0.01 0.01
0 0.889839 0.788342 0.01 0.01
0 0.880574 0.787165 0.01 0.01
0 0.887192 0.913047 0.01 0.01
0 0.885869 0.924812 0.01 0.01
0 0.879251 0.914224 0.01 0.01
0 0.878589 0.930694 0.01 0.01
0 0.895795 0.928342 0.01 0.01
0 0.838222 0.965989 0.01 0.01
0 0.808442 0.975400 0.01 0.01
0 0.799839 0.970694 0.01 0.01
0 0.826972 0.825989 0.01 0.01
0 0.793222 0.857753 0.01 0.01
0 0.763442 0.798930 0.01 0.01
0 0.752192 0.869518 0.01 0.01
0 0.727045 0.950694 0.01 0.01
0 0.709839 0.968341 0.01 0.01
0 0.666824 0.920106 0.01 0.01
0 0.644986 0.870694 0.01 0.01
0 0.633074 0.890694 0.01 0.01
0 0.691971 0.747165 0.01 0.01
0 0.212854 0.071871 0.01 0.01
0 0.275721 0.125989 0.01 0.01
0 0.301530 0.117753 0.01 0.01
0 0.330648 0.085989 0.01 0.01
0 0.339251 0.121283 0.01 0.01
0 0.348516 0.174224 0.01 0.01
0 0.383589 0.150694 0.01 0.01
0 0.402780 0.164812 0.01 0.01
0 0.400133 0.116577 0.01 0.01
0 0.438516 0.154224 0.01 0.01
0 0.492119 0.130694 0.01 0.01
0 0.509324 0.124812 0.01 0.01
0 0.565574 0.163636 0.01 0.01
0 0.541751 0.123636 0.01 0.01
0 0.568883 0.085989 0.01 0.01
0 0.582119 0.214224 0.01 0.01
0 0.513957 0.301283 0.01 0.01
0 0.478883 0.322459 0.01 0.01
0 0.445133 0.268342 0.01 0.01
0 0.345869 0.258930 0.01 0.01
0 0.335280 0.285989 0.01 0.01
0 0.317413 0.237753 0.01 0.01
0 0.221457 0.182459 0.01 0.01
0 0.219471 0.249518 0.01 0.01
0 0.215501 0.245989 0.01 0.01
0 0.223442 0.300106 0.01 0.01
0 0.238001 0.265989 0.01 0.01
0 0.175133 0.354224 0.01 0.01
0 0.215501 0.385989 0.01 0.01
0 0.234030 0.422459 0.01 0.01
0 0.238001 0.437753 0.01 0.01
0 0.255869 0.404812 0.01 0.01
0 0.212854 0.497753 0.01 0.01
0 0.212192 0.574224 0.01 0.01
0 0.266457 0.710694 0.01 0.01
0 0.208222 0.833047 0.01 0.01
0 0.205574 0.853047 0.01 0.01
0 0.214177 0.887165 0.01 0.01
0 0.212854 0.861283 0.01 0.01
0 0.224104 0.871871 0.01 0.01
0 0.222780 0.890694 0.01 0.01
0 0.221457 0.918930 0.01 0.01
0 0.217486 0.968341 0.01 0.01
0 0.231383 0.924812 0.01 0.01
0 0.243295 0.970694 0.01 0.01
0 0.264472 0.914224 0.01 0.01
0 0.259839 0.868342 0.01 0.01
0 0.279030 0.894224 0.01 0.01
0 0.283001 0.940106 0.01 0.01
0 0.306163 0.934224 0.01 0.01
0 0.302854 0.917753 0.01 0.01
0 0.350501 0.881283 0.01 0.01
0 0.352486 0.805989 0.01 0.01
0 0.355795 0.775400 0.01 0.01
0 0.355133 0.713047 0.01 0.01
0 0.335280 0.623636 0.01 0.01
0 0.305501 0.604812 0.01 0.01
0 0.352486 0.535400 0.01 0.01
0 0.367707 0.488342 0.01 0.01
0 0.398810 0.442459 0.01 0.01
0 0.423957 0.514224 0.01 0.01
0 0.477560 0.416577 0.01 0.01
0 0.428589 0.384812 0.01 0.01
0 0.466971 0.489518 0.01 0.01
0 0.506677 0.501283 0.01 0.01
0 0.537119 0.509518 0.01 0.01
0 0.543074 0.575400 0.01 0.01
0 0.340574 0.956577 0.01 0.01
0 0.387560 0.950694 0.01 0.01
0 0.419324 0.953047 0.01 0.01
0 0.457707 0.950694 0.01 0.01
0 0.528516 0.943636 0.01 0.01
0 0.497413 0.895400 0.01 0.01
0 0.420648 0.874224 0.01 0.01
0 0.420648 0.742459 0.01 0.01
0 0.486163 0.685989 0.01 0.01
0 0.488148 0.755400 0.01 0.01
0 0.512633 0.631871 0.01 0.01
0 0.615869 0.316577 0.01 0.01
0 0.601972 0.368341 0.01 0.01
0 0.576163 0.389518 0.01 0.01
0 0.653589 0.380106 0.01 0.01
0 0.612560 0.510694 0.01 0.01
0 0.628442 0.491871 0.01 0.01
0 0.676089 0.516577 0.01 0.01
0 0.695942 0.549518 0.01 0.01
0 0.697927 0.535400 0.01 0.01
0 0.634398 0.580106 0.01 0.01
0 0.560280 0.598930 0.01 0.01
0 0.570869 0.610694 0.01 0.01
0 0.688663 0.673047 0.01 0.01
0 0.710501 0.638930 0.01 0.01
0 0.714472 0.620106 0.01 0.01
0 0.714472 0.591871 0.01 0.01
0 0.679398 0.575400 0.01 0.01
0 0.787266 0.658930 0.01 0.01
0 0.788589 0.609518 0.01 0.01
0 0.807780 0.609518 0.01 0.01
0 0.808442 0.541283 0.01 0.01
0 0.746236 0.420106 0.01 0.01
0 0.724398 0.450694 0.01 0.01
0 0.674766 0.797753 0.01 0.01
0 0.646972 0.733047 0.01 0.01
0 0.609913 0.753047 0.01 0.01
0 0.574839 0.821283 0.01 0.01
0 0.536457 0.794224 0.01 0.01
0 0.598663 0.960106 0.01 0.01
0 0.605280 0.982459 0.01 0.01
0 0.611898 0.944812 0.01 0.01
0 0.895795 0.265989 0.01 0.01
