0 0.197633 0.042459 0.01 0.01
0 0.210869 0.048342 0.01 0.01
0 0.169839 0.122459 0.01 0.01
0 0.213516 0.147165 0.01 0.01
0 0.210869 0.176577 0.01 0.01
0 0.211530 0.213047 0.01 0.01
0 0.208883 0.227165 0.01 0.01
0 0.206898 0.233047 0.01 0.01
0 0.207560 0.255400 0.01 0.01
0 0.163222 0.250694 0.01 0.01
0 0.206898 0.304812 0.01 0.01
0 0.210869 0.318930 0.01 0.01
0 0.249913 0.341283 0.01 0.01
0 0.249913 0.308342 0.01 0.01
0 0.215501 0.407165 0.01 0.01
0 0.327339 0.250694 0.01 0.01
0 0.330648 0.225989 0.01 0.01
0 0.324692 0.191871 0.01 0.01
0 0.303516 0.193047 0.01 0.01
0 0.301530 0.150694 0.01 0.01
0 0.263148 0.083636 0.01 0.01
0 0.275060 0.083636 0.01 0.01
0 0.282339 0.078930 0.01 0.01
0 0.294913 0.084812 0.01 0.01
0 0.313442 0.082459 0.01 0.01
0 0.335280 0.082459 0.01 0.01
0 0.356457 0.061283 0.01 0.01
0 0.351163 0.149518 0.01 0.01
0 0.359104 0.164812 0.01 0.01
0 0.374324 0.167165 0.01 0.01
0 0.390869 0.123636 0.01 0.01
0 0.404766 0.082459 0.01 0.01
0 0.423957 0.250694 0.01 0.01
0 0.468295 0.289518 0.01 0.01
0 0.504692 0.262459 0.01 0.01
0 0.478883 0.131871 0.01 0.01
0 0.481530 0.096577 0.01 0.01
0 0.485501 0.095400 0.01 0.01
0 0.502707 0.093047 0.01 0.01
0 0.521236 0.094224 0.01 0.01
0 0.543736 0.137753 0.01 0.01
0 0.560942 0.053047 0.01 0.01
0 0.589398 0.082459 0.01 0.01
0 0.613222 0.128342 0.01 0.01
0 0.635722 0.176577 0.01 0.01
0 0.579471 0.210694 0.01 0.01
0 0.599986 0.304812 0.01 0.01
0 0.640354 0.300106 0.01 0.01
0 0.592045 0.356577 0.01 0.01
0 0.566236 0.350694 0.01 0.01
0 0.511310 0.402459 0.01 0.01
0 0.494766 0.410694 0.01 0.01
0 0.457707 0.428342 0.01 0.01
0 0.425280 0.416577 0.01 0.01
0 0.377633 0.408342 0.01 0.01
0 0.714472 0.281283 0.01 0.01
0 0.769398 0.303636 0.01 0.01
0 0.779324 0.291871 0.01 0.01
0 0.796530 0.241283 0.01 0.01
0 0.725060 0.169518 0.01 0.01
0 0.721751 0.117753 0.01 0.01
0 0.713810 0.098930 0.01 0.01
0 0.709177 0.087165 0.01 0.01
0 0.730354 0.097753 0.01 0.01
0 0.751530 0.118930 0.01 0.01
0 0.810427 0.138930 0.01 0.01
0 0.807780 0.122459 0.01 0.01
0 0.833589 0.100106 0.01 0.01
0 0.850133 0.103636 0.01 0.01
0 0.861383 0.111871 0.01 0.01
0 0.859398 0.121283 0.01 0.01
0 0.862707 0.124812 0.01 0.01
0 0.867339 0.128342 0.01 0.01
0 0.862045 0.157753 0.01 0.01
0 0.861383 0.200106 0.01 0.01
0 0.881236 0.233047 0.01 0.01
0 0.885207 0.190694 0.01 0.01
0 0.898442 0.196577 0.01 0.01
0 0.916310 0.147165 0.01 0.01
0 0.884545 0.287165 0.01 0.01
0 0.880574 0.334224 0.01 0.01
0 0.868663 0.323636 0.01 0.01
0 0.696604 0.409518 0.01 0.01
0 0.879251 0.578930 0.01 0.01
0 0.889177 0.595400 0.01 0.01
0 0.879251 0.624812 0.01 0.01
0 0.788589 0.507165 0.01 0.01
0 0.761457 0.541283 0.01 0.01
0 0.754839 0.567165 0.01 0.01
0 0.734324 0.620106 0.01 0.01
0 0.703883 0.584812 0.01 0.01
0 0.701898 0.557753 0.01 0.01
0 0.688001 0.493047 0.01 0.01
0 0.715133 0.424812 0.01 0.01
0 0.664839 0.482459 0.01 0.01
0 0.672119 0.513047 0.01 0.01
0 0.672780 0.530694 0.01 0.01
0 0.675427 0.621283 0.01 0.01
0 0.676751 0.651871 0.01 0.01
0 0.674766 0.683636 0.01 0.01
0 0.637045 0.698930 0.01 0.01
0 0.588074 0.678930 0.01 0.01
0 0.556971 0.603636 0.01 0.01
0 0.543736 0.550694 0.01 0.01
0 0.551677 0.538930 0.01 0.01
0 0.608589 0.487165 0.01 0.01
0 0.613883 0.457753 0.01 0.01
0 0.647633 0.495400 0.01 0.01
0 0.525207 0.470694 0.01 0.01
0 0.482854 0.557753 0.01 0.01
0 0.387560 0.508341 0.01 0.01
0 0.385574 0.483636 0.01 0.01
0 0.320722 0.585989 0.01 0.01
0 0.334619 0.621283 0.01 0.01
0 0.289619 0.668342 0.01 0.01
0 0.257192 0.669518 0.01 0.01
0 0.200280 0.533047 0.01 0.01
0 0.208222 0.475400 0.01 0.01
0 0.220795 0.463636 0.01 0.01
0 0.464324 0.649518 0.01 0.01
0 0.339251 0.693047 0.01 0.01
0 0.347192 0.738930 0.01 0.01
0 0.344545 0.763636 0.01 0.01
0 0.339913 0.838930 0.01 0.01
0 0.324692 0.913047 0.01 0.01
0 0.295574 0.896577 0.01 0.01
0 0.288957 0.871871 0.01 0.01
0 0.279692 0.822459 0.01 0.01
0 0.272413 0.858930 0.01 0.01
0 0.271089 0.908341 0.01 0.01
0 0.259839 0.903636 0.01 0.01
0 0.234030 0.890694 0.01 0.01
0 0.226751 0.890694 0.01 0.01
0 0.195648 0.904812 0.01 0.01
0 0.212854 0.863636 0.01 0.01
0 0.209545 0.854224 0.01 0.01
0 0.214177 0.845989 0.01 0.01
0 0.204913 0.828341 0.01 0.01
0 0.202927 0.811871 0.01 0.01
0 0.198957 0.793047 0.01 0.01
0 0.354472 0.964812 0.01 0.01
0 0.381604 0.911871 0.01 0.01
0 0.409398 0.911871 0.01 0.01
0 0.410721 0.964812 0.01 0.01
0 0.409398 0.808341 0.01 0.01
0 0.414030 0.698930 0.01 0.01
0 0.476236 0.721283 0.01 0.01
0 0.543074 0.701283 0.01 0.01
0 0.564913 0.778930 0.01 0.01
0 0.545060 0.781283 0.01 0.01
0 0.577486 0.814224 0.01 0.01
0 0.598663 0.904812 0.01 0.01
0 0.587413 0.940106 0.01 0.01
0 0.568883 0.916577 0.01 0.01
0 0.520574 0.943636 0.01 0.01
0 0.492119 0.931871 0.01 0.01
0 0.475574 0.888342 0.01 0.01
0 0.446457 0.910694 0.01 0.01
0 0.619839 0.854224 0.01 0.01
0 0.631751 0.849518 0.01 0.01
0 0.693295 0.935400 0.01 0.01
0 0.718442 0.915400 0.01 0.01
0 0.740280 0.834224 0.01 0.01
0 0.750869 0.768341 0.01 0.01
0 0.821016 0.795400 0.01 0.01
0 0.785942 0.927165 0.01 0.01
0 0.798516 0.936577 0.01 0.01
0 0.829619 0.927165 0.01 0.01
0 0.860721 0.900106 0.01 0.01
0 0.867339 0.901283 0.01 0.01
0 0.850133 0.875400 0.01 0.01
0 0.862707 0.847165 0.01 0.01
0 0.875942 0.868342 0.01 0.01
0 0.883883 0.825989 0.01 0.01
0 0.910354 0.787165 0.01 0.01
0 0.868663 0.758930 0.01 0.01
0 0.877266 0.755400 0.01 0.01
