0 0.878125 0.158333 0.01 0.01
0 0.861719 0.177778 0.01 0.01
0 0.858594 0.166667 0.01 0.01
0 0.815625 0.086111 0.01 0.01
0 0.843750 0.113889 0.01 0.01
0 0.807031 0.093056 0.01 0.01
0 0.760156 0.086111 0.01 0.01
0 0.729688 0.056944 0.01 0.01
0 0.781250 0.172222 0.01 0.01
0 0.757812 0.234722 0.01 0.01
0 0.744531 0.312500 0.01 0.01
0 0.668750 0.175000 0.01 0.01
0 0.666406 0.079167 0.01 0.01
0 0.614844 0.081944 0.01 0.01
0 0.618750 0.181944 0.01 0.01
0 0.589063 0.265278 0.01 0.01
0 0.560156 0.244444 0.01 0.01
0 0.550781 0.230556 0.01 0.01
0 0.556250 0.218056 0.01 0.01
0 0.522656 0.083333 0.01 0.01
0 0.455469 0.106944 0.01 0.01
0 0.453906 0.087500 0.01 0.01
0 0.423438 0.080556 0.01 0.01
0 0.440625 0.150000 0.01 0.01
0 0.427344 0.198611 0.01 0.01
0 0.356250 0.095833 0.01 0.01
0 0.275000 0.076389 0.01 0.01
0 0.269531 0.029167 0.01 0.01
0 0.221875 0.118056 0.01 0.01
0 0.207813 0.133333 0.01 0.01
0 0.203906 0.147222 0.01 0.01
0 0.337500 0.268056 0.01 0.01
0 0.466406 0.350000 0.01 0.01
0 0.508594 0.436111 0.01 0.01
0 0.543750 0.375000 0.01 0.01
0 0.564062 0.387500 0.01 0.01
0 0.562500 0.358333 0.01 0.01
0 0.614844 0.337500 0.01 0.01
0 0.599219 0.437500 0.01 0.01
0 0.201562 0.244444 0.01 0.01
0 0.200000 0.425000 0.01 0.01
0 0.200000 0.570833 0.01 0.01
0 0.202344 0.490278 0.01 0.01
0 0.196094 0.591667 0.01 0.01
0 0.214844 0.627778 0.01 0.01
0 0.202344 0.659722 0.01 0.01
0 0.311719 0.570833 0.01 0.01
0 0.414844 0.587500 0.01 0.01
0 0.424219 0.580556 0.01 0.01
0 0.432031 0.559722 0.01 0.01
0 0.535937 0.523611 0.01 0.01
0 0.588281 0.511111 0.01 0.01
0 0.613281 0.506944 0.01 0.01
0 0.700781 0.476389 0.01 0.01
0 0.777344 0.530556 0.01 0.01
0 0.807813 0.480556 0.01 0.01
0 0.852344 0.408333 0.01 0.01
0 0.855469 0.529167 0.01 0.01
0 0.853906 0.595833 0.01 0.01
0 0.722656 0.562500 0.01 0.01
0 0.696875 0.612500 0.01 0.01
0 0.683594 0.663889 0.01 0.01
0 0.672656 0.718056 0.01 0.01
0 0.732031 0.781944 0.01 0.01
0 0.733594 0.765278 0.01 0.01
0 0.826563 0.698611 0.01 0.01
0 0.866406 0.652778 0.01 0.01
0 0.871094 0.651389 0.01 0.01
0 0.871094 0.633333 0.01 0.01
0 0.846094 0.850000 0.01 0.01
0 0.797656 0.909722 0.01 0.01
0 0.778125 0.904167 0.01 0.01
0 0.782031 0.894444 0.01 0.01
0 0.696094 0.890278 0.01 0.01
0 0.668750 0.862500 0.01 0.01
0 0.687500 0.787500 0.01 0.01
0 0.665625 0.772222 0.01 0.01
0 0.646094 0.784722 0.01 0.01
0 0.614062 0.779167 0.01 0.01
0 0.600000 0.745833 0.01 0.01
0 0.614844 0.705556 0.01 0.01
0 0.639063 0.670833 0.01 0.01
0 0.621875 0.616667 0.01 0.01
0 0.580469 0.661111 0.01 0.01
0 0.493750 0.720833 0.01 0.01
0 0.457031 0.654167 0.01 0.01
0 0.398438 0.673611 0.01 0.01
0 0.608594 0.872222 0.01 0.01
0 0.614844 0.900000 0.01 0.01
0 0.567187 0.888889 0.01 0.01
0 0.542188 0.872222 0.01 0.01
0 0.532812 0.866667 0.01 0.01
0 0.521875 0.826389 0.01 0.01
0 0.514844 0.858333 0.01 0.01
0 0.493750 0.888889 0.01 0.01
0 0.482812 0.883333 0.01 0.01
0 0.475781 0.884722 0.01 0.01
0 0.433594 0.852778 0.01 0.01
0 0.405469 0.777778 0.01 0.01
0 0.461719 0.679167 0.01 0.01
0 0.358594 0.877778 0.01 0.01
0 0.340625 0.879167 0.01 0.01
0 0.339063 0.825000 0.01 0.01
0 0.296875 0.880556 0.01 0.01
0 0.305469 0.869444 0.01 0.01
0 0.285156 0.877778 0.01 0.01
0 0.276563 0.870833 0.01 0.01
0 0.254687 0.881944 0.01 0.01
0 0.200000 0.813889 0.01 0.01
0 0.196875 0.800000 0.01 0.01
0 0.192969 0.773611 0.01 0.01
0 0.211719 0.743056 0.01 0.01
0 0.273438 0.741667 0.01 0.01
0 0.301562 0.772222 0.01 0.01
0 0.317187 0.663889 0.01 0.01
