0 0.794545 0.913047 0.01 0.01
0 0.780648 0.904812 0.01 0.01
0 0.780648 0.901283 0.01 0.01
0 0.844177 0.851871 0.01 0.01
0 0.787266 0.800106 0.01 0.01
0 0.754177 0.810694 0.01 0.01
0 0.745574 0.796577 0.01 0.01
0 0.740280 0.775400 0.01 0.01
0 0.703883 0.901283 0.01 0.01
0 0.678074 0.867165 0.01 0.01
0 0.688001 0.788342 0.01 0.01
0 0.671457 0.767165 0.01 0.01
0 0.650942 0.776577 0.01 0.01
0 0.614545 0.782459 0.01 0.01
0 0.601972 0.750694 0.01 0.01
0 0.613222 0.708342 0.01 0.01
0 0.642339 0.674224 0.01 0.01
0 0.672780 0.703636 0.01 0.01
0 0.686677 0.668342 0.01 0.01
0 0.698589 0.631871 0.01 0.01
0 0.823001 0.696577 0.01 0.01
0 0.869325 0.664812 0.01 0.01
0 0.871971 0.648341 0.01 0.01
0 0.853442 0.600106 0.01 0.01
0 0.852119 0.522459 0.01 0.01
0 0.780648 0.533047 0.01 0.01
0 0.742927 0.554224 0.01 0.01
0 0.704545 0.496577 0.01 0.01
0 0.811089 0.463636 0.01 0.01
0 0.854766 0.415400 0.01 0.01
0 0.858074 0.181283 0.01 0.01
0 0.878589 0.165989 0.01 0.01
0 0.846824 0.121283 0.01 0.01
0 0.828295 0.100106 0.01 0.01
0 0.807780 0.096577 0.01 0.01
0 0.761457 0.089518 0.01 0.01
0 0.744913 0.067165 0.01 0.01
0 0.784619 0.178930 0.01 0.01
0 0.764104 0.237753 0.01 0.01
0 0.758148 0.320106 0.01 0.01
0 0.680722 0.168342 0.01 0.01
0 0.670133 0.085989 0.01 0.01
0 0.613222 0.082459 0.01 0.01
0 0.621163 0.190694 0.01 0.01
0 0.592045 0.260106 0.01 0.01
0 0.568883 0.245989 0.01 0.01
0 0.557633 0.242459 0.01 0.01
0 0.558295 0.222459 0.01 0.01
0 0.525869 0.090694 0.01 0.01
0 0.457707 0.091871 0.01 0.01
0 0.459030 0.110694 0.01 0.01
0 0.447780 0.140106 0.01 0.01
0 0.433883 0.203636 0.01 0.01
0 0.425942 0.090694 0.01 0.01
0 0.350501 0.076577 0.01 0.01
0 0.323369 0.120106 0.01 0.01
0 0.275721 0.082459 0.01 0.01
0 0.266457 0.036577 0.01 0.01
0 0.218148 0.116577 0.01 0.01
0 0.210207 0.133047 0.01 0.01
0 0.202927 0.150694 0.01 0.01
0 0.203589 0.249518 0.01 0.01
0 0.345207 0.261283 0.01 0.01
0 0.472266 0.337753 0.01 0.01
0 0.508001 0.430694 0.01 0.01
0 0.543074 0.365989 0.01 0.01
0 0.556310 0.376577 0.01 0.01
0 0.561604 0.363636 0.01 0.01
0 0.600648 0.355400 0.01 0.01
0 0.618516 0.345989 0.01 0.01
0 0.604619 0.428342 0.01 0.01
0 0.613222 0.505989 0.01 0.01
0 0.590721 0.516577 0.01 0.01
0 0.536457 0.525989 0.01 0.01
0 0.618516 0.622459 0.01 0.01
0 0.578810 0.662459 0.01 0.01
0 0.609913 0.877753 0.01 0.01
0 0.625133 0.900106 0.01 0.01
0 0.575501 0.894224 0.01 0.01
0 0.547707 0.869518 0.01 0.01
0 0.531163 0.862459 0.01 0.01
0 0.528516 0.831871 0.01 0.01
0 0.511310 0.868342 0.01 0.01
0 0.484177 0.900106 0.01 0.01
0 0.478222 0.889518 0.01 0.01
0 0.442486 0.884812 0.01 0.01
0 0.447119 0.847165 0.01 0.01
0 0.465648 0.875400 0.01 0.01
0 0.500722 0.744812 0.01 0.01
0 0.467633 0.675400 0.01 0.01
0 0.448442 0.687165 0.01 0.01
0 0.428589 0.591871 0.01 0.01
0 0.442486 0.568341 0.01 0.01
0 0.418663 0.570694 0.01 0.01
0 0.318736 0.570694 0.01 0.01
0 0.211530 0.480106 0.01 0.01
0 0.216824 0.443636 0.01 0.01
0 0.201604 0.601283 0.01 0.01
0 0.200942 0.618930 0.01 0.01
0 0.210207 0.654224 0.01 0.01
0 0.206236 0.664812 0.01 0.01
0 0.208883 0.762459 0.01 0.01
0 0.191677 0.776577 0.01 0.01
0 0.198295 0.797753 0.01 0.01
0 0.200942 0.811871 0.01 0.01
0 0.250574 0.877753 0.01 0.01
0 0.279030 0.871871 0.01 0.01
0 0.283001 0.881283 0.01 0.01
0 0.292927 0.883636 0.01 0.01
0 0.310795 0.870694 0.01 0.01
0 0.301530 0.777753 0.01 0.01
0 0.275060 0.748342 0.01 0.01
0 0.316089 0.678930 0.01 0.01
0 0.402780 0.682459 0.01 0.01
0 0.403442 0.784812 0.01 0.01
0 0.341898 0.825989 0.01 0.01
0 0.343221 0.876577 0.01 0.01
0 0.359104 0.881283 0.01 0.01
