0 0.228736 0.347165 0.01 0.01
0 0.261824 0.258930 0.01 0.01
0 0.228736 0.254224 0.01 0.01
0 0.228074 0.182459 0.01 0.01
0 0.226089 0.101283 0.01 0.01
0 0.256530 0.155400 0.01 0.01
0 0.253222 0.171871 0.01 0.01
0 0.273074 0.177753 0.01 0.01
0 0.351163 0.134224 0.01 0.01
0 0.347854 0.140106 0.01 0.01
0 0.403442 0.133047 0.01 0.01
0 0.490133 0.191871 0.01 0.01
0 0.517266 0.197753 0.01 0.01
0 0.526530 0.143636 0.01 0.01
0 0.530501 0.256577 0.01 0.01
0 0.531824 0.283636 0.01 0.01
0 0.430574 0.338930 0.01 0.01
0 0.567560 0.285989 0.01 0.01
0 0.562927 0.273047 0.01 0.01
0 0.588736 0.265989 0.01 0.01
0 0.608589 0.277753 0.01 0.01
0 0.622486 0.230694 0.01 0.01
0 0.632413 0.169518 0.01 0.01
0 0.650280 0.156577 0.01 0.01
0 0.715133 0.148342 0.01 0.01
0 0.754177 0.134224 0.01 0.01
0 0.799839 0.108342 0.01 0.01
0 0.839545 0.168342 0.01 0.01
0 0.866677 0.176577 0.01 0.01
0 0.855427 0.187165 0.01 0.01
0 0.861383 0.208342 0.01 0.01
0 0.862707 0.224812 0.01 0.01
0 0.865354 0.254224 0.01 0.01
0 0.895795 0.267165 0.01 0.01
0 0.870648 0.298930 0.01 0.01
0 0.862707 0.313047 0.01 0.01
0 0.879913 0.350694 0.01 0.01
0 0.747560 0.336577 0.01 0.01
0 0.728369 0.324812 0.01 0.01
0 0.625133 0.354224 0.01 0.01
0 0.671457 0.382459 0.01 0.01
0 0.628442 0.422459 0.01 0.01
0 0.658883 0.487165 0.01 0.01
0 0.720427 0.518930 0.01 0.01
0 0.708516 0.561283 0.01 0.01
0 0.761457 0.630694 0.01 0.01
0 0.776016 0.545989 0.01 0.01
0 0.820354 0.595400 0.01 0.01
0 0.866016 0.593047 0.01 0.01
0 0.863369 0.641283 0.01 0.01
0 0.864030 0.751871 0.01 0.01
0 0.865354 0.863636 0.01 0.01
0 0.871310 0.896577 0.01 0.01
0 0.889839 0.930694 0.01 0.01
0 0.898442 0.904812 0.01 0.01
0 0.847486 0.917753 0.01 0.01
0 0.845501 0.925989 0.01 0.01
0 0.795207 0.951871 0.01 0.01
0 0.789913 0.960106 0.01 0.01
0 0.803148 0.956577 0.01 0.01
0 0.758810 0.938930 0.01 0.01
0 0.758810 0.954224 0.01 0.01
0 0.744251 0.928342 0.01 0.01
0 0.741604 0.904812 0.01 0.01
0 0.781972 0.898930 0.01 0.01
0 0.761457 0.874224 0.01 0.01
0 0.775354 0.822459 0.01 0.01
0 0.750869 0.807165 0.01 0.01
0 0.742266 0.782459 0.01 0.01
0 0.687339 0.729518 0.01 0.01
0 0.641677 0.729518 0.01 0.01
0 0.597339 0.676577 0.01 0.01
0 0.577486 0.710694 0.01 0.01
0 0.543074 0.674224 0.01 0.01
0 0.525207 0.700106 0.01 0.01
0 0.523221 0.611871 0.01 0.01
0 0.558957 0.630694 0.01 0.01
0 0.595354 0.565989 0.01 0.01
0 0.519913 0.465989 0.01 0.01
0 0.511972 0.447165 0.01 0.01
0 0.419986 0.613047 0.01 0.01
0 0.369030 0.585989 0.01 0.01
0 0.279692 0.555400 0.01 0.01
0 0.249251 0.600106 0.01 0.01
0 0.222119 0.593047 0.01 0.01
0 0.220795 0.697753 0.01 0.01
0 0.216163 0.780106 0.01 0.01
0 0.218810 0.837753 0.01 0.01
0 0.224104 0.853047 0.01 0.01
0 0.226089 0.864812 0.01 0.01
0 0.210869 0.884812 0.01 0.01
0 0.212192 0.956577 0.01 0.01
0 0.233369 0.884812 0.01 0.01
0 0.238663 0.893047 0.01 0.01
0 0.255207 0.957753 0.01 0.01
0 0.287633 0.908341 0.01 0.01
0 0.295574 0.911871 0.01 0.01
0 0.322045 0.915400 0.01 0.01
0 0.358442 0.918930 0.01 0.01
0 0.366383 0.918930 0.01 0.01
0 0.378295 0.914224 0.01 0.01
0 0.386236 0.938930 0.01 0.01
0 0.376310 0.834224 0.01 0.01
0 0.343221 0.807165 0.01 0.01
0 0.299545 0.790694 0.01 0.01
0 0.376310 0.742459 0.01 0.01
0 0.423957 0.765989 0.01 0.01
0 0.470280 0.789518 0.01 0.01
0 0.420648 0.822459 0.01 0.01
0 0.444472 0.861283 0.01 0.01
0 0.451089 0.916577 0.01 0.01
0 0.509986 0.880106 0.01 0.01
0 0.555648 0.921283 0.01 0.01
0 0.548369 0.777753 0.01 0.01
0 0.572854 0.795400 0.01 0.01
0 0.627780 0.851871 0.01 0.01
0 0.654251 0.835400 0.01 0.01
0 0.638369 0.933047 0.01 0.01
