0 0.819531 0.277778 0.01 0.01
0 0.814062 0.231944 0.01 0.01
0 0.821875 0.193056 0.01 0.01
0 0.807031 0.173611 0.01 0.01
0 0.823438 0.161111 0.01 0.01
0 0.828125 0.137500 0.01 0.01
0 0.818750 0.116667 0.01 0.01
0 0.815625 0.106944 0.01 0.01
0 0.814062 0.098611 0.01 0.01
0 0.810938 0.090278 0.01 0.01
0 0.804688 0.076389 0.01 0.01
0 0.800000 0.069444 0.01 0.01
0 0.820312 0.051389 0.01 0.01
0 0.776563 0.072222 0.01 0.01
0 0.764063 0.052778 0.01 0.01
0 0.756250 0.052778 0.01 0.01
0 0.753906 0.069444 0.01 0.01
0 0.729688 0.044444 0.01 0.01
0 0.719531 0.051389 0.01 0.01
0 0.698438 0.052778 0.01 0.01
0 0.683594 0.048611 0.01 0.01
0 0.678125 0.061111 0.01 0.01
0 0.676562 0.041667 0.01 0.01
0 0.671875 0.044444 0.01 0.01
0 0.650000 0.048611 0.01 0.01
0 0.644531 0.044444 0.01 0.01
0 0.636719 0.036111 0.01 0.01
0 0.665625 0.063889 0.01 0.01
0 0.667969 0.097222 0.01 0.01
0 0.690625 0.077778 0.01 0.01
0 0.692969 0.112500 0.01 0.01
0 0.618750 0.173611 0.01 0.01
0 0.603125 0.116667 0.01 0.01
0 0.592188 0.120833 0.01 0.01
0 0.578906 0.077778 0.01 0.01
0 0.584375 0.058333 0.01 0.01
0 0.514063 0.041667 0.01 0.01
0 0.479688 0.033333 0.01 0.01
0 0.436719 0.050000 0.01 0.01
0 0.432813 0.040278 0.01 0.01
0 0.424219 0.033333 0.01 0.01
0 0.411719 0.044444 0.01 0.01
0 0.393750 0.047222 0.01 0.01
0 0.364062 0.048611 0.01 0.01
0 0.349219 0.047222 0.01 0.01
0 0.336719 0.040278 0.01 0.01
0 0.325781 0.063889 0.01 0.01
0 0.472656 0.111111 0.01 0.01
0 0.490625 0.162500 0.01 0.01
0 0.524219 0.077778 0.01 0.01
0 0.548437 0.111111 0.01 0.01
0 0.562500 0.133333 0.01 0.01
0 0.560938 0.218056 0.01 0.01
0 0.588281 0.223611 0.01 0.01
0 0.514063 0.218056 0.01 0.01
0 0.503906 0.245833 0.01 0.01
0 0.486719 0.229167 0.01 0.01
0 0.479688 0.272222 0.01 0.01
0 0.513281 0.305556 0.01 0.01
0 0.571094 0.329167 0.01 0.01
0 0.656250 0.306944 0.01 0.01
0 0.708594 0.305556 0.01 0.01
0 0.753125 0.352778 0.01 0.01
0 0.823438 0.338889 0.01 0.01
0 0.821875 0.520833 0.01 0.01
0 0.813281 0.497222 0.01 0.01
0 0.798437 0.487500 0.01 0.01
0 0.852344 0.452778 0.01 0.01
0 0.820312 0.552778 0.01 0.01
0 0.856250 0.626389 0.01 0.01
0 0.757812 0.569444 0.01 0.01
0 0.682813 0.515278 0.01 0.01
0 0.656250 0.509722 0.01 0.01
0 0.652344 0.472222 0.01 0.01
0 0.644531 0.452778 0.01 0.01
0 0.656250 0.390278 0.01 0.01
0 0.653125 0.365278 0.01 0.01
0 0.630469 0.384722 0.01 0.01
0 0.599219 0.433333 0.01 0.01
0 0.536719 0.509722 0.01 0.01
0 0.572656 0.591667 0.01 0.01
0 0.564062 0.643056 0.01 0.01
0 0.568750 0.641667 0.01 0.01
0 0.571875 0.670833 0.01 0.01
0 0.621875 0.680556 0.01 0.01
0 0.694531 0.669444 0.01 0.01
0 0.753906 0.704167 0.01 0.01
0 0.767187 0.686111 0.01 0.01
0 0.823438 0.712500 0.01 0.01
0 0.823438 0.697222 0.01 0.01
0 0.836719 0.725000 0.01 0.01
0 0.846875 0.811111 0.01 0.01
0 0.823438 0.855556 0.01 0.01
0 0.803906 0.822222 0.01 0.01
0 0.814844 0.802778 0.01 0.01
0 0.822656 0.784722 0.01 0.01
0 0.824219 0.766667 0.01 0.01
0 0.771094 0.830556 0.01 0.01
0 0.763281 0.831944 0.01 0.01
0 0.725000 0.806944 0.01 0.01
0 0.699219 0.833333 0.01 0.01
0 0.683594 0.833333 0.01 0.01
0 0.670313 0.811111 0.01 0.01
0 0.614844 0.829167 0.01 0.01
0 0.616406 0.763889 0.01 0.01
0 0.581250 0.748611 0.01 0.01
0 0.555469 0.775000 0.01 0.01
0 0.582812 0.830556 0.01 0.01
0 0.506250 0.859722 0.01 0.01
0 0.516406 0.847222 0.01 0.01
0 0.505469 0.805556 0.01 0.01
0 0.489062 0.830556 0.01 0.01
0 0.481250 0.829167 0.01 0.01
0 0.458594 0.823611 0.01 0.01
0 0.449219 0.827778 0.01 0.01
0 0.457812 0.747222 0.01 0.01
0 0.510156 0.672222 0.01 0.01
0 0.507031 0.606944 0.01 0.01
0 0.486719 0.536111 0.01 0.01
0 0.479688 0.509722 0.01 0.01
0 0.468750 0.559722 0.01 0.01
0 0.464844 0.581944 0.01 0.01
0 0.447656 0.540278 0.01 0.01
0 0.424219 0.573611 0.01 0.01
0 0.461719 0.688889 0.01 0.01
0 0.409375 0.745833 0.01 0.01
0 0.426562 0.787500 0.01 0.01
0 0.407031 0.829167 0.01 0.01
0 0.389062 0.804167 0.01 0.01
0 0.323438 0.688889 0.01 0.01
0 0.370313 0.662500 0.01 0.01
0 0.343750 0.598611 0.01 0.01
0 0.368750 0.555556 0.01 0.01
0 0.315625 0.525000 0.01 0.01
0 0.271875 0.581944 0.01 0.01
0 0.282031 0.602778 0.01 0.01
0 0.282813 0.636111 0.01 0.01
0 0.283594 0.655556 0.01 0.01
0 0.302344 0.802778 0.01 0.01
0 0.283594 0.827778 0.01 0.01
0 0.278125 0.826389 0.01 0.01
0 0.257031 0.827778 0.01 0.01
0 0.232812 0.845833 0.01 0.01
0 0.217969 0.848611 0.01 0.01
0 0.216406 0.811111 0.01 0.01
0 0.220313 0.758333 0.01 0.01
0 0.202344 0.741667 0.01 0.01
0 0.187500 0.711111 0.01 0.01
0 0.179688 0.734722 0.01 0.01
0 0.185937 0.748611 0.01 0.01
0 0.171875 0.769444 0.01 0.01
0 0.171094 0.790278 0.01 0.01
0 0.185937 0.779167 0.01 0.01
0 0.192969 0.784722 0.01 0.01
0 0.191406 0.802778 0.01 0.01
0 0.196875 0.798611 0.01 0.01
0 0.200781 0.819444 0.01 0.01
0 0.171875 0.844444 0.01 0.01
0 0.146094 0.851389 0.01 0.01
0 0.133594 0.725000 0.01 0.01
0 0.238281 0.750000 0.01 0.01
0 0.250781 0.733333 0.01 0.01
0 0.250000 0.697222 0.01 0.01
0 0.235938 0.693056 0.01 0.01
0 0.187500 0.663889 0.01 0.01
0 0.184375 0.626389 0.01 0.01
0 0.180469 0.606944 0.01 0.01
0 0.182031 0.581944 0.01 0.01
0 0.167969 0.572222 0.01 0.01
0 0.185156 0.552778 0.01 0.01
0 0.185156 0.495833 0.01 0.01
0 0.189063 0.462500 0.01 0.01
0 0.231250 0.470833 0.01 0.01
0 0.242969 0.551389 0.01 0.01
0 0.370313 0.438889 0.01 0.01
0 0.400781 0.472222 0.01 0.01
0 0.432031 0.466667 0.01 0.01
0 0.467969 0.376389 0.01 0.01
0 0.467187 0.355556 0.01 0.01
0 0.407031 0.362500 0.01 0.01
0 0.392969 0.352778 0.01 0.01
0 0.337500 0.345833 0.01 0.01
0 0.271094 0.413889 0.01 0.01
0 0.246094 0.362500 0.01 0.01
0 0.186719 0.375000 0.01 0.01
0 0.171094 0.400000 0.01 0.01
0 0.189844 0.331944 0.01 0.01
0 0.174219 0.301389 0.01 0.01
0 0.169531 0.277778 0.01 0.01
0 0.184375 0.277778 0.01 0.01
0 0.186719 0.252778 0.01 0.01
0 0.184375 0.234722 0.01 0.01
0 0.203125 0.250000 0.01 0.01
0 0.217969 0.227778 0.01 0.01
0 0.277344 0.256944 0.01 0.01
0 0.365625 0.255556 0.01 0.01
0 0.422656 0.252778 0.01 0.01
0 0.432813 0.147222 0.01 0.01
0 0.363281 0.095833 0.01 0.01
0 0.323438 0.173611 0.01 0.01
0 0.272656 0.066667 0.01 0.01
0 0.268750 0.052778 0.01 0.01
0 0.248437 0.058333 0.01 0.01
0 0.248437 0.047222 0.01 0.01
0 0.240625 0.033333 0.01 0.01
0 0.238281 0.044444 0.01 0.01
0 0.242188 0.061111 0.01 0.01
0 0.213281 0.062500 0.01 0.01
0 0.204688 0.075000 0.01 0.01
0 0.196875 0.066667 0.01 0.01
0 0.193750 0.052778 0.01 0.01
0 0.176563 0.069444 0.01 0.01
0 0.160938 0.062500 0.01 0.01
0 0.146875 0.077778 0.01 0.01
0 0.153906 0.098611 0.01 0.01
0 0.179688 0.094444 0.01 0.01
0 0.185937 0.087500 0.01 0.01
0 0.192969 0.094444 0.01 0.01
0 0.189844 0.109722 0.01 0.01
0 0.183594 0.129167 0.01 0.01
0 0.202344 0.113889 0.01 0.01
0 0.216406 0.100000 0.01 0.01
0 0.214062 0.129167 0.01 0.01
