0 0.842192 0.893047 0.01 0.01
0 0.847486 0.863636 0.01 0.01
0 0.750869 0.844812 0.01 0.01
0 0.852119 0.687165 0.01 0.01
0 0.848148 0.577753 0.01 0.01
0 0.645648 0.548342 0.01 0.01
0 0.720427 0.490694 0.01 0.01
0 0.710501 0.467165 0.01 0.01
0 0.852780 0.207165 0.01 0.01
0 0.777339 0.181283 0.01 0.01
0 0.780648 0.145989 0.01 0.01
0 0.784619 0.068342 0.01 0.01
0 0.645648 0.181283 0.01 0.01
0 0.662854 0.313047 0.01 0.01
0 0.612560 0.148342 0.01 0.01
0 0.524545 0.060106 0.01 0.01
0 0.433222 0.084812 0.01 0.01
0 0.411383 0.047165 0.01 0.01
0 0.414030 0.030694 0.01 0.01
0 0.300869 0.240106 0.01 0.01
0 0.291604 0.229518 0.01 0.01
0 0.371677 0.551871 0.01 0.01
0 0.209545 0.664812 0.01 0.01
0 0.388883 0.747165 0.01 0.01
0 0.367707 0.900106 0.01 0.01
0 0.455722 0.953047 0.01 0.01
0 0.505354 0.925989 0.01 0.01
0 0.540427 0.820106 0.01 0.01
0 0.455722 0.780106 0.01 0.01
0 0.468957 0.695400 0.01 0.01
0 0.733001 0.941283 0.01 0.01
