0 0.832812 0.736111 0.01 0.01
0 0.828906 0.716667 0.01 0.01
0 0.843750 0.718056 0.01 0.01
0 0.869531 0.761111 0.01 0.01
0 0.867188 0.819444 0.01 0.01
0 0.846875 0.851389 0.01 0.01
0 0.831250 0.794444 0.01 0.01
0 0.833594 0.869444 0.01 0.01
0 0.815625 0.855556 0.01 0.01
0 0.805469 0.851389 0.01 0.01
0 0.798437 0.818056 0.01 0.01
0 0.783594 0.716667 0.01 0.01
0 0.749219 0.716667 0.01 0.01
0 0.775781 0.865278 0.01 0.01
0 0.763281 0.861111 0.01 0.01
0 0.741406 0.861111 0.01 0.01
0 0.717188 0.851389 0.01 0.01
0 0.707812 0.879167 0.01 0.01
0 0.805469 0.908333 0.01 0.01
0 0.832927 0.638930 0.01 0.01
0 0.809104 0.610694 0.01 0.01
0 0.829619 0.595400 0.01 0.01
0 0.824986 0.574224 0.01 0.01
0 0.830280 0.568341 0.01 0.01
0 0.823001 0.558930 0.01 0.01
0 0.795207 0.502459 0.01 0.01
0 0.860060 0.468341 0.01 0.01
0 0.830280 0.385989 0.01 0.01
0 0.801163 0.369518 0.01 0.01
0 0.826972 0.301283 0.01 0.01
0 0.855427 0.257753 0.01 0.01
0 0.833589 0.188341 0.01 0.01
0 0.829619 0.181283 0.01 0.01
0 0.834913 0.168342 0.01 0.01
0 0.806457 0.208342 0.01 0.01
0 0.839545 0.138930 0.01 0.01
0 0.824986 0.124812 0.01 0.01
0 0.819692 0.120106 0.01 0.01
0 0.826972 0.113047 0.01 0.01
0 0.838883 0.081283 0.01 0.01
0 0.813736 0.096577 0.01 0.01
0 0.791236 0.078930 0.01 0.01
0 0.776677 0.069518 0.01 0.01
0 0.772045 0.084812 0.01 0.01
0 0.769398 0.075400 0.01 0.01
0 0.761457 0.076577 0.01 0.01
0 0.758148 0.069518 0.01 0.01
0 0.766751 0.117753 0.01 0.01
0 0.743589 0.122459 0.01 0.01
0 0.740280 0.060106 0.01 0.01
0 0.730354 0.053047 0.01 0.01
0 0.723736 0.074224 0.01 0.01
0 0.718442 0.074224 0.01 0.01
0 0.702560 0.077753 0.01 0.01
0 0.687339 0.078930 0.01 0.01
0 0.672119 0.073047 0.01 0.01
0 0.675427 0.053047 0.01 0.01
0 0.659545 0.073047 0.01 0.01
0 0.650280 0.060106 0.01 0.01
0 0.648295 0.136577 0.01 0.01
0 0.700574 0.137753 0.01 0.01
0 0.744913 0.228342 0.01 0.01
0 0.619177 0.161283 0.01 0.01
0 0.605942 0.076577 0.01 0.01
0 0.593369 0.091871 0.01 0.01
0 0.588736 0.090694 0.01 0.01
0 0.591383 0.077753 0.01 0.01
0 0.570869 0.093047 0.01 0.01
0 0.553001 0.063636 0.01 0.01
0 0.526530 0.065989 0.01 0.01
0 0.511972 0.067165 0.01 0.01
0 0.493442 0.061283 0.01 0.01
0 0.472266 0.087165 0.01 0.01
0 0.451751 0.061283 0.01 0.01
0 0.437192 0.071871 0.01 0.01
0 0.431236 0.076577 0.01 0.01
0 0.462339 0.124812 0.01 0.01
0 0.474251 0.176577 0.01 0.01
0 0.488810 0.149518 0.01 0.01
0 0.498736 0.190694 0.01 0.01
0 0.536457 0.156577 0.01 0.01
0 0.568222 0.154224 0.01 0.01
0 0.609251 0.225989 0.01 0.01
0 0.590721 0.260106 0.01 0.01
0 0.637707 0.378930 0.01 0.01
0 0.651604 0.400106 0.01 0.01
0 0.640354 0.405989 0.01 0.01
0 0.702560 0.443636 0.01 0.01
0 0.668810 0.531871 0.01 0.01
0 0.680722 0.683636 0.01 0.01
0 0.703883 0.697753 0.01 0.01
0 0.731677 0.705989 0.01 0.01
0 0.642339 0.642459 0.01 0.01
0 0.634398 0.564812 0.01 0.01
0 0.659545 0.496577 0.01 0.01
0 0.609913 0.458930 0.01 0.01
0 0.590721 0.588342 0.01 0.01
0 0.580133 0.622459 0.01 0.01
0 0.572854 0.675400 0.01 0.01
0 0.577486 0.695400 0.01 0.01
0 0.584766 0.776577 0.01 0.01
0 0.588736 0.798930 0.01 0.01
0 0.619839 0.795400 0.01 0.01
0 0.601310 0.858930 0.01 0.01
0 0.587413 0.858930 0.01 0.01
0 0.587413 0.820106 0.01 0.01
0 0.545060 0.810694 0.01 0.01
0 0.529177 0.842459 0.01 0.01
0 0.521236 0.855400 0.01 0.01
0 0.492119 0.856577 0.01 0.01
0 0.474251 0.856577 0.01 0.01
0 0.457707 0.862459 0.01 0.01
0 0.409398 0.890694 0.01 0.01
0 0.401457 0.853047 0.01 0.01
0 0.396163 0.836577 0.01 0.01
0 0.424619 0.841283 0.01 0.01
0 0.459692 0.722459 0.01 0.01
0 0.468295 0.714224 0.01 0.01
0 0.521898 0.750694 0.01 0.01
0 0.509324 0.669518 0.01 0.01
0 0.515280 0.574224 0.01 0.01
0 0.544398 0.556577 0.01 0.01
0 0.583442 0.354224 0.01 0.01
0 0.559619 0.321283 0.01 0.01
0 0.538442 0.321283 0.01 0.01
0 0.509986 0.274224 0.01 0.01
0 0.513957 0.345989 0.01 0.01
0 0.510648 0.355400 0.01 0.01
0 0.485501 0.382459 0.01 0.01
0 0.474913 0.401283 0.01 0.01
0 0.462339 0.438930 0.01 0.01
0 0.455722 0.428342 0.01 0.01
0 0.449766 0.429518 0.01 0.01
0 0.427266 0.401283 0.01 0.01
0 0.427927 0.295400 0.01 0.01
0 0.382927 0.308342 0.01 0.01
0 0.401457 0.216577 0.01 0.01
0 0.373001 0.121283 0.01 0.01
0 0.386236 0.104812 0.01 0.01
0 0.396824 0.065989 0.01 0.01
0 0.371677 0.070694 0.01 0.01
0 0.347854 0.063636 0.01 0.01
0 0.335280 0.083636 0.01 0.01
0 0.310795 0.053047 0.01 0.01
0 0.272413 0.067165 0.01 0.01
0 0.263148 0.070694 0.01 0.01
0 0.248589 0.065989 0.01 0.01
0 0.261163 0.098930 0.01 0.01
0 0.191016 0.023636 0.01 0.01
0 0.193001 0.050694 0.01 0.01
0 0.216163 0.067165 0.01 0.01
0 0.220795 0.074224 0.01 0.01
0 0.214177 0.077753 0.01 0.01
0 0.226089 0.061283 0.01 0.01
0 0.218148 0.097753 0.01 0.01
0 0.208883 0.096577 0.01 0.01
0 0.212854 0.107165 0.01 0.01
0 0.207560 0.110694 0.01 0.01
0 0.202927 0.113047 0.01 0.01
0 0.198295 0.117753 0.01 0.01
0 0.197633 0.108342 0.01 0.01
0 0.200280 0.137753 0.01 0.01
0 0.213516 0.138930 0.01 0.01
0 0.221457 0.150694 0.01 0.01
0 0.175795 0.165989 0.01 0.01
0 0.169177 0.150694 0.01 0.01
0 0.185722 0.129518 0.01 0.01
0 0.195648 0.218930 0.01 0.01
0 0.222119 0.216577 0.01 0.01
0 0.295574 0.228342 0.01 0.01
0 0.295574 0.255400 0.01 0.01
0 0.259177 0.271871 0.01 0.01
0 0.193663 0.254224 0.01 0.01
0 0.194986 0.284812 0.01 0.01
0 0.194986 0.302459 0.01 0.01
0 0.186383 0.302459 0.01 0.01
0 0.172486 0.304812 0.01 0.01
0 0.177780 0.393047 0.01 0.01
0 0.183736 0.417753 0.01 0.01
0 0.194986 0.397753 0.01 0.01
0 0.193663 0.411871 0.01 0.01
0 0.251898 0.388342 0.01 0.01
0 0.207560 0.360106 0.01 0.01
0 0.334619 0.396577 0.01 0.01
0 0.383589 0.522459 0.01 0.01
0 0.320722 0.545989 0.01 0.01
0 0.251898 0.570694 0.01 0.01
0 0.270427 0.474224 0.01 0.01
0 0.197633 0.480106 0.01 0.01
0 0.191016 0.523636 0.01 0.01
0 0.143369 0.577753 0.01 0.01
0 0.142045 0.776577 0.01 0.01
0 0.137413 0.810694 0.01 0.01
0 0.435869 0.604812 0.01 0.01
0 0.463001 0.603636 0.01 0.01
0 0.479545 0.553047 0.01 0.01
0 0.495427 0.564812 0.01 0.01
0 0.449766 0.548342 0.01 0.01
0 0.374324 0.583636 0.01 0.01
0 0.353148 0.621283 0.01 0.01
0 0.330648 0.715400 0.01 0.01
0 0.298222 0.721283 0.01 0.01
0 0.286310 0.713047 0.01 0.01
0 0.287633 0.663636 0.01 0.01
0 0.288957 0.624812 0.01 0.01
0 0.277045 0.605989 0.01 0.01
0 0.254545 0.650694 0.01 0.01
0 0.241310 0.628341 0.01 0.01
0 0.195648 0.587165 0.01 0.01
0 0.189692 0.636577 0.01 0.01
0 0.173148 0.628341 0.01 0.01
0 0.189030 0.677753 0.01 0.01
0 0.194986 0.683636 0.01 0.01
0 0.185722 0.709518 0.01 0.01
0 0.158589 0.690694 0.01 0.01
0 0.157927 0.664812 0.01 0.01
0 0.237339 0.718930 0.01 0.01
0 0.245280 0.722459 0.01 0.01
0 0.259177 0.741283 0.01 0.01
0 0.245942 0.769518 0.01 0.01
0 0.202927 0.762459 0.01 0.01
0 0.186383 0.758930 0.01 0.01
0 0.187045 0.783636 0.01 0.01
0 0.190354 0.782459 0.01 0.01
0 0.198957 0.803636 0.01 0.01
0 0.202266 0.814224 0.01 0.01
0 0.209545 0.821283 0.01 0.01
0 0.203589 0.827165 0.01 0.01
0 0.211530 0.831871 0.01 0.01
0 0.208222 0.842459 0.01 0.01
0 0.221457 0.835400 0.01 0.01
0 0.226089 0.830694 0.01 0.01
0 0.185060 0.824812 0.01 0.01
0 0.177780 0.871871 0.01 0.01
0 0.187707 0.893047 0.01 0.01
0 0.201604 0.887165 0.01 0.01
0 0.239324 0.882459 0.01 0.01
0 0.238001 0.853047 0.01 0.01
0 0.261163 0.849518 0.01 0.01
0 0.267119 0.849518 0.01 0.01
0 0.290280 0.854224 0.01 0.01
0 0.341236 0.853047 0.01 0.01
0 0.665501 0.382459 0.01 0.01
