0 0.786604 0.078930 0.01 0.01
0 0.781310 0.148342 0.01 0.01
0 0.782633 0.180106 0.01 0.01
0 0.850133 0.207165 0.01 0.01
0 0.822339 0.314224 0.01 0.01
0 0.848148 0.578930 0.01 0.01
0 0.851457 0.694224 0.01 0.01
0 0.846824 0.847165 0.01 0.01
0 0.839545 0.883636 0.01 0.01
0 0.753516 0.845989 0.01 0.01
0 0.721751 0.500106 0.01 0.01
0 0.716457 0.463636 0.01 0.01
0 0.639030 0.549518 0.01 0.01
0 0.543736 0.840106 0.01 0.01
0 0.497413 0.935400 0.01 0.01
0 0.460354 0.951871 0.01 0.01
0 0.360427 0.920106 0.01 0.01
0 0.210869 0.669518 0.01 0.01
0 0.387560 0.743636 0.01 0.01
0 0.457707 0.750694 0.01 0.01
0 0.467633 0.687165 0.01 0.01
0 0.373001 0.549518 0.01 0.01
0 0.384913 0.393047 0.01 0.01
0 0.296898 0.202459 0.01 0.01
0 0.294913 0.229518 0.01 0.01
0 0.396163 0.044812 0.01 0.01
0 0.452413 0.028342 0.01 0.01
0 0.456383 0.091871 0.01 0.01
0 0.543074 0.063636 0.01 0.01
0 0.609913 0.150694 0.01 0.01
0 0.635722 0.147165 0.01 0.01
0 0.594692 0.449518 0.01 0.01
