0 0.582812 0.918056 0.01 0.01
0 0.561719 0.890278 0.01 0.01
0 0.852344 0.855556 0.01 0.01
0 0.789844 0.825000 0.01 0.01
0 0.258594 0.884722 0.01 0.01
0 0.234375 0.725000 0.01 0.01
0 0.510156 0.804167 0.01 0.01
0 0.482812 0.712500 0.01 0.01
0 0.380469 0.725000 0.01 0.01
0 0.440625 0.656944 0.01 0.01
0 0.355469 0.550000 0.01 0.01
0 0.411719 0.329167 0.01 0.01
0 0.295312 0.173611 0.01 0.01
0 0.134375 0.063889 0.01 0.01
0 0.471094 0.323611 0.01 0.01
0 0.619531 0.566667 0.01 0.01
0 0.857031 0.802778 0.01 0.01
0 0.860156 0.545833 0.01 0.01
0 0.882812 0.577778 0.01 0.01
0 0.817969 0.470833 0.01 0.01
0 0.751562 0.402778 0.01 0.01
0 0.724219 0.433333 0.01 0.01
0 0.640625 0.072222 0.01 0.01
0 0.700000 0.154167 0.01 0.01
0 0.793750 0.161111 0.01 0.01
0 0.833594 0.254167 0.01 0.01
0 0.864062 0.163889 0.01 0.01
0 0.855469 0.112500 0.01 0.01
0 0.802344 0.077778 0.01 0.01
0 0.782031 0.029167 0.01 0.01
