0 0.810427 0.116577 0.01 0.01
0 0.804471 0.120106 0.01 0.01
0 0.802486 0.108342 0.01 0.01
0 0.799839 0.123636 0.01 0.01
0 0.807119 0.143636 0.01 0.01
0 0.817707 0.163636 0.01 0.01
0 0.810427 0.164812 0.01 0.01
0 0.807780 0.183636 0.01 0.01
0 0.806457 0.196577 0.01 0.01
0 0.815060 0.278930 0.01 0.01
0 0.807119 0.303636 0.01 0.01
0 0.762780 0.240106 0.01 0.01
0 0.750869 0.200106 0.01 0.01
0 0.715133 0.237753 0.01 0.01
0 0.686016 0.137753 0.01 0.01
0 0.658883 0.098930 0.01 0.01
0 0.668810 0.070694 0.01 0.01
0 0.663516 0.061283 0.01 0.01
0 0.688001 0.076577 0.01 0.01
0 0.704545 0.089518 0.01 0.01
0 0.707192 0.068342 0.01 0.01
0 0.719104 0.075400 0.01 0.01
0 0.725721 0.074224 0.01 0.01
0 0.737633 0.076577 0.01 0.01
0 0.746236 0.036577 0.01 0.01
0 0.747560 0.083636 0.01 0.01
0 0.755501 0.075400 0.01 0.01
0 0.760795 0.076577 0.01 0.01
0 0.768736 0.103636 0.01 0.01
0 0.791236 0.074224 0.01 0.01
0 0.813736 0.442459 0.01 0.01
0 0.817707 0.463636 0.01 0.01
0 0.834251 0.510694 0.01 0.01
0 0.844839 0.564812 0.01 0.01
0 0.842854 0.624812 0.01 0.01
0 0.809766 0.580106 0.01 0.01
0 0.804471 0.527165 0.01 0.01
0 0.799177 0.525989 0.01 0.01
0 0.764766 0.523636 0.01 0.01
0 0.803810 0.677753 0.01 0.01
0 0.800501 0.554224 0.01 0.01
0 0.821677 0.743636 0.01 0.01
0 0.815722 0.787165 0.01 0.01
0 0.822339 0.790694 0.01 0.01
0 0.831604 0.802459 0.01 0.01
0 0.834251 0.828341 0.01 0.01
0 0.803148 0.831871 0.01 0.01
0 0.804471 0.820106 0.01 0.01
0 0.802486 0.805989 0.01 0.01
0 0.797854 0.797753 0.01 0.01
0 0.792560 0.861283 0.01 0.01
0 0.763442 0.855400 0.01 0.01
0 0.748222 0.856577 0.01 0.01
0 0.714472 0.862459 0.01 0.01
0 0.688001 0.857753 0.01 0.01
0 0.654913 0.857753 0.01 0.01
0 0.617192 0.881283 0.01 0.01
0 0.601972 0.891871 0.01 0.01
0 0.610574 0.854224 0.01 0.01
0 0.609913 0.793047 0.01 0.01
0 0.704545 0.781283 0.01 0.01
0 0.667486 0.711871 0.01 0.01
0 0.687339 0.695400 0.01 0.01
0 0.712486 0.798930 0.01 0.01
0 0.746898 0.730694 0.01 0.01
0 0.731016 0.704812 0.01 0.01
0 0.733663 0.678930 0.01 0.01
0 0.697266 0.636577 0.01 0.01
0 0.714472 0.504812 0.01 0.01
0 0.666163 0.501283 0.01 0.01
0 0.642339 0.498930 0.01 0.01
0 0.618516 0.495400 0.01 0.01
0 0.599324 0.490694 0.01 0.01
0 0.621824 0.407165 0.01 0.01
0 0.646310 0.385989 0.01 0.01
0 0.669472 0.375400 0.01 0.01
0 0.716457 0.337753 0.01 0.01
0 0.631751 0.182459 0.01 0.01
0 0.601310 0.113047 0.01 0.01
0 0.613883 0.094224 0.01 0.01
0 0.623148 0.082459 0.01 0.01
0 0.592707 0.073047 0.01 0.01
0 0.570207 0.070694 0.01 0.01
0 0.577486 0.087165 0.01 0.01
0 0.569545 0.101283 0.01 0.01
0 0.544398 0.071871 0.01 0.01
0 0.560942 0.183636 0.01 0.01
0 0.582780 0.245989 0.01 0.01
0 0.569545 0.322459 0.01 0.01
0 0.560942 0.356577 0.01 0.01
0 0.546383 0.334224 0.01 0.01
0 0.522560 0.305989 0.01 0.01
0 0.511972 0.329518 0.01 0.01
0 0.501383 0.248342 0.01 0.01
0 0.519913 0.217753 0.01 0.01
0 0.517927 0.195400 0.01 0.01
0 0.504692 0.196577 0.01 0.01
0 0.485501 0.184812 0.01 0.01
0 0.468295 0.151871 0.01 0.01
0 0.464324 0.145989 0.01 0.01
0 0.476236 0.116577 0.01 0.01
0 0.501383 0.068342 0.01 0.01
0 0.467633 0.070694 0.01 0.01
0 0.462339 0.054224 0.01 0.01
0 0.590721 0.587165 0.01 0.01
0 0.562927 0.615400 0.01 0.01
0 0.538442 0.513047 0.01 0.01
0 0.554324 0.662459 0.01 0.01
0 0.564251 0.695400 0.01 0.01
0 0.572192 0.774224 0.01 0.01
0 0.573516 0.853047 0.01 0.01
0 0.541751 0.844812 0.01 0.01
0 0.533810 0.784812 0.01 0.01
0 0.486824 0.854224 0.01 0.01
0 0.480869 0.876577 0.01 0.01
0 0.437854 0.850694 0.01 0.01
0 0.429251 0.851871 0.01 0.01
0 0.393516 0.857753 0.01 0.01
0 0.428589 0.811871 0.01 0.01
0 0.421971 0.802459 0.01 0.01
0 0.440501 0.791871 0.01 0.01
0 0.475574 0.789518 0.01 0.01
0 0.470942 0.725989 0.01 0.01
0 0.480207 0.654224 0.01 0.01
0 0.509986 0.616577 0.01 0.01
0 0.458369 0.607165 0.01 0.01
0 0.477560 0.551871 0.01 0.01
0 0.481530 0.524812 0.01 0.01
0 0.438516 0.533047 0.01 0.01
0 0.428589 0.614224 0.01 0.01
0 0.422633 0.677753 0.01 0.01
0 0.378957 0.780106 0.01 0.01
0 0.369692 0.623636 0.01 0.01
0 0.341236 0.655400 0.01 0.01
0 0.315427 0.641283 0.01 0.01
0 0.328663 0.623636 0.01 0.01
0 0.286310 0.849518 0.01 0.01
0 0.274398 0.851871 0.01 0.01
0 0.253883 0.847165 0.01 0.01
0 0.261824 0.855400 0.01 0.01
0 0.241310 0.840106 0.01 0.01
0 0.216824 0.851871 0.01 0.01
0 0.218810 0.871871 0.01 0.01
0 0.183736 0.907165 0.01 0.01
0 0.158589 0.868342 0.01 0.01
0 0.177780 0.843636 0.01 0.01
0 0.190354 0.824812 0.01 0.01
0 0.200280 0.841283 0.01 0.01
0 0.206898 0.835400 0.01 0.01
0 0.210869 0.784812 0.01 0.01
0 0.230060 0.769518 0.01 0.01
0 0.243957 0.760106 0.01 0.01
0 0.266457 0.763636 0.01 0.01
0 0.236016 0.710694 0.01 0.01
0 0.228736 0.716577 0.01 0.01
0 0.169839 0.783636 0.01 0.01
0 0.175795 0.777753 0.01 0.01
0 0.172486 0.773047 0.01 0.01
0 0.168516 0.757753 0.01 0.01
0 0.173810 0.742459 0.01 0.01
0 0.176457 0.727165 0.01 0.01
0 0.167854 0.725989 0.01 0.01
0 0.128148 0.675400 0.01 0.01
0 0.171824 0.697753 0.01 0.01
0 0.176457 0.694224 0.01 0.01
0 0.176457 0.681283 0.01 0.01
0 0.173148 0.651871 0.01 0.01
0 0.168516 0.614224 0.01 0.01
0 0.175795 0.561283 0.01 0.01
0 0.169177 0.534224 0.01 0.01
0 0.175795 0.531871 0.01 0.01
0 0.189692 0.484812 0.01 0.01
0 0.193663 0.477753 0.01 0.01
0 0.200942 0.447165 0.01 0.01
0 0.215501 0.513047 0.01 0.01
0 0.235354 0.574224 0.01 0.01
0 0.256530 0.647165 0.01 0.01
0 0.275060 0.622459 0.01 0.01
0 0.264472 0.608342 0.01 0.01
0 0.293589 0.557753 0.01 0.01
0 0.303516 0.547165 0.01 0.01
0 0.374986 0.567165 0.01 0.01
0 0.395501 0.568341 0.01 0.01
0 0.392854 0.529518 0.01 0.01
0 0.404766 0.501283 0.01 0.01
0 0.368369 0.410694 0.01 0.01
0 0.432560 0.376577 0.01 0.01
0 0.460354 0.402459 0.01 0.01
0 0.447119 0.309518 0.01 0.01
0 0.428589 0.305989 0.01 0.01
0 0.427266 0.178930 0.01 0.01
0 0.431898 0.103636 0.01 0.01
0 0.415354 0.060106 0.01 0.01
0 0.410060 0.071871 0.01 0.01
0 0.390207 0.073047 0.01 0.01
0 0.374324 0.128342 0.01 0.01
0 0.368369 0.077753 0.01 0.01
0 0.339913 0.102459 0.01 0.01
0 0.346530 0.214224 0.01 0.01
0 0.317413 0.085989 0.01 0.01
0 0.322707 0.051871 0.01 0.01
0 0.277045 0.128342 0.01 0.01
0 0.257192 0.069518 0.01 0.01
0 0.257854 0.075400 0.01 0.01
0 0.247266 0.070694 0.01 0.01
0 0.236016 0.073047 0.01 0.01
0 0.232045 0.074224 0.01 0.01
0 0.224104 0.077753 0.01 0.01
0 0.229398 0.087165 0.01 0.01
0 0.224766 0.062459 0.01 0.01
0 0.204913 0.084812 0.01 0.01
0 0.200280 0.083636 0.01 0.01
0 0.185060 0.073047 0.01 0.01
0 0.174472 0.074224 0.01 0.01
0 0.151972 0.083636 0.01 0.01
0 0.149324 0.097753 0.01 0.01
0 0.140060 0.090694 0.01 0.01
0 0.187045 0.102459 0.01 0.01
0 0.190354 0.105989 0.01 0.01
0 0.189030 0.109518 0.01 0.01
0 0.183074 0.136577 0.01 0.01
0 0.189692 0.163636 0.01 0.01
0 0.202927 0.157753 0.01 0.01
0 0.216163 0.151871 0.01 0.01
0 0.213516 0.202459 0.01 0.01
0 0.179766 0.188341 0.01 0.01
0 0.180427 0.247165 0.01 0.01
0 0.180427 0.277753 0.01 0.01
0 0.194986 0.273047 0.01 0.01
0 0.173148 0.293047 0.01 0.01
0 0.175133 0.302459 0.01 0.01
0 0.165207 0.350694 0.01 0.01
0 0.177780 0.375400 0.01 0.01
0 0.177119 0.400106 0.01 0.01
0 0.167854 0.430694 0.01 0.01
0 0.236677 0.403636 0.01 0.01
0 0.236016 0.387165 0.01 0.01
0 0.261824 0.449518 0.01 0.01
0 0.272413 0.342459 0.01 0.01
0 0.221457 0.281283 0.01 0.01
0 0.250574 0.260106 0.01 0.01
0 0.291604 0.233047 0.01 0.01
0 0.353810 0.858930 0.01 0.01
0 0.314766 0.857753 0.01 0.01
