0 0.741406 0.083333 0.01 0.01
0 0.805469 0.077778 0.01 0.01
0 0.812500 0.081944 0.01 0.01
0 0.820312 0.086111 0.01 0.01
0 0.850781 0.105556 0.01 0.01
0 0.855469 0.093056 0.01 0.01
0 0.860937 0.130556 0.01 0.01
0 0.869531 0.162500 0.01 0.01
0 0.869531 0.179167 0.01 0.01
0 0.880469 0.219444 0.01 0.01
0 0.837500 0.172222 0.01 0.01
0 0.867969 0.279167 0.01 0.01
0 0.841406 0.338889 0.01 0.01
0 0.818750 0.277778 0.01 0.01
0 0.864844 0.397222 0.01 0.01
0 0.773438 0.490278 0.01 0.01
0 0.647656 0.406944 0.01 0.01
0 0.617969 0.375000 0.01 0.01
0 0.586719 0.422222 0.01 0.01
0 0.615625 0.341667 0.01 0.01
0 0.593750 0.238889 0.01 0.01
0 0.600781 0.222222 0.01 0.01
0 0.591406 0.200000 0.01 0.01
0 0.669531 0.216667 0.01 0.01
0 0.641406 0.090278 0.01 0.01
0 0.584375 0.086111 0.01 0.01
0 0.529688 0.079167 0.01 0.01
0 0.533594 0.113889 0.01 0.01
0 0.513281 0.206944 0.01 0.01
0 0.517969 0.244444 0.01 0.01
0 0.500000 0.223611 0.01 0.01
0 0.478906 0.234722 0.01 0.01
0 0.490625 0.147222 0.01 0.01
0 0.389062 0.152778 0.01 0.01
0 0.401563 0.091667 0.01 0.01
0 0.372656 0.108333 0.01 0.01
0 0.355469 0.106944 0.01 0.01
0 0.300781 0.136111 0.01 0.01
0 0.280469 0.072222 0.01 0.01
0 0.239844 0.016667 0.01 0.01
0 0.259375 0.087500 0.01 0.01
0 0.228125 0.122222 0.01 0.01
0 0.223438 0.133333 0.01 0.01
0 0.219531 0.161111 0.01 0.01
0 0.312500 0.354167 0.01 0.01
0 0.378125 0.454167 0.01 0.01
0 0.550000 0.473611 0.01 0.01
0 0.865625 0.584722 0.01 0.01
0 0.872656 0.552778 0.01 0.01
0 0.819531 0.541667 0.01 0.01
0 0.759375 0.623611 0.01 0.01
0 0.755469 0.597222 0.01 0.01
0 0.685156 0.687500 0.01 0.01
0 0.664062 0.688889 0.01 0.01
0 0.746094 0.766667 0.01 0.01
0 0.757812 0.730556 0.01 0.01
0 0.775000 0.759722 0.01 0.01
0 0.769531 0.812500 0.01 0.01
0 0.853906 0.691667 0.01 0.01
0 0.853906 0.800000 0.01 0.01
0 0.852344 0.823611 0.01 0.01
0 0.846094 0.854167 0.01 0.01
0 0.889844 0.816667 0.01 0.01
0 0.871094 0.931944 0.01 0.01
0 0.775781 0.908333 0.01 0.01
0 0.755469 0.890278 0.01 0.01
0 0.742188 0.887500 0.01 0.01
0 0.738281 0.904167 0.01 0.01
0 0.722656 0.876389 0.01 0.01
0 0.717969 0.848611 0.01 0.01
0 0.693750 0.833333 0.01 0.01
0 0.633594 0.879167 0.01 0.01
0 0.560938 0.838889 0.01 0.01
0 0.628125 0.763889 0.01 0.01
0 0.621094 0.693056 0.01 0.01
0 0.600781 0.679167 0.01 0.01
0 0.609375 0.647222 0.01 0.01
0 0.614062 0.620833 0.01 0.01
0 0.593750 0.598611 0.01 0.01
0 0.567187 0.576389 0.01 0.01
0 0.581250 0.645833 0.01 0.01
0 0.532812 0.634722 0.01 0.01
0 0.467969 0.606944 0.01 0.01
0 0.477344 0.577778 0.01 0.01
0 0.474219 0.563889 0.01 0.01
0 0.443750 0.638889 0.01 0.01
0 0.401563 0.668056 0.01 0.01
0 0.378906 0.708333 0.01 0.01
0 0.531250 0.793056 0.01 0.01
0 0.527344 0.855556 0.01 0.01
0 0.527344 0.870833 0.01 0.01
0 0.505469 0.801389 0.01 0.01
0 0.471875 0.850000 0.01 0.01
0 0.475781 0.870833 0.01 0.01
0 0.419531 0.879167 0.01 0.01
0 0.374219 0.862500 0.01 0.01
0 0.361719 0.866667 0.01 0.01
0 0.361719 0.795833 0.01 0.01
0 0.326562 0.809722 0.01 0.01
0 0.296094 0.856944 0.01 0.01
0 0.273438 0.865278 0.01 0.01
0 0.262500 0.859722 0.01 0.01
0 0.253906 0.866667 0.01 0.01
0 0.259375 0.834722 0.01 0.01
0 0.214062 0.793056 0.01 0.01
0 0.180469 0.841667 0.01 0.01
0 0.206250 0.750000 0.01 0.01
0 0.207813 0.745833 0.01 0.01
0 0.208594 0.711111 0.01 0.01
0 0.209375 0.702778 0.01 0.01
0 0.209375 0.647222 0.01 0.01
0 0.223438 0.629167 0.01 0.01
0 0.257812 0.615278 0.01 0.01
0 0.255469 0.686111 0.01 0.01
0 0.294531 0.733333 0.01 0.01
0 0.330469 0.758333 0.01 0.01
0 0.331250 0.747222 0.01 0.01
0 0.328125 0.690278 0.01 0.01
0 0.308594 0.638889 0.01 0.01
