0 0.721089 0.495400 0.01 0.01
0 0.715133 0.465989 0.01 0.01
0 0.635722 0.549518 0.01 0.01
0 0.754177 0.842459 0.01 0.01
0 0.841530 0.881283 0.01 0.01
0 0.847486 0.853047 0.01 0.01
0 0.852119 0.688341 0.01 0.01
0 0.847486 0.574224 0.01 0.01
0 0.824324 0.311871 0.01 0.01
0 0.852119 0.191871 0.01 0.01
0 0.782633 0.181283 0.01 0.01
0 0.781310 0.145989 0.01 0.01
0 0.785942 0.076577 0.01 0.01
0 0.635722 0.150694 0.01 0.01
0 0.672780 0.293047 0.01 0.01
0 0.611236 0.147165 0.01 0.01
0 0.539104 0.065989 0.01 0.01
0 0.540427 0.024812 0.01 0.01
0 0.453736 0.091871 0.01 0.01
0 0.455060 0.025989 0.01 0.01
0 0.398810 0.045989 0.01 0.01
0 0.297560 0.208342 0.01 0.01
0 0.291604 0.231871 0.01 0.01
0 0.384913 0.395400 0.01 0.01
0 0.371016 0.541283 0.01 0.01
0 0.210207 0.663636 0.01 0.01
0 0.359766 0.913047 0.01 0.01
0 0.386236 0.744812 0.01 0.01
0 0.457707 0.750694 0.01 0.01
0 0.468957 0.683636 0.01 0.01
0 0.542413 0.830694 0.01 0.01
0 0.496089 0.929518 0.01 0.01
0 0.459692 0.957753 0.01 0.01
0 0.593369 0.448341 0.01 0.01
