0 0.799839 0.922459 0.01 0.01
0 0.811089 0.873047 0.01 0.01
0 0.822339 0.854224 0.01 0.01
0 0.828957 0.844812 0.01 0.01
0 0.824324 0.851871 0.01 0.01
0 0.838222 0.805989 0.01 0.01
0 0.834913 0.781283 0.01 0.01
0 0.855427 0.776577 0.01 0.01
0 0.848810 0.750694 0.01 0.01
0 0.836898 0.753047 0.01 0.01
0 0.781972 0.805989 0.01 0.01
0 0.756163 0.803636 0.01 0.01
0 0.740942 0.831871 0.01 0.01
0 0.733663 0.876577 0.01 0.01
0 0.729030 0.889518 0.01 0.01
0 0.723736 0.893047 0.01 0.01
0 0.685354 0.889518 0.01 0.01
0 0.660869 0.888342 0.01 0.01
0 0.654913 0.890694 0.01 0.01
0 0.619839 0.888342 0.01 0.01
0 0.613883 0.935400 0.01 0.01
0 0.596016 0.885989 0.01 0.01
0 0.580133 0.904812 0.01 0.01
0 0.502707 0.847165 0.01 0.01
0 0.474251 0.847165 0.01 0.01
0 0.448442 0.875400 0.01 0.01
0 0.388883 0.889518 0.01 0.01
0 0.369692 0.887165 0.01 0.01
0 0.361089 0.898930 0.01 0.01
0 0.333957 0.937753 0.01 0.01
0 0.693295 0.831871 0.01 0.01
0 0.736310 0.748342 0.01 0.01
0 0.710501 0.716577 0.01 0.01
0 0.707192 0.665989 0.01 0.01
0 0.746236 0.662459 0.01 0.01
0 0.766089 0.728342 0.01 0.01
0 0.801163 0.674224 0.01 0.01
0 0.803148 0.621283 0.01 0.01
0 0.813736 0.581283 0.01 0.01
0 0.835574 0.628341 0.01 0.01
0 0.866677 0.640106 0.01 0.01
0 0.832927 0.483636 0.01 0.01
0 0.819692 0.430694 0.01 0.01
0 0.827633 0.404812 0.01 0.01
0 0.862045 0.390694 0.01 0.01
0 0.866677 0.302459 0.01 0.01
0 0.829619 0.320106 0.01 0.01
0 0.834913 0.273047 0.01 0.01
0 0.834913 0.253047 0.01 0.01
0 0.822339 0.243636 0.01 0.01
0 0.833589 0.224812 0.01 0.01
0 0.830942 0.161283 0.01 0.01
0 0.830942 0.115400 0.01 0.01
0 0.846163 0.115400 0.01 0.01
0 0.811751 0.122459 0.01 0.01
0 0.811751 0.107165 0.01 0.01
0 0.805133 0.108342 0.01 0.01
0 0.789251 0.100106 0.01 0.01
0 0.779986 0.097753 0.01 0.01
0 0.779986 0.087165 0.01 0.01
0 0.774030 0.100106 0.01 0.01
0 0.769398 0.088342 0.01 0.01
0 0.757486 0.163636 0.01 0.01
0 0.729692 0.131871 0.01 0.01
0 0.734324 0.162459 0.01 0.01
0 0.722413 0.117753 0.01 0.01
0 0.741604 0.096577 0.01 0.01
0 0.729692 0.075400 0.01 0.01
0 0.715133 0.083636 0.01 0.01
0 0.713810 0.093047 0.01 0.01
0 0.697266 0.068342 0.01 0.01
0 0.686677 0.096577 0.01 0.01
0 0.675427 0.091871 0.01 0.01
0 0.666163 0.076577 0.01 0.01
0 0.692633 0.149518 0.01 0.01
0 0.688001 0.227165 0.01 0.01
0 0.728369 0.262459 0.01 0.01
0 0.729692 0.398930 0.01 0.01
0 0.616530 0.098930 0.01 0.01
0 0.605942 0.091871 0.01 0.01
0 0.593369 0.093047 0.01 0.01
0 0.609251 0.218930 0.01 0.01
0 0.615207 0.273047 0.01 0.01
0 0.648957 0.296577 0.01 0.01
0 0.649619 0.334224 0.01 0.01
0 0.674104 0.388342 0.01 0.01
0 0.672119 0.416577 0.01 0.01
0 0.667486 0.457753 0.01 0.01
0 0.639030 0.435400 0.01 0.01
0 0.654913 0.518930 0.01 0.01
0 0.672119 0.595400 0.01 0.01
0 0.650280 0.591871 0.01 0.01
0 0.643663 0.608342 0.01 0.01
0 0.607266 0.642459 0.01 0.01
0 0.582119 0.727165 0.01 0.01
0 0.566236 0.681283 0.01 0.01
0 0.537119 0.651871 0.01 0.01
0 0.549030 0.616577 0.01 0.01
0 0.526530 0.610694 0.01 0.01
0 0.581457 0.618930 0.01 0.01
0 0.592045 0.587165 0.01 0.01
0 0.580133 0.557753 0.01 0.01
0 0.588736 0.544812 0.01 0.01
0 0.530501 0.453047 0.01 0.01
0 0.527854 0.395400 0.01 0.01
0 0.500060 0.395400 0.01 0.01
0 0.494766 0.402459 0.01 0.01
0 0.490133 0.401283 0.01 0.01
0 0.521898 0.438930 0.01 0.01
0 0.455060 0.391871 0.01 0.01
0 0.498074 0.310694 0.01 0.01
0 0.542413 0.320106 0.01 0.01
0 0.569545 0.296577 0.01 0.01
0 0.468957 0.267165 0.01 0.01
0 0.435869 0.254224 0.01 0.01
0 0.453736 0.169518 0.01 0.01
0 0.448442 0.151871 0.01 0.01
0 0.489472 0.176577 0.01 0.01
0 0.503369 0.195400 0.01 0.01
0 0.545722 0.171871 0.01 0.01
0 0.564251 0.160106 0.01 0.01
0 0.562927 0.091871 0.01 0.01
0 0.529177 0.098930 0.01 0.01
0 0.516604 0.090694 0.01 0.01
0 0.498074 0.100106 0.01 0.01
0 0.491457 0.135400 0.01 0.01
0 0.482854 0.077753 0.01 0.01
0 0.490133 0.057753 0.01 0.01
0 0.464986 0.104812 0.01 0.01
0 0.455060 0.089518 0.01 0.01
0 0.418663 0.097753 0.01 0.01
0 0.386236 0.101283 0.01 0.01
0 0.406089 0.096577 0.01 0.01
0 0.377633 0.090694 0.01 0.01
0 0.393516 0.187165 0.01 0.01
0 0.384251 0.271871 0.01 0.01
0 0.362413 0.201283 0.01 0.01
0 0.359104 0.171871 0.01 0.01
0 0.368369 0.160106 0.01 0.01
0 0.340574 0.154224 0.01 0.01
0 0.330648 0.150694 0.01 0.01
0 0.313442 0.140106 0.01 0.01
0 0.337266 0.113047 0.01 0.01
0 0.323369 0.097753 0.01 0.01
0 0.316089 0.100106 0.01 0.01
0 0.297560 0.090694 0.01 0.01
0 0.296898 0.056577 0.01 0.01
0 0.283001 0.070694 0.01 0.01
0 0.503369 0.782459 0.01 0.01
0 0.487486 0.745989 0.01 0.01
0 0.486824 0.715400 0.01 0.01
0 0.504692 0.715400 0.01 0.01
0 0.462339 0.680106 0.01 0.01
0 0.432560 0.728342 0.01 0.01
0 0.420648 0.724812 0.01 0.01
0 0.398148 0.767165 0.01 0.01
0 0.396824 0.809518 0.01 0.01
0 0.451089 0.638930 0.01 0.01
0 0.489472 0.637753 0.01 0.01
0 0.486163 0.584812 0.01 0.01
0 0.500722 0.578930 0.01 0.01
0 0.504030 0.549518 0.01 0.01
0 0.492119 0.557753 0.01 0.01
0 0.449766 0.524812 0.01 0.01
0 0.434545 0.480106 0.01 0.01
0 0.402780 0.454224 0.01 0.01
0 0.298222 0.271871 0.01 0.01
0 0.289619 0.265989 0.01 0.01
0 0.269104 0.293047 0.01 0.01
0 0.222119 0.296577 0.01 0.01
0 0.191016 0.305989 0.01 0.01
0 0.187707 0.263636 0.01 0.01
0 0.189692 0.204812 0.01 0.01
0 0.177780 0.194224 0.01 0.01
0 0.159913 0.091871 0.01 0.01
0 0.200280 0.062459 0.01 0.01
0 0.224766 0.051871 0.01 0.01
0 0.231383 0.085989 0.01 0.01
0 0.245280 0.094224 0.01 0.01
0 0.230722 0.060106 0.01 0.01
0 0.277707 0.090694 0.01 0.01
0 0.273074 0.094224 0.01 0.01
0 0.273074 0.124812 0.01 0.01
0 0.269766 0.173047 0.01 0.01
0 0.290942 0.224812 0.01 0.01
0 0.218148 0.116577 0.01 0.01
0 0.206236 0.124812 0.01 0.01
0 0.206236 0.133047 0.01 0.01
0 0.198957 0.123636 0.01 0.01
0 0.210207 0.138930 0.01 0.01
0 0.195648 0.154224 0.01 0.01
0 0.192339 0.373047 0.01 0.01
0 0.187045 0.395400 0.01 0.01
0 0.190354 0.423636 0.01 0.01
0 0.191016 0.449518 0.01 0.01
0 0.182413 0.440106 0.01 0.01
0 0.189030 0.468341 0.01 0.01
0 0.161236 0.464812 0.01 0.01
0 0.154619 0.498930 0.01 0.01
0 0.141383 0.495400 0.01 0.01
0 0.211530 0.407165 0.01 0.01
0 0.235354 0.480106 0.01 0.01
0 0.249251 0.447165 0.01 0.01
0 0.323369 0.425989 0.01 0.01
0 0.332633 0.511871 0.01 0.01
0 0.304839 0.504812 0.01 0.01
0 0.297560 0.554224 0.01 0.01
0 0.314766 0.601283 0.01 0.01
0 0.324692 0.594224 0.01 0.01
0 0.390207 0.587165 0.01 0.01
0 0.398148 0.607165 0.01 0.01
0 0.396163 0.622459 0.01 0.01
0 0.338589 0.713047 0.01 0.01
0 0.325354 0.648341 0.01 0.01
0 0.304177 0.677753 0.01 0.01
0 0.281677 0.722459 0.01 0.01
0 0.247927 0.607165 0.01 0.01
0 0.228736 0.648341 0.01 0.01
0 0.193001 0.642459 0.01 0.01
0 0.183736 0.633047 0.01 0.01
0 0.186383 0.590694 0.01 0.01
0 0.186383 0.531871 0.01 0.01
0 0.190354 0.509518 0.01 0.01
0 0.184398 0.508341 0.01 0.01
0 0.184398 0.667165 0.01 0.01
0 0.187045 0.683636 0.01 0.01
0 0.182413 0.741283 0.01 0.01
0 0.187707 0.756577 0.01 0.01
0 0.228736 0.733047 0.01 0.01
0 0.238001 0.769518 0.01 0.01
0 0.231383 0.783636 0.01 0.01
0 0.204913 0.808341 0.01 0.01
0 0.195648 0.803636 0.01 0.01
0 0.189030 0.816577 0.01 0.01
0 0.177119 0.802459 0.01 0.01
0 0.172486 0.816577 0.01 0.01
0 0.216163 0.828341 0.01 0.01
0 0.213516 0.836577 0.01 0.01
0 0.215501 0.860106 0.01 0.01
0 0.210869 0.875400 0.01 0.01
0 0.189030 0.861283 0.01 0.01
0 0.206898 0.917753 0.01 0.01
0 0.222119 0.875400 0.01 0.01
0 0.241310 0.883636 0.01 0.01
0 0.273074 0.904812 0.01 0.01
0 0.278369 0.882459 0.01 0.01
0 0.293589 0.883636 0.01 0.01
0 0.306163 0.898930 0.01 0.01
0 0.285648 0.854224 0.01 0.01
