0 0.267119 0.156577 0.01 0.01
0 0.293589 0.233047 0.01 0.01
0 0.289619 0.311871 0.01 0.01
0 0.225427 0.620106 0.01 0.01
0 0.373001 0.478930 0.01 0.01
0 0.397486 0.509518 0.01 0.01
0 0.397486 0.722459 0.01 0.01
0 0.445133 0.937753 0.01 0.01
0 0.443148 0.813047 0.01 0.01
0 0.446457 0.722459 0.01 0.01
0 0.478222 0.673047 0.01 0.01
0 0.547707 0.810694 0.01 0.01
0 0.640354 0.857753 0.01 0.01
0 0.701236 0.840106 0.01 0.01
0 0.801163 0.933047 0.01 0.01
0 0.857413 0.860106 0.01 0.01
0 0.868001 0.835400 0.01 0.01
0 0.860060 0.587165 0.01 0.01
0 0.705869 0.635400 0.01 0.01
0 0.570869 0.500106 0.01 0.01
0 0.668148 0.445989 0.01 0.01
0 0.672119 0.331871 0.01 0.01
0 0.617192 0.336577 0.01 0.01
0 0.641677 0.271871 0.01 0.01
0 0.472266 0.037753 0.01 0.01
0 0.785942 0.061283 0.01 0.01
0 0.760795 0.213047 0.01 0.01
0 0.860721 0.310694 0.01 0.01
0 0.836898 0.388342 0.01 0.01
0 0.619839 0.131871 0.01 0.01
