0 0.827633 0.155400 0.01 0.01
0 0.821677 0.170694 0.01 0.01
0 0.815722 0.137753 0.01 0.01
0 0.818369 0.116577 0.01 0.01
0 0.791236 0.138930 0.01 0.01
0 0.819030 0.210694 0.01 0.01
0 0.819030 0.223636 0.01 0.01
0 0.824324 0.248342 0.01 0.01
0 0.817707 0.295400 0.01 0.01
0 0.801163 0.282459 0.01 0.01
0 0.769398 0.263636 0.01 0.01
0 0.822339 0.353047 0.01 0.01
0 0.852780 0.434224 0.01 0.01
0 0.853442 0.507165 0.01 0.01
0 0.853442 0.608342 0.01 0.01
0 0.828295 0.575400 0.01 0.01
0 0.806457 0.558930 0.01 0.01
0 0.805133 0.528342 0.01 0.01
0 0.813736 0.518930 0.01 0.01
0 0.756824 0.548342 0.01 0.01
0 0.747560 0.453047 0.01 0.01
0 0.751530 0.434224 0.01 0.01
0 0.766089 0.414224 0.01 0.01
0 0.709839 0.429518 0.01 0.01
0 0.669472 0.447165 0.01 0.01
0 0.674766 0.333047 0.01 0.01
0 0.654251 0.385989 0.01 0.01
0 0.646310 0.485989 0.01 0.01
0 0.697927 0.636577 0.01 0.01
0 0.695280 0.685989 0.01 0.01
0 0.705207 0.698930 0.01 0.01
0 0.736310 0.631871 0.01 0.01
0 0.756163 0.722459 0.01 0.01
0 0.802486 0.735400 0.01 0.01
0 0.799839 0.715400 0.01 0.01
0 0.811751 0.730694 0.01 0.01
0 0.824324 0.742459 0.01 0.01
0 0.826310 0.777753 0.01 0.01
0 0.818369 0.781283 0.01 0.01
0 0.823001 0.803636 0.01 0.01
0 0.817045 0.804812 0.01 0.01
0 0.817707 0.821283 0.01 0.01
0 0.847486 0.841283 0.01 0.01
0 0.770722 0.843636 0.01 0.01
0 0.750869 0.854224 0.01 0.01
0 0.740942 0.861283 0.01 0.01
0 0.733663 0.897753 0.01 0.01
0 0.701236 0.855400 0.01 0.01
0 0.721089 0.793047 0.01 0.01
0 0.652266 0.853047 0.01 0.01
0 0.641016 0.844812 0.01 0.01
0 0.633736 0.862459 0.01 0.01
0 0.624472 0.857753 0.01 0.01
0 0.570869 0.902459 0.01 0.01
0 0.580795 0.873047 0.01 0.01
0 0.588074 0.845989 0.01 0.01
0 0.543074 0.855400 0.01 0.01
0 0.527854 0.783636 0.01 0.01
0 0.584766 0.773047 0.01 0.01
0 0.562266 0.743636 0.01 0.01
0 0.572192 0.696577 0.01 0.01
0 0.561604 0.658930 0.01 0.01
0 0.570869 0.616577 0.01 0.01
0 0.606604 0.543636 0.01 0.01
0 0.609251 0.518930 0.01 0.01
0 0.521898 0.684812 0.01 0.01
0 0.513957 0.665989 0.01 0.01
0 0.473589 0.794224 0.01 0.01
0 0.463663 0.776577 0.01 0.01
0 0.481530 0.731871 0.01 0.01
0 0.468957 0.844812 0.01 0.01
0 0.454398 0.855400 0.01 0.01
0 0.425942 0.853047 0.01 0.01
0 0.319398 0.871871 0.01 0.01
0 0.310133 0.876577 0.01 0.01
0 0.313442 0.860106 0.01 0.01
0 0.281016 0.855400 0.01 0.01
0 0.269766 0.858930 0.01 0.01
0 0.245942 0.851871 0.01 0.01
0 0.234692 0.860106 0.01 0.01
0 0.230060 0.867165 0.01 0.01
0 0.218810 0.871871 0.01 0.01
0 0.226751 0.921283 0.01 0.01
0 0.155942 0.857753 0.01 0.01
0 0.212192 0.842459 0.01 0.01
0 0.193663 0.818930 0.01 0.01
0 0.189692 0.805989 0.01 0.01
0 0.176457 0.798930 0.01 0.01
0 0.179766 0.767165 0.01 0.01
0 0.214177 0.808341 0.01 0.01
0 0.216163 0.788342 0.01 0.01
0 0.238663 0.800106 0.01 0.01
0 0.247927 0.807165 0.01 0.01
0 0.238663 0.776577 0.01 0.01
0 0.244619 0.743636 0.01 0.01
0 0.238001 0.724812 0.01 0.01
0 0.270427 0.713047 0.01 0.01
0 0.181751 0.703636 0.01 0.01
0 0.171163 0.708342 0.01 0.01
0 0.178442 0.731871 0.01 0.01
0 0.173810 0.678930 0.01 0.01
0 0.165869 0.648341 0.01 0.01
0 0.132780 0.630694 0.01 0.01
0 0.177780 0.638930 0.01 0.01
0 0.187707 0.624812 0.01 0.01
0 0.187045 0.607165 0.01 0.01
0 0.175795 0.602459 0.01 0.01
0 0.183074 0.573047 0.01 0.01
0 0.174472 0.530694 0.01 0.01
0 0.180427 0.494224 0.01 0.01
0 0.185060 0.500106 0.01 0.01
0 0.193663 0.510694 0.01 0.01
0 0.193663 0.529518 0.01 0.01
0 0.208883 0.588342 0.01 0.01
0 0.217486 0.541283 0.01 0.01
0 0.238001 0.577753 0.01 0.01
0 0.269104 0.614224 0.01 0.01
0 0.279692 0.631871 0.01 0.01
0 0.292927 0.601283 0.01 0.01
0 0.310795 0.575400 0.01 0.01
0 0.312780 0.556577 0.01 0.01
0 0.288295 0.510694 0.01 0.01
0 0.317413 0.635400 0.01 0.01
0 0.369692 0.713047 0.01 0.01
0 0.398810 0.701283 0.01 0.01
0 0.412045 0.688341 0.01 0.01
0 0.429251 0.663636 0.01 0.01
0 0.394177 0.610694 0.01 0.01
0 0.374324 0.624812 0.01 0.01
0 0.388222 0.581283 0.01 0.01
0 0.377633 0.556577 0.01 0.01
0 0.351824 0.473047 0.01 0.01
0 0.456383 0.600106 0.01 0.01
0 0.477560 0.614224 0.01 0.01
0 0.480869 0.551871 0.01 0.01
0 0.485501 0.528342 0.01 0.01
0 0.499398 0.527165 0.01 0.01
0 0.468957 0.490694 0.01 0.01
0 0.561604 0.454224 0.01 0.01
0 0.628442 0.405989 0.01 0.01
0 0.610574 0.385989 0.01 0.01
0 0.601972 0.360106 0.01 0.01
0 0.637045 0.224812 0.01 0.01
0 0.731016 0.135400 0.01 0.01
0 0.799177 0.094224 0.01 0.01
0 0.790574 0.077753 0.01 0.01
0 0.803810 0.061283 0.01 0.01
0 0.775354 0.083636 0.01 0.01
0 0.765427 0.082459 0.01 0.01
0 0.772045 0.067165 0.01 0.01
0 0.766751 0.061283 0.01 0.01
0 0.755501 0.062459 0.01 0.01
0 0.754839 0.077753 0.01 0.01
0 0.747560 0.068342 0.01 0.01
0 0.745574 0.041283 0.01 0.01
0 0.732339 0.068342 0.01 0.01
0 0.727045 0.093047 0.01 0.01
0 0.676751 0.131871 0.01 0.01
0 0.674104 0.116577 0.01 0.01
0 0.657560 0.071871 0.01 0.01
0 0.635722 0.083636 0.01 0.01
0 0.637707 0.071871 0.01 0.01
0 0.619839 0.073047 0.01 0.01
0 0.601310 0.077753 0.01 0.01
0 0.577486 0.084812 0.01 0.01
0 0.586751 0.073047 0.01 0.01
0 0.577486 0.069518 0.01 0.01
0 0.562927 0.075400 0.01 0.01
0 0.563589 0.062459 0.01 0.01
0 0.511310 0.104812 0.01 0.01
0 0.512633 0.050694 0.01 0.01
0 0.533810 0.207165 0.01 0.01
0 0.531163 0.258930 0.01 0.01
0 0.561604 0.309518 0.01 0.01
0 0.559619 0.378930 0.01 0.01
0 0.598663 0.244812 0.01 0.01
0 0.535795 0.320106 0.01 0.01
0 0.524545 0.338930 0.01 0.01
0 0.498736 0.297753 0.01 0.01
0 0.463663 0.341283 0.01 0.01
0 0.463663 0.401283 0.01 0.01
0 0.425280 0.420106 0.01 0.01
0 0.431236 0.358930 0.01 0.01
0 0.398810 0.337753 0.01 0.01
0 0.377633 0.281283 0.01 0.01
0 0.479545 0.243636 0.01 0.01
0 0.490795 0.181283 0.01 0.01
0 0.481530 0.167165 0.01 0.01
0 0.470942 0.167165 0.01 0.01
0 0.450427 0.188341 0.01 0.01
0 0.483516 0.110694 0.01 0.01
0 0.441824 0.077753 0.01 0.01
0 0.472266 0.075400 0.01 0.01
0 0.477560 0.054224 0.01 0.01
0 0.443148 0.056577 0.01 0.01
0 0.419986 0.069518 0.01 0.01
0 0.418663 0.051871 0.01 0.01
0 0.396824 0.071871 0.01 0.01
0 0.345207 0.110694 0.01 0.01
0 0.329986 0.090694 0.01 0.01
0 0.343883 0.061283 0.01 0.01
0 0.318736 0.068342 0.01 0.01
0 0.310795 0.069518 0.01 0.01
0 0.303516 0.117753 0.01 0.01
0 0.323369 0.235400 0.01 0.01
0 0.268442 0.216577 0.01 0.01
0 0.281016 0.068342 0.01 0.01
0 0.279030 0.058930 0.01 0.01
0 0.275721 0.071871 0.01 0.01
0 0.270427 0.075400 0.01 0.01
0 0.266457 0.061283 0.01 0.01
0 0.261824 0.073047 0.01 0.01
0 0.247266 0.070694 0.01 0.01
0 0.234692 0.070694 0.01 0.01
0 0.227413 0.073047 0.01 0.01
0 0.228074 0.084812 0.01 0.01
0 0.214177 0.088342 0.01 0.01
0 0.204913 0.082459 0.01 0.01
0 0.204913 0.050694 0.01 0.01
0 0.193663 0.058930 0.01 0.01
0 0.169177 0.056577 0.01 0.01
0 0.163883 0.057753 0.01 0.01
0 0.163222 0.073047 0.01 0.01
0 0.224766 0.453047 0.01 0.01
0 0.199619 0.438930 0.01 0.01
0 0.169839 0.449518 0.01 0.01
0 0.181751 0.400106 0.01 0.01
0 0.191677 0.395400 0.01 0.01
0 0.198295 0.380106 0.01 0.01
0 0.134104 0.345989 0.01 0.01
0 0.238001 0.405989 0.01 0.01
0 0.243957 0.344812 0.01 0.01
0 0.179766 0.340106 0.01 0.01
0 0.181089 0.303636 0.01 0.01
0 0.181751 0.285989 0.01 0.01
0 0.187707 0.278930 0.01 0.01
0 0.198295 0.277753 0.01 0.01
0 0.227413 0.267165 0.01 0.01
0 0.180427 0.264812 0.01 0.01
0 0.173810 0.250694 0.01 0.01
0 0.181089 0.168342 0.01 0.01
0 0.206898 0.157753 0.01 0.01
0 0.218148 0.151871 0.01 0.01
0 0.192339 0.129518 0.01 0.01
0 0.177119 0.128342 0.01 0.01
0 0.185722 0.109518 0.01 0.01
0 0.196310 0.103636 0.01 0.01
0 0.179766 0.150694 0.01 0.01
