0 0.864062 0.161111 0.01 0.01
0 0.849219 0.148611 0.01 0.01
0 0.852344 0.148611 0.01 0.01
0 0.835156 0.125000 0.01 0.01
0 0.831250 0.116667 0.01 0.01
0 0.771094 0.120833 0.01 0.01
0 0.740625 0.101389 0.01 0.01
0 0.689062 0.172222 0.01 0.01
0 0.638281 0.175000 0.01 0.01
0 0.597656 0.102778 0.01 0.01
0 0.560156 0.172222 0.01 0.01
0 0.569531 0.233333 0.01 0.01
0 0.582031 0.240278 0.01 0.01
0 0.589844 0.225000 0.01 0.01
0 0.523438 0.101389 0.01 0.01
0 0.514844 0.190278 0.01 0.01
0 0.523438 0.218056 0.01 0.01
0 0.521094 0.230556 0.01 0.01
0 0.467969 0.150000 0.01 0.01
0 0.453125 0.125000 0.01 0.01
0 0.425000 0.113889 0.01 0.01
0 0.388281 0.158333 0.01 0.01
0 0.373437 0.230556 0.01 0.01
0 0.292188 0.088889 0.01 0.01
0 0.247656 0.115278 0.01 0.01
0 0.225781 0.138889 0.01 0.01
0 0.225000 0.155556 0.01 0.01
0 0.214844 0.155556 0.01 0.01
0 0.217969 0.052778 0.01 0.01
0 0.261719 0.166667 0.01 0.01
0 0.220313 0.205556 0.01 0.01
0 0.250781 0.376389 0.01 0.01
0 0.384375 0.454167 0.01 0.01
0 0.415625 0.409722 0.01 0.01
0 0.515625 0.454167 0.01 0.01
0 0.489062 0.533333 0.01 0.01
0 0.584375 0.525000 0.01 0.01
0 0.584375 0.476389 0.01 0.01
0 0.646875 0.425000 0.01 0.01
0 0.658594 0.434722 0.01 0.01
0 0.763281 0.247222 0.01 0.01
0 0.792969 0.313889 0.01 0.01
0 0.845312 0.220833 0.01 0.01
0 0.860156 0.202778 0.01 0.01
0 0.870313 0.223611 0.01 0.01
0 0.866406 0.265278 0.01 0.01
0 0.857031 0.277778 0.01 0.01
0 0.765625 0.506944 0.01 0.01
0 0.860156 0.508333 0.01 0.01
0 0.811719 0.565278 0.01 0.01
0 0.856250 0.602778 0.01 0.01
0 0.749219 0.550000 0.01 0.01
0 0.718750 0.631944 0.01 0.01
0 0.727344 0.668056 0.01 0.01
0 0.855469 0.712500 0.01 0.01
0 0.867969 0.687500 0.01 0.01
0 0.877344 0.918056 0.01 0.01
0 0.885938 0.881944 0.01 0.01
0 0.843750 0.865278 0.01 0.01
0 0.844531 0.844444 0.01 0.01
0 0.812500 0.879167 0.01 0.01
0 0.782031 0.911111 0.01 0.01
0 0.780469 0.930556 0.01 0.01
0 0.766406 0.915278 0.01 0.01
0 0.742188 0.900000 0.01 0.01
0 0.721094 0.901389 0.01 0.01
0 0.719531 0.918056 0.01 0.01
0 0.731250 0.863889 0.01 0.01
0 0.767969 0.836111 0.01 0.01
0 0.767969 0.787500 0.01 0.01
0 0.742188 0.770833 0.01 0.01
0 0.735937 0.741667 0.01 0.01
0 0.663281 0.640278 0.01 0.01
0 0.625781 0.698611 0.01 0.01
0 0.600781 0.665278 0.01 0.01
0 0.600000 0.644444 0.01 0.01
0 0.556250 0.608333 0.01 0.01
0 0.560938 0.663889 0.01 0.01
0 0.582031 0.730556 0.01 0.01
0 0.636719 0.781944 0.01 0.01
0 0.617188 0.858333 0.01 0.01
0 0.571094 0.844444 0.01 0.01
0 0.562500 0.881944 0.01 0.01
0 0.567969 0.923611 0.01 0.01
0 0.445312 0.879167 0.01 0.01
0 0.421875 0.881944 0.01 0.01
0 0.467187 0.809722 0.01 0.01
0 0.478906 0.743056 0.01 0.01
0 0.450781 0.661111 0.01 0.01
0 0.434375 0.588889 0.01 0.01
0 0.516406 0.648611 0.01 0.01
0 0.370313 0.902778 0.01 0.01
0 0.367188 0.880556 0.01 0.01
0 0.352344 0.881944 0.01 0.01
0 0.312500 0.873611 0.01 0.01
0 0.300000 0.869444 0.01 0.01
0 0.262500 0.876389 0.01 0.01
0 0.257812 0.869444 0.01 0.01
0 0.247656 0.886111 0.01 0.01
0 0.222656 0.843056 0.01 0.01
0 0.185937 0.881944 0.01 0.01
0 0.212500 0.812500 0.01 0.01
0 0.201562 0.795833 0.01 0.01
0 0.207031 0.761111 0.01 0.01
0 0.198437 0.756944 0.01 0.01
0 0.206250 0.744444 0.01 0.01
0 0.209375 0.718056 0.01 0.01
0 0.249219 0.804167 0.01 0.01
0 0.290625 0.750000 0.01 0.01
0 0.300781 0.712500 0.01 0.01
0 0.335156 0.763889 0.01 0.01
0 0.356250 0.779167 0.01 0.01
0 0.359375 0.805556 0.01 0.01
0 0.371094 0.750000 0.01 0.01
0 0.371094 0.702778 0.01 0.01
0 0.267188 0.576389 0.01 0.01
0 0.209375 0.576389 0.01 0.01
