0 0.828295 0.887165 0.01 0.01
0 0.799839 0.923636 0.01 0.01
0 0.811751 0.861283 0.01 0.01
0 0.806457 0.856577 0.01 0.01
0 0.793222 0.856577 0.01 0.01
0 0.784619 0.841283 0.01 0.01
0 0.776677 0.875400 0.01 0.01
0 0.764104 0.870694 0.01 0.01
0 0.744913 0.871871 0.01 0.01
0 0.707192 0.878930 0.01 0.01
0 0.716457 0.842459 0.01 0.01
0 0.841530 0.855400 0.01 0.01
0 0.767413 0.716577 0.01 0.01
0 0.758810 0.721283 0.01 0.01
0 0.776016 0.715400 0.01 0.01
0 0.703221 0.704812 0.01 0.01
0 0.683369 0.735400 0.01 0.01
0 0.830942 0.798930 0.01 0.01
0 0.866677 0.849518 0.01 0.01
0 0.869325 0.784812 0.01 0.01
0 0.832927 0.750694 0.01 0.01
0 0.832927 0.729518 0.01 0.01
0 0.816383 0.674224 0.01 0.01
0 0.834251 0.648341 0.01 0.01
0 0.826972 0.600106 0.01 0.01
0 0.831604 0.577753 0.01 0.01
0 0.826310 0.577753 0.01 0.01
0 0.817045 0.569518 0.01 0.01
0 0.789913 0.505989 0.01 0.01
0 0.856089 0.474224 0.01 0.01
0 0.862707 0.468341 0.01 0.01
0 0.832927 0.408342 0.01 0.01
0 0.801163 0.381283 0.01 0.01
0 0.828295 0.309518 0.01 0.01
0 0.853442 0.263636 0.01 0.01
0 0.828957 0.243636 0.01 0.01
0 0.806457 0.208342 0.01 0.01
0 0.834913 0.190694 0.01 0.01
0 0.836898 0.176577 0.01 0.01
0 0.838222 0.135400 0.01 0.01
0 0.841530 0.125989 0.01 0.01
0 0.842854 0.081283 0.01 0.01
0 0.830942 0.122459 0.01 0.01
0 0.826310 0.123636 0.01 0.01
0 0.820354 0.122459 0.01 0.01
0 0.813736 0.100106 0.01 0.01
0 0.802486 0.085989 0.01 0.01
0 0.783295 0.118930 0.01 0.01
0 0.778001 0.084812 0.01 0.01
0 0.772045 0.081283 0.01 0.01
0 0.767413 0.078930 0.01 0.01
0 0.762780 0.088342 0.01 0.01
0 0.748883 0.135400 0.01 0.01
0 0.593369 0.867165 0.01 0.01
0 0.588074 0.869518 0.01 0.01
0 0.569545 0.830694 0.01 0.01
0 0.584104 0.824812 0.01 0.01
0 0.588074 0.781283 0.01 0.01
0 0.601310 0.788342 0.01 0.01
0 0.525869 0.869518 0.01 0.01
0 0.521898 0.828341 0.01 0.01
0 0.533148 0.825989 0.01 0.01
0 0.534472 0.798930 0.01 0.01
0 0.522560 0.760106 0.01 0.01
0 0.578810 0.705989 0.01 0.01
0 0.574177 0.677753 0.01 0.01
0 0.570207 0.628341 0.01 0.01
0 0.648957 0.624812 0.01 0.01
0 0.624472 0.573047 0.01 0.01
0 0.607266 0.463636 0.01 0.01
0 0.641677 0.413047 0.01 0.01
0 0.641016 0.405989 0.01 0.01
0 0.650942 0.413047 0.01 0.01
0 0.666824 0.396577 0.01 0.01
0 0.661530 0.502459 0.01 0.01
0 0.701236 0.548342 0.01 0.01
0 0.712486 0.460106 0.01 0.01
0 0.742927 0.203636 0.01 0.01
0 0.738295 0.070694 0.01 0.01
0 0.723736 0.073047 0.01 0.01
0 0.715795 0.082459 0.01 0.01
0 0.720427 0.058930 0.01 0.01
0 0.699251 0.053047 0.01 0.01
0 0.704545 0.082459 0.01 0.01
0 0.688663 0.083636 0.01 0.01
0 0.684030 0.078930 0.01 0.01
0 0.687339 0.130694 0.01 0.01
0 0.670795 0.075400 0.01 0.01
0 0.659545 0.090694 0.01 0.01
0 0.652266 0.061283 0.01 0.01
0 0.621824 0.117753 0.01 0.01
0 0.639030 0.162459 0.01 0.01
0 0.619177 0.164812 0.01 0.01
0 0.623810 0.211871 0.01 0.01
0 0.605942 0.089518 0.01 0.01
0 0.590060 0.076577 0.01 0.01
0 0.588736 0.098930 0.01 0.01
0 0.570207 0.097753 0.01 0.01
0 0.553001 0.074224 0.01 0.01
0 0.527192 0.071871 0.01 0.01
0 0.529177 0.133047 0.01 0.01
0 0.512633 0.062459 0.01 0.01
0 0.488810 0.070694 0.01 0.01
0 0.476898 0.094224 0.01 0.01
0 0.463001 0.134224 0.01 0.01
0 0.457045 0.058930 0.01 0.01
0 0.435869 0.081283 0.01 0.01
0 0.429251 0.083636 0.01 0.01
0 0.488810 0.160106 0.01 0.01
0 0.480207 0.168342 0.01 0.01
0 0.502045 0.197753 0.01 0.01
0 0.569545 0.165989 0.01 0.01
0 0.588736 0.257753 0.01 0.01
0 0.584766 0.361283 0.01 0.01
0 0.560280 0.325989 0.01 0.01
0 0.511972 0.336577 0.01 0.01
0 0.511972 0.280106 0.01 0.01
0 0.515942 0.361283 0.01 0.01
0 0.510648 0.367165 0.01 0.01
0 0.487486 0.383636 0.01 0.01
0 0.477560 0.413047 0.01 0.01
0 0.452413 0.427165 0.01 0.01
0 0.427266 0.411871 0.01 0.01
0 0.431236 0.450694 0.01 0.01
0 0.453736 0.457753 0.01 0.01
0 0.429251 0.304812 0.01 0.01
0 0.384913 0.295400 0.01 0.01
0 0.400795 0.214224 0.01 0.01
0 0.374324 0.129518 0.01 0.01
0 0.376972 0.114224 0.01 0.01
0 0.374986 0.076577 0.01 0.01
0 0.394177 0.067165 0.01 0.01
0 0.352486 0.151871 0.01 0.01
0 0.336604 0.090694 0.01 0.01
0 0.344545 0.071871 0.01 0.01
0 0.294913 0.055400 0.01 0.01
0 0.273074 0.075400 0.01 0.01
0 0.264472 0.076577 0.01 0.01
0 0.251898 0.073047 0.01 0.01
0 0.246604 0.074224 0.01 0.01
0 0.253883 0.102459 0.01 0.01
0 0.204913 0.027165 0.01 0.01
0 0.193001 0.065989 0.01 0.01
0 0.210869 0.074224 0.01 0.01
0 0.217486 0.082459 0.01 0.01
0 0.222780 0.090694 0.01 0.01
0 0.219471 0.101283 0.01 0.01
0 0.222119 0.109518 0.01 0.01
0 0.208883 0.118930 0.01 0.01
0 0.207560 0.124812 0.01 0.01
0 0.202266 0.116577 0.01 0.01
0 0.202266 0.129518 0.01 0.01
0 0.198295 0.136577 0.01 0.01
0 0.200942 0.149518 0.01 0.01
0 0.193663 0.155400 0.01 0.01
0 0.185722 0.135400 0.01 0.01
0 0.194324 0.122459 0.01 0.01
0 0.211530 0.148342 0.01 0.01
0 0.222119 0.162459 0.01 0.01
0 0.174472 0.184812 0.01 0.01
0 0.168516 0.170694 0.01 0.01
0 0.209545 0.204812 0.01 0.01
0 0.199619 0.233047 0.01 0.01
0 0.192339 0.240106 0.01 0.01
0 0.194986 0.261283 0.01 0.01
0 0.194986 0.281283 0.01 0.01
0 0.193001 0.302459 0.01 0.01
0 0.194324 0.320106 0.01 0.01
0 0.187045 0.310694 0.01 0.01
0 0.172486 0.314224 0.01 0.01
0 0.277045 0.235400 0.01 0.01
0 0.292927 0.229518 0.01 0.01
0 0.275721 0.301283 0.01 0.01
0 0.260501 0.389518 0.01 0.01
0 0.326016 0.380106 0.01 0.01
0 0.243957 0.434224 0.01 0.01
0 0.208883 0.374224 0.01 0.01
0 0.195648 0.400106 0.01 0.01
0 0.194986 0.414224 0.01 0.01
0 0.176457 0.391871 0.01 0.01
0 0.181751 0.435400 0.01 0.01
0 0.197633 0.494224 0.01 0.01
0 0.192339 0.521283 0.01 0.01
0 0.145354 0.601283 0.01 0.01
0 0.173148 0.656577 0.01 0.01
0 0.173810 0.650694 0.01 0.01
0 0.190354 0.650694 0.01 0.01
0 0.187707 0.638930 0.01 0.01
0 0.196310 0.596577 0.01 0.01
0 0.254545 0.583636 0.01 0.01
0 0.281677 0.495400 0.01 0.01
0 0.322045 0.553047 0.01 0.01
0 0.278369 0.616577 0.01 0.01
0 0.271089 0.637753 0.01 0.01
0 0.236677 0.641283 0.01 0.01
0 0.290280 0.662459 0.01 0.01
0 0.286310 0.710694 0.01 0.01
0 0.277707 0.728342 0.01 0.01
0 0.259177 0.751871 0.01 0.01
0 0.248589 0.728342 0.01 0.01
0 0.239324 0.724812 0.01 0.01
0 0.194324 0.693047 0.01 0.01
0 0.187045 0.709518 0.01 0.01
0 0.187707 0.725989 0.01 0.01
0 0.155280 0.733047 0.01 0.01
0 0.153957 0.714224 0.01 0.01
0 0.144692 0.783636 0.01 0.01
0 0.136751 0.816577 0.01 0.01
0 0.191016 0.768341 0.01 0.01
0 0.190354 0.791871 0.01 0.01
0 0.191016 0.804812 0.01 0.01
0 0.195648 0.813047 0.01 0.01
0 0.190354 0.837753 0.01 0.01
0 0.177119 0.878930 0.01 0.01
0 0.181751 0.903636 0.01 0.01
0 0.204913 0.897753 0.01 0.01
0 0.207560 0.856577 0.01 0.01
0 0.212854 0.841283 0.01 0.01
0 0.221457 0.841283 0.01 0.01
0 0.231383 0.849518 0.01 0.01
0 0.238001 0.860106 0.01 0.01
0 0.249251 0.888342 0.01 0.01
0 0.267119 0.854224 0.01 0.01
0 0.244619 0.778930 0.01 0.01
0 0.292927 0.865989 0.01 0.01
0 0.331971 0.725989 0.01 0.01
0 0.353148 0.635400 0.01 0.01
0 0.377633 0.593047 0.01 0.01
0 0.353810 0.862459 0.01 0.01
0 0.392192 0.896577 0.01 0.01
0 0.398810 0.856577 0.01 0.01
0 0.396824 0.835400 0.01 0.01
0 0.421971 0.847165 0.01 0.01
0 0.463663 0.865989 0.01 0.01
0 0.477560 0.865989 0.01 0.01
0 0.494766 0.858930 0.01 0.01
0 0.441824 0.704812 0.01 0.01
0 0.471604 0.725989 0.01 0.01
0 0.436530 0.607165 0.01 0.01
0 0.444472 0.521283 0.01 0.01
0 0.465648 0.608342 0.01 0.01
0 0.481530 0.564812 0.01 0.01
0 0.497413 0.567165 0.01 0.01
0 0.528516 0.574224 0.01 0.01
0 0.529177 0.602459 0.01 0.01
0 0.509324 0.681283 0.01 0.01
