0 0.809766 0.202459 0.01 0.01
0 0.815722 0.181283 0.01 0.01
0 0.816383 0.163636 0.01 0.01
0 0.824324 0.164812 0.01 0.01
0 0.820354 0.140106 0.01 0.01
0 0.813074 0.144812 0.01 0.01
0 0.807119 0.115400 0.01 0.01
0 0.793883 0.103636 0.01 0.01
0 0.799177 0.090694 0.01 0.01
0 0.796530 0.082459 0.01 0.01
0 0.798516 0.068342 0.01 0.01
0 0.779986 0.094224 0.01 0.01
0 0.771383 0.077753 0.01 0.01
0 0.761457 0.075400 0.01 0.01
0 0.754839 0.069518 0.01 0.01
0 0.754839 0.088342 0.01 0.01
0 0.748883 0.024812 0.01 0.01
0 0.734324 0.069518 0.01 0.01
0 0.727707 0.074224 0.01 0.01
0 0.711163 0.067165 0.01 0.01
0 0.709177 0.101283 0.01 0.01
0 0.695942 0.076577 0.01 0.01
0 0.689986 0.070694 0.01 0.01
0 0.654251 0.074224 0.01 0.01
0 0.654251 0.057753 0.01 0.01
0 0.680060 0.149518 0.01 0.01
0 0.621163 0.120106 0.01 0.01
0 0.612560 0.104812 0.01 0.01
0 0.599324 0.073047 0.01 0.01
0 0.592045 0.077753 0.01 0.01
0 0.584766 0.078930 0.01 0.01
0 0.572854 0.070694 0.01 0.01
0 0.568222 0.063636 0.01 0.01
0 0.575501 0.097753 0.01 0.01
0 0.499398 0.069518 0.01 0.01
0 0.508663 0.053047 0.01 0.01
0 0.480207 0.105989 0.01 0.01
0 0.508001 0.137753 0.01 0.01
0 0.505354 0.193047 0.01 0.01
0 0.489472 0.180106 0.01 0.01
0 0.471604 0.149518 0.01 0.01
0 0.465648 0.151871 0.01 0.01
0 0.450427 0.211871 0.01 0.01
0 0.438516 0.190694 0.01 0.01
0 0.459030 0.043636 0.01 0.01
0 0.444472 0.071871 0.01 0.01
0 0.415354 0.061283 0.01 0.01
0 0.406751 0.068342 0.01 0.01
0 0.395501 0.070694 0.01 0.01
0 0.381604 0.069518 0.01 0.01
0 0.375648 0.070694 0.01 0.01
0 0.372339 0.073047 0.01 0.01
0 0.331310 0.071871 0.01 0.01
0 0.341898 0.090694 0.01 0.01
0 0.326016 0.057753 0.01 0.01
0 0.315427 0.077753 0.01 0.01
0 0.291604 0.123636 0.01 0.01
0 0.271751 0.073047 0.01 0.01
0 0.265133 0.071871 0.01 0.01
0 0.260501 0.062459 0.01 0.01
0 0.252560 0.067165 0.01 0.01
0 0.238001 0.073047 0.01 0.01
0 0.234030 0.081283 0.01 0.01
0 0.238663 0.063636 0.01 0.01
0 0.236016 0.055400 0.01 0.01
0 0.230722 0.062459 0.01 0.01
0 0.234030 0.067165 0.01 0.01
0 0.206898 0.078930 0.01 0.01
0 0.191677 0.061283 0.01 0.01
0 0.186383 0.045989 0.01 0.01
0 0.165869 0.062459 0.01 0.01
0 0.150648 0.065989 0.01 0.01
0 0.142707 0.096577 0.01 0.01
0 0.187707 0.101283 0.01 0.01
0 0.193663 0.102459 0.01 0.01
0 0.185060 0.110694 0.01 0.01
0 0.182413 0.121283 0.01 0.01
0 0.185722 0.140106 0.01 0.01
0 0.208222 0.153047 0.01 0.01
0 0.216163 0.145989 0.01 0.01
0 0.181751 0.194224 0.01 0.01
0 0.183074 0.243636 0.01 0.01
0 0.183736 0.271871 0.01 0.01
0 0.177780 0.298930 0.01 0.01
0 0.169177 0.293047 0.01 0.01
0 0.200942 0.271871 0.01 0.01
0 0.222119 0.225989 0.01 0.01
0 0.237339 0.238930 0.01 0.01
0 0.285648 0.233047 0.01 0.01
0 0.365060 0.254224 0.01 0.01
0 0.246604 0.342459 0.01 0.01
0 0.237339 0.390694 0.01 0.01
0 0.234030 0.414224 0.01 0.01
0 0.185060 0.443636 0.01 0.01
0 0.169839 0.431871 0.01 0.01
0 0.192339 0.413047 0.01 0.01
0 0.182413 0.397753 0.01 0.01
0 0.136089 0.383636 0.01 0.01
0 0.140722 0.514224 0.01 0.01
0 0.130133 0.664812 0.01 0.01
0 0.179766 0.531871 0.01 0.01
0 0.177780 0.564812 0.01 0.01
0 0.175133 0.574224 0.01 0.01
0 0.178442 0.620106 0.01 0.01
0 0.171824 0.670694 0.01 0.01
0 0.178442 0.689518 0.01 0.01
0 0.174472 0.704812 0.01 0.01
0 0.179766 0.721283 0.01 0.01
0 0.210207 0.500106 0.01 0.01
0 0.218148 0.475400 0.01 0.01
0 0.272413 0.454224 0.01 0.01
0 0.236016 0.571871 0.01 0.01
0 0.266457 0.605989 0.01 0.01
0 0.255869 0.634224 0.01 0.01
0 0.277707 0.624812 0.01 0.01
0 0.307486 0.551871 0.01 0.01
0 0.330648 0.583636 0.01 0.01
0 0.341236 0.625989 0.01 0.01
0 0.354472 0.611871 0.01 0.01
0 0.320722 0.638930 0.01 0.01
0 0.234030 0.714224 0.01 0.01
0 0.230060 0.716577 0.01 0.01
0 0.251898 0.760106 0.01 0.01
0 0.243295 0.767165 0.01 0.01
0 0.235354 0.782459 0.01 0.01
0 0.269104 0.803636 0.01 0.01
0 0.268442 0.850694 0.01 0.01
0 0.261824 0.849518 0.01 0.01
0 0.244619 0.845989 0.01 0.01
0 0.230722 0.849518 0.01 0.01
0 0.217486 0.865989 0.01 0.01
0 0.200942 0.904812 0.01 0.01
0 0.157927 0.863636 0.01 0.01
0 0.172486 0.823636 0.01 0.01
0 0.178442 0.777753 0.01 0.01
0 0.171163 0.771871 0.01 0.01
0 0.173810 0.756577 0.01 0.01
0 0.199619 0.773047 0.01 0.01
0 0.216163 0.781283 0.01 0.01
0 0.209545 0.838930 0.01 0.01
0 0.192339 0.821283 0.01 0.01
0 0.326677 0.836577 0.01 0.01
0 0.337266 0.854224 0.01 0.01
0 0.390207 0.836577 0.01 0.01
0 0.406089 0.853047 0.01 0.01
0 0.435869 0.847165 0.01 0.01
0 0.441824 0.844812 0.01 0.01
0 0.479545 0.865989 0.01 0.01
0 0.510648 0.850694 0.01 0.01
0 0.551016 0.881283 0.01 0.01
0 0.579471 0.854224 0.01 0.01
0 0.601972 0.893047 0.01 0.01
0 0.622486 0.853047 0.01 0.01
0 0.645648 0.889518 0.01 0.01
0 0.642339 0.849518 0.01 0.01
0 0.653589 0.855400 0.01 0.01
0 0.703221 0.862459 0.01 0.01
0 0.721751 0.858930 0.01 0.01
0 0.752192 0.853047 0.01 0.01
0 0.768074 0.849518 0.01 0.01
0 0.781310 0.791871 0.01 0.01
0 0.842854 0.827165 0.01 0.01
0 0.822339 0.810694 0.01 0.01
0 0.812413 0.809518 0.01 0.01
0 0.815722 0.791871 0.01 0.01
0 0.823001 0.783636 0.01 0.01
0 0.815722 0.771871 0.01 0.01
0 0.836236 0.771871 0.01 0.01
0 0.824986 0.761283 0.01 0.01
0 0.823001 0.728342 0.01 0.01
0 0.851457 0.587165 0.01 0.01
0 0.847486 0.540106 0.01 0.01
0 0.852780 0.529518 0.01 0.01
0 0.824324 0.460106 0.01 0.01
0 0.817045 0.400106 0.01 0.01
0 0.813074 0.302459 0.01 0.01
0 0.816383 0.276577 0.01 0.01
0 0.819030 0.249518 0.01 0.01
0 0.812413 0.518930 0.01 0.01
0 0.804471 0.524812 0.01 0.01
0 0.803810 0.557753 0.01 0.01
0 0.776677 0.591871 0.01 0.01
0 0.760133 0.621283 0.01 0.01
0 0.738957 0.654224 0.01 0.01
0 0.749545 0.727165 0.01 0.01
0 0.715795 0.797753 0.01 0.01
0 0.693295 0.694224 0.01 0.01
0 0.699251 0.635400 0.01 0.01
0 0.819030 0.577753 0.01 0.01
0 0.736310 0.511871 0.01 0.01
0 0.740942 0.349518 0.01 0.01
0 0.751530 0.280106 0.01 0.01
0 0.729692 0.265989 0.01 0.01
0 0.695280 0.228342 0.01 0.01
0 0.670795 0.460106 0.01 0.01
0 0.676751 0.368341 0.01 0.01
0 0.627780 0.405989 0.01 0.01
0 0.648295 0.381283 0.01 0.01
0 0.644986 0.497753 0.01 0.01
0 0.615869 0.515400 0.01 0.01
0 0.607266 0.494224 0.01 0.01
0 0.574839 0.773047 0.01 0.01
0 0.531163 0.780106 0.01 0.01
0 0.470942 0.781283 0.01 0.01
0 0.460354 0.778930 0.01 0.01
0 0.410721 0.767165 0.01 0.01
0 0.406751 0.715400 0.01 0.01
0 0.394177 0.674224 0.01 0.01
0 0.396163 0.614224 0.01 0.01
0 0.374986 0.555400 0.01 0.01
0 0.392192 0.536577 0.01 0.01
0 0.457707 0.713047 0.01 0.01
0 0.439177 0.670694 0.01 0.01
0 0.467633 0.658930 0.01 0.01
0 0.486824 0.641283 0.01 0.01
0 0.498074 0.680106 0.01 0.01
0 0.568883 0.694224 0.01 0.01
0 0.560280 0.663636 0.01 0.01
0 0.571530 0.614224 0.01 0.01
0 0.525207 0.618930 0.01 0.01
0 0.459692 0.600106 0.01 0.01
0 0.481530 0.551871 0.01 0.01
0 0.485501 0.527165 0.01 0.01
0 0.464986 0.509518 0.01 0.01
0 0.431236 0.504812 0.01 0.01
0 0.551677 0.468341 0.01 0.01
0 0.551677 0.445989 0.01 0.01
0 0.564913 0.357753 0.01 0.01
0 0.574839 0.310694 0.01 0.01
0 0.562927 0.325989 0.01 0.01
0 0.590721 0.243636 0.01 0.01
0 0.592045 0.181283 0.01 0.01
0 0.544398 0.207165 0.01 0.01
0 0.525207 0.222459 0.01 0.01
0 0.525207 0.243636 0.01 0.01
0 0.538442 0.337753 0.01 0.01
0 0.509324 0.337753 0.01 0.01
0 0.458369 0.402459 0.01 0.01
0 0.517266 0.324812 0.01 0.01
0 0.423957 0.383636 0.01 0.01
0 0.427266 0.327165 0.01 0.01
0 0.449104 0.323636 0.01 0.01
0 0.363074 0.416577 0.01 0.01
