0 0.257812 0.033333 0.01 0.01
0 0.277344 0.083333 0.01 0.01
0 0.217187 0.115278 0.01 0.01
0 0.209375 0.137500 0.01 0.01
0 0.205469 0.152778 0.01 0.01
0 0.201562 0.286111 0.01 0.01
0 0.235156 0.447222 0.01 0.01
0 0.357031 0.229167 0.01 0.01
0 0.348437 0.081944 0.01 0.01
0 0.314844 0.118056 0.01 0.01
0 0.449219 0.202778 0.01 0.01
0 0.425781 0.086111 0.01 0.01
0 0.435156 0.101389 0.01 0.01
0 0.450000 0.120833 0.01 0.01
0 0.460938 0.087500 0.01 0.01
0 0.521875 0.091667 0.01 0.01
0 0.597656 0.083333 0.01 0.01
0 0.671094 0.087500 0.01 0.01
0 0.707812 0.148611 0.01 0.01
0 0.764844 0.091667 0.01 0.01
0 0.778125 0.062500 0.01 0.01
0 0.808594 0.095833 0.01 0.01
0 0.792969 0.179167 0.01 0.01
0 0.779688 0.201389 0.01 0.01
0 0.846875 0.109722 0.01 0.01
0 0.846875 0.122222 0.01 0.01
0 0.860156 0.186111 0.01 0.01
0 0.879687 0.177778 0.01 0.01
0 0.857031 0.409722 0.01 0.01
0 0.771875 0.325000 0.01 0.01
0 0.620313 0.345833 0.01 0.01
0 0.621094 0.184722 0.01 0.01
0 0.588281 0.258333 0.01 0.01
0 0.575000 0.250000 0.01 0.01
0 0.557813 0.225000 0.01 0.01
0 0.561719 0.284722 0.01 0.01
0 0.617188 0.419444 0.01 0.01
0 0.603906 0.358333 0.01 0.01
0 0.567187 0.362500 0.01 0.01
0 0.542188 0.368056 0.01 0.01
0 0.532031 0.351389 0.01 0.01
0 0.496094 0.395833 0.01 0.01
0 0.478125 0.309722 0.01 0.01
0 0.822656 0.441667 0.01 0.01
0 0.846875 0.502778 0.01 0.01
0 0.854688 0.604167 0.01 0.01
0 0.768750 0.515278 0.01 0.01
0 0.759375 0.540278 0.01 0.01
0 0.710156 0.531944 0.01 0.01
0 0.600000 0.502778 0.01 0.01
0 0.591406 0.545833 0.01 0.01
0 0.533594 0.523611 0.01 0.01
0 0.434375 0.559722 0.01 0.01
0 0.324219 0.544444 0.01 0.01
0 0.882031 0.686111 0.01 0.01
0 0.868750 0.693056 0.01 0.01
0 0.825000 0.700000 0.01 0.01
0 0.849219 0.822222 0.01 0.01
0 0.796875 0.918056 0.01 0.01
0 0.781250 0.909722 0.01 0.01
0 0.784375 0.901389 0.01 0.01
0 0.774219 0.830556 0.01 0.01
0 0.750000 0.786111 0.01 0.01
0 0.714063 0.904167 0.01 0.01
0 0.693750 0.877778 0.01 0.01
0 0.689062 0.793056 0.01 0.01
0 0.691406 0.744444 0.01 0.01
0 0.690625 0.690278 0.01 0.01
0 0.712500 0.655556 0.01 0.01
0 0.659375 0.690278 0.01 0.01
0 0.635156 0.668056 0.01 0.01
0 0.611719 0.623611 0.01 0.01
0 0.581250 0.655556 0.01 0.01
0 0.603906 0.720833 0.01 0.01
0 0.600781 0.747222 0.01 0.01
0 0.617188 0.786111 0.01 0.01
0 0.648438 0.783333 0.01 0.01
0 0.642969 0.906944 0.01 0.01
0 0.610156 0.876389 0.01 0.01
0 0.576563 0.897222 0.01 0.01
0 0.531250 0.836111 0.01 0.01
0 0.524219 0.859722 0.01 0.01
0 0.507031 0.881944 0.01 0.01
0 0.491406 0.898611 0.01 0.01
0 0.476562 0.894444 0.01 0.01
0 0.454688 0.901389 0.01 0.01
0 0.542969 0.850000 0.01 0.01
0 0.505469 0.788889 0.01 0.01
0 0.460156 0.812500 0.01 0.01
0 0.425781 0.729167 0.01 0.01
0 0.401563 0.686111 0.01 0.01
0 0.425000 0.627778 0.01 0.01
0 0.449219 0.584722 0.01 0.01
0 0.467969 0.658333 0.01 0.01
0 0.395312 0.802778 0.01 0.01
0 0.317187 0.704167 0.01 0.01
0 0.277344 0.748611 0.01 0.01
0 0.300781 0.781944 0.01 0.01
0 0.343750 0.829167 0.01 0.01
0 0.359375 0.883333 0.01 0.01
0 0.344531 0.883333 0.01 0.01
0 0.308594 0.884722 0.01 0.01
0 0.282031 0.891667 0.01 0.01
0 0.281250 0.873611 0.01 0.01
0 0.269531 0.880556 0.01 0.01
0 0.228125 0.870833 0.01 0.01
0 0.218750 0.795833 0.01 0.01
0 0.200781 0.816667 0.01 0.01
0 0.197656 0.806944 0.01 0.01
0 0.193750 0.788889 0.01 0.01
0 0.189063 0.751389 0.01 0.01
0 0.214062 0.705556 0.01 0.01
0 0.204688 0.669444 0.01 0.01
0 0.201562 0.670833 0.01 0.01
0 0.207031 0.651389 0.01 0.01
