0 0.208222 0.669518 0.01 0.01
0 0.346530 0.937753 0.01 0.01
0 0.487486 0.956577 0.01 0.01
0 0.480207 0.905989 0.01 0.01
0 0.385574 0.737753 0.01 0.01
0 0.472927 0.695400 0.01 0.01
0 0.540427 0.827165 0.01 0.01
0 0.427266 0.547165 0.01 0.01
0 0.369692 0.543636 0.01 0.01
0 0.390207 0.382459 0.01 0.01
0 0.289619 0.187165 0.01 0.01
0 0.326677 0.044812 0.01 0.01
0 0.328663 0.021283 0.01 0.01
0 0.491457 0.122459 0.01 0.01
0 0.571530 0.070694 0.01 0.01
0 0.605942 0.164812 0.01 0.01
0 0.627119 0.097753 0.01 0.01
0 0.785942 0.075400 0.01 0.01
0 0.779986 0.135400 0.01 0.01
0 0.790574 0.193047 0.01 0.01
0 0.854104 0.171871 0.01 0.01
0 0.824986 0.285989 0.01 0.01
0 0.688001 0.228342 0.01 0.01
0 0.719104 0.451871 0.01 0.01
0 0.723074 0.485989 0.01 0.01
0 0.629766 0.553047 0.01 0.01
0 0.846824 0.561283 0.01 0.01
0 0.869325 0.577753 0.01 0.01
0 0.850133 0.677753 0.01 0.01
0 0.848810 0.823636 0.01 0.01
0 0.837560 0.874224 0.01 0.01
0 0.766089 0.835400 0.01 0.01
