0 0.815722 0.280106 0.01 0.01
0 0.809766 0.304812 0.01 0.01
0 0.763442 0.241283 0.01 0.01
0 0.750869 0.191871 0.01 0.01
0 0.711163 0.238930 0.01 0.01
0 0.806457 0.209518 0.01 0.01
0 0.809104 0.182459 0.01 0.01
0 0.811751 0.165989 0.01 0.01
0 0.817707 0.163636 0.01 0.01
0 0.805133 0.143636 0.01 0.01
0 0.796530 0.138930 0.01 0.01
0 0.811751 0.114224 0.01 0.01
0 0.801824 0.109518 0.01 0.01
0 0.790574 0.073047 0.01 0.01
0 0.769398 0.103636 0.01 0.01
0 0.760795 0.081283 0.01 0.01
0 0.757486 0.075400 0.01 0.01
0 0.746898 0.077753 0.01 0.01
0 0.736971 0.076577 0.01 0.01
0 0.723736 0.069518 0.01 0.01
0 0.718442 0.077753 0.01 0.01
0 0.704545 0.065989 0.01 0.01
0 0.702560 0.089518 0.01 0.01
0 0.686677 0.074224 0.01 0.01
0 0.688663 0.065989 0.01 0.01
0 0.670133 0.068342 0.01 0.01
0 0.662192 0.061283 0.01 0.01
0 0.657560 0.096577 0.01 0.01
0 0.684030 0.137753 0.01 0.01
0 0.713148 0.336577 0.01 0.01
0 0.665501 0.378930 0.01 0.01
0 0.644986 0.383636 0.01 0.01
0 0.619177 0.397753 0.01 0.01
0 0.598663 0.488342 0.01 0.01
0 0.616530 0.496577 0.01 0.01
0 0.642339 0.498930 0.01 0.01
0 0.665501 0.494224 0.01 0.01
0 0.714472 0.494224 0.01 0.01
0 0.760795 0.521283 0.01 0.01
0 0.796530 0.523636 0.01 0.01
0 0.804471 0.517753 0.01 0.01
0 0.811089 0.583636 0.01 0.01
0 0.798516 0.551871 0.01 0.01
0 0.844839 0.631871 0.01 0.01
0 0.846163 0.567165 0.01 0.01
0 0.833589 0.501283 0.01 0.01
0 0.818369 0.465989 0.01 0.01
0 0.811089 0.447165 0.01 0.01
0 0.831604 0.830694 0.01 0.01
0 0.833589 0.797753 0.01 0.01
0 0.821677 0.790694 0.01 0.01
0 0.815722 0.793047 0.01 0.01
0 0.813736 0.780106 0.01 0.01
0 0.820354 0.747165 0.01 0.01
0 0.805133 0.681283 0.01 0.01
0 0.744913 0.727165 0.01 0.01
0 0.732339 0.677753 0.01 0.01
0 0.695280 0.634224 0.01 0.01
0 0.794545 0.794224 0.01 0.01
0 0.801824 0.804812 0.01 0.01
0 0.802486 0.822459 0.01 0.01
0 0.794545 0.841283 0.01 0.01
0 0.801163 0.830694 0.01 0.01
0 0.761457 0.853047 0.01 0.01
0 0.744913 0.857753 0.01 0.01
0 0.714472 0.861283 0.01 0.01
0 0.712486 0.791871 0.01 0.01
0 0.668148 0.716577 0.01 0.01
0 0.686677 0.696577 0.01 0.01
0 0.688001 0.857753 0.01 0.01
0 0.651604 0.856577 0.01 0.01
0 0.598663 0.894224 0.01 0.01
0 0.616530 0.882459 0.01 0.01
0 0.609913 0.849518 0.01 0.01
0 0.573516 0.857753 0.01 0.01
0 0.609251 0.788342 0.01 0.01
0 0.570869 0.774224 0.01 0.01
0 0.541751 0.845989 0.01 0.01
0 0.533810 0.783636 0.01 0.01
0 0.563589 0.695400 0.01 0.01
0 0.553663 0.664812 0.01 0.01
0 0.560942 0.614224 0.01 0.01
0 0.589398 0.584812 0.01 0.01
0 0.535133 0.508341 0.01 0.01
0 0.560280 0.353047 0.01 0.01
0 0.546383 0.331871 0.01 0.01
0 0.566898 0.320106 0.01 0.01
0 0.582119 0.248342 0.01 0.01
0 0.633074 0.177753 0.01 0.01
0 0.600648 0.115400 0.01 0.01
0 0.612560 0.094224 0.01 0.01
0 0.619177 0.082459 0.01 0.01
0 0.623810 0.071871 0.01 0.01
0 0.590060 0.071871 0.01 0.01
0 0.578810 0.087165 0.01 0.01
0 0.572192 0.076577 0.01 0.01
0 0.566236 0.105989 0.01 0.01
0 0.542413 0.071871 0.01 0.01
0 0.558295 0.183636 0.01 0.01
0 0.519251 0.216577 0.01 0.01
0 0.516604 0.187165 0.01 0.01
0 0.504692 0.197753 0.01 0.01
0 0.519251 0.303636 0.01 0.01
0 0.513957 0.328342 0.01 0.01
0 0.500060 0.253047 0.01 0.01
0 0.486163 0.184812 0.01 0.01
0 0.468295 0.153047 0.01 0.01
0 0.464986 0.141283 0.01 0.01
0 0.474251 0.115400 0.01 0.01
0 0.464986 0.063636 0.01 0.01
0 0.462339 0.053047 0.01 0.01
0 0.504030 0.067165 0.01 0.01
0 0.433222 0.101283 0.01 0.01
0 0.418001 0.063636 0.01 0.01
0 0.411383 0.071871 0.01 0.01
0 0.389545 0.077753 0.01 0.01
0 0.384251 0.073047 0.01 0.01
0 0.365722 0.081283 0.01 0.01
0 0.372339 0.121283 0.01 0.01
0 0.490133 0.855400 0.01 0.01
0 0.483516 0.882459 0.01 0.01
0 0.439839 0.849518 0.01 0.01
0 0.429251 0.854224 0.01 0.01
0 0.429913 0.813047 0.01 0.01
0 0.422633 0.797753 0.01 0.01
0 0.389545 0.860106 0.01 0.01
0 0.437854 0.791871 0.01 0.01
0 0.476236 0.790694 0.01 0.01
0 0.469619 0.727165 0.01 0.01
0 0.455722 0.714224 0.01 0.01
0 0.482192 0.656577 0.01 0.01
0 0.512633 0.621283 0.01 0.01
0 0.476898 0.556577 0.01 0.01
0 0.481530 0.530694 0.01 0.01
0 0.456383 0.605989 0.01 0.01
0 0.427266 0.614224 0.01 0.01
0 0.419324 0.670694 0.01 0.01
0 0.459692 0.400106 0.01 0.01
0 0.430574 0.380106 0.01 0.01
0 0.444472 0.313047 0.01 0.01
0 0.427266 0.304812 0.01 0.01
0 0.348516 0.218930 0.01 0.01
0 0.341898 0.102459 0.01 0.01
0 0.317413 0.085989 0.01 0.01
0 0.318074 0.054224 0.01 0.01
0 0.274398 0.125989 0.01 0.01
0 0.257192 0.076577 0.01 0.01
0 0.257192 0.069518 0.01 0.01
0 0.249251 0.068342 0.01 0.01
0 0.236016 0.073047 0.01 0.01
0 0.230722 0.073047 0.01 0.01
0 0.228736 0.081283 0.01 0.01
0 0.222780 0.077753 0.01 0.01
0 0.224766 0.061283 0.01 0.01
0 0.204251 0.082459 0.01 0.01
0 0.200942 0.083636 0.01 0.01
0 0.181751 0.070694 0.01 0.01
0 0.173148 0.070694 0.01 0.01
0 0.151310 0.081283 0.01 0.01
0 0.149324 0.094224 0.01 0.01
0 0.140060 0.096577 0.01 0.01
0 0.185060 0.103636 0.01 0.01
0 0.191016 0.113047 0.01 0.01
0 0.183736 0.133047 0.01 0.01
0 0.189692 0.157753 0.01 0.01
0 0.179766 0.187165 0.01 0.01
0 0.206898 0.154224 0.01 0.01
0 0.213516 0.148342 0.01 0.01
0 0.212854 0.195400 0.01 0.01
0 0.181089 0.250694 0.01 0.01
0 0.180427 0.275400 0.01 0.01
0 0.174472 0.284812 0.01 0.01
0 0.177119 0.297753 0.01 0.01
0 0.196310 0.271871 0.01 0.01
0 0.220795 0.288341 0.01 0.01
0 0.251898 0.258930 0.01 0.01
0 0.273736 0.341283 0.01 0.01
0 0.238001 0.398930 0.01 0.01
0 0.236016 0.384812 0.01 0.01
0 0.177780 0.397753 0.01 0.01
0 0.179766 0.378930 0.01 0.01
0 0.165869 0.338930 0.01 0.01
0 0.132119 0.414224 0.01 0.01
0 0.166530 0.433047 0.01 0.01
0 0.185722 0.482459 0.01 0.01
0 0.192339 0.481283 0.01 0.01
0 0.201604 0.443636 0.01 0.01
0 0.259839 0.448341 0.01 0.01
0 0.366383 0.408342 0.01 0.01
0 0.401457 0.498930 0.01 0.01
0 0.435869 0.529518 0.01 0.01
0 0.398148 0.564812 0.01 0.01
0 0.393516 0.524812 0.01 0.01
0 0.371677 0.564812 0.01 0.01
0 0.367707 0.624812 0.01 0.01
0 0.341898 0.654224 0.01 0.01
0 0.315427 0.642459 0.01 0.01
0 0.327339 0.620106 0.01 0.01
0 0.303516 0.554224 0.01 0.01
0 0.290942 0.549518 0.01 0.01
0 0.372339 0.775400 0.01 0.01
0 0.358442 0.853047 0.01 0.01
0 0.310133 0.856577 0.01 0.01
0 0.286310 0.849518 0.01 0.01
0 0.275721 0.853047 0.01 0.01
0 0.263148 0.849518 0.01 0.01
0 0.241310 0.842459 0.01 0.01
0 0.184398 0.904812 0.01 0.01
0 0.159913 0.873047 0.01 0.01
0 0.177780 0.841283 0.01 0.01
0 0.192339 0.824812 0.01 0.01
0 0.196310 0.844812 0.01 0.01
0 0.203589 0.835400 0.01 0.01
0 0.213516 0.844812 0.01 0.01
0 0.220133 0.860106 0.01 0.01
0 0.210869 0.783636 0.01 0.01
0 0.228074 0.774224 0.01 0.01
0 0.242633 0.758930 0.01 0.01
0 0.266457 0.761283 0.01 0.01
0 0.227413 0.720106 0.01 0.01
0 0.236677 0.708342 0.01 0.01
0 0.257854 0.651871 0.01 0.01
0 0.273736 0.628341 0.01 0.01
0 0.264472 0.609518 0.01 0.01
0 0.235354 0.574224 0.01 0.01
0 0.216824 0.516577 0.01 0.01
0 0.174472 0.534224 0.01 0.01
0 0.175795 0.558930 0.01 0.01
0 0.169177 0.617753 0.01 0.01
0 0.128148 0.673047 0.01 0.01
0 0.173148 0.649518 0.01 0.01
0 0.180427 0.681283 0.01 0.01
0 0.176457 0.694224 0.01 0.01
0 0.171163 0.696577 0.01 0.01
0 0.200942 0.665989 0.01 0.01
0 0.175795 0.724812 0.01 0.01
0 0.171824 0.747165 0.01 0.01
0 0.165869 0.721283 0.01 0.01
0 0.169177 0.758930 0.01 0.01
0 0.176457 0.778930 0.01 0.01
0 0.169177 0.782459 0.01 0.01
0 0.169839 0.771871 0.01 0.01
