0 0.781972 0.149518 0.01 0.01
0 0.783957 0.076577 0.01 0.01
0 0.783957 0.180106 0.01 0.01
0 0.851457 0.198930 0.01 0.01
0 0.824986 0.309518 0.01 0.01
0 0.847486 0.580106 0.01 0.01
0 0.870648 0.588342 0.01 0.01
0 0.850795 0.693047 0.01 0.01
0 0.848148 0.851871 0.01 0.01
0 0.840207 0.876577 0.01 0.01
0 0.756163 0.842459 0.01 0.01
0 0.721089 0.498930 0.01 0.01
0 0.715133 0.458930 0.01 0.01
0 0.637707 0.548342 0.01 0.01
0 0.635722 0.144812 0.01 0.01
0 0.611236 0.153047 0.01 0.01
0 0.543736 0.065989 0.01 0.01
0 0.454398 0.091871 0.01 0.01
0 0.394839 0.044812 0.01 0.01
0 0.396163 0.038930 0.01 0.01
0 0.296236 0.201283 0.01 0.01
0 0.293589 0.233047 0.01 0.01
0 0.383589 0.395400 0.01 0.01
0 0.371016 0.545989 0.01 0.01
0 0.209545 0.671871 0.01 0.01
0 0.357119 0.910694 0.01 0.01
0 0.461016 0.956577 0.01 0.01
0 0.498074 0.931871 0.01 0.01
0 0.543074 0.836577 0.01 0.01
0 0.455060 0.750694 0.01 0.01
0 0.468957 0.688341 0.01 0.01
0 0.386236 0.745989 0.01 0.01
