0 0.251563 0.009722 0.01 0.01
0 0.271875 0.056944 0.01 0.01
0 0.280469 0.063889 0.01 0.01
0 0.226562 0.115278 0.01 0.01
0 0.222656 0.125000 0.01 0.01
0 0.221875 0.148611 0.01 0.01
0 0.304688 0.131944 0.01 0.01
0 0.365625 0.108333 0.01 0.01
0 0.379687 0.088889 0.01 0.01
0 0.407813 0.066667 0.01 0.01
0 0.378125 0.175000 0.01 0.01
0 0.361719 0.197222 0.01 0.01
0 0.497656 0.158333 0.01 0.01
0 0.524219 0.084722 0.01 0.01
0 0.535156 0.072222 0.01 0.01
0 0.585156 0.077778 0.01 0.01
0 0.646094 0.086111 0.01 0.01
0 0.744531 0.077778 0.01 0.01
0 0.795313 0.073611 0.01 0.01
0 0.596094 0.190278 0.01 0.01
0 0.601562 0.223611 0.01 0.01
0 0.592969 0.248611 0.01 0.01
0 0.521875 0.256944 0.01 0.01
0 0.485156 0.261111 0.01 0.01
0 0.498437 0.230556 0.01 0.01
0 0.505469 0.198611 0.01 0.01
0 0.667969 0.243056 0.01 0.01
0 0.612500 0.343056 0.01 0.01
0 0.617969 0.338889 0.01 0.01
0 0.651563 0.402778 0.01 0.01
0 0.588281 0.405556 0.01 0.01
0 0.558594 0.468056 0.01 0.01
0 0.380469 0.444444 0.01 0.01
0 0.302344 0.376389 0.01 0.01
0 0.214062 0.559722 0.01 0.01
0 0.208594 0.652778 0.01 0.01
0 0.210156 0.706944 0.01 0.01
0 0.209375 0.744444 0.01 0.01
0 0.214062 0.786111 0.01 0.01
0 0.178906 0.805556 0.01 0.01
0 0.253125 0.847222 0.01 0.01
0 0.263281 0.852778 0.01 0.01
0 0.271094 0.856944 0.01 0.01
0 0.271875 0.826389 0.01 0.01
0 0.297656 0.851389 0.01 0.01
0 0.337500 0.798611 0.01 0.01
0 0.364062 0.861111 0.01 0.01
0 0.383594 0.841667 0.01 0.01
0 0.362500 0.794444 0.01 0.01
0 0.348437 0.756944 0.01 0.01
0 0.328906 0.761111 0.01 0.01
0 0.293750 0.729167 0.01 0.01
0 0.264062 0.680556 0.01 0.01
0 0.253906 0.625000 0.01 0.01
0 0.301562 0.595833 0.01 0.01
0 0.335938 0.673611 0.01 0.01
0 0.342187 0.715278 0.01 0.01
0 0.403125 0.659722 0.01 0.01
0 0.451562 0.612500 0.01 0.01
0 0.471094 0.559722 0.01 0.01
0 0.477344 0.577778 0.01 0.01
0 0.479688 0.612500 0.01 0.01
0 0.428125 0.875000 0.01 0.01
0 0.486719 0.840278 0.01 0.01
0 0.500000 0.868056 0.01 0.01
0 0.523438 0.863889 0.01 0.01
0 0.523438 0.834722 0.01 0.01
0 0.532031 0.815278 0.01 0.01
0 0.511719 0.793056 0.01 0.01
0 0.562500 0.833333 0.01 0.01
0 0.644531 0.873611 0.01 0.01
0 0.673437 0.848611 0.01 0.01
0 0.700000 0.851389 0.01 0.01
0 0.716406 0.859722 0.01 0.01
0 0.721094 0.894444 0.01 0.01
0 0.743750 0.881944 0.01 0.01
0 0.754687 0.887500 0.01 0.01
0 0.803906 0.897222 0.01 0.01
0 0.777344 0.806944 0.01 0.01
0 0.775000 0.761111 0.01 0.01
0 0.765625 0.719444 0.01 0.01
0 0.734375 0.747222 0.01 0.01
0 0.630469 0.759722 0.01 0.01
0 0.671094 0.700000 0.01 0.01
0 0.657812 0.693056 0.01 0.01
0 0.619531 0.691667 0.01 0.01
0 0.621875 0.668056 0.01 0.01
0 0.607813 0.641667 0.01 0.01
0 0.583594 0.636111 0.01 0.01
0 0.597656 0.588889 0.01 0.01
0 0.626562 0.604167 0.01 0.01
0 0.563281 0.547222 0.01 0.01
0 0.534375 0.631944 0.01 0.01
0 0.860937 0.934722 0.01 0.01
0 0.847656 0.851389 0.01 0.01
0 0.860937 0.804167 0.01 0.01
0 0.864844 0.773611 0.01 0.01
0 0.867969 0.773611 0.01 0.01
0 0.882812 0.788889 0.01 0.01
0 0.853125 0.694444 0.01 0.01
0 0.866406 0.577778 0.01 0.01
0 0.823438 0.531944 0.01 0.01
0 0.776563 0.481944 0.01 0.01
0 0.759375 0.598611 0.01 0.01
0 0.748438 0.644444 0.01 0.01
0 0.871094 0.516667 0.01 0.01
0 0.867188 0.391667 0.01 0.01
0 0.843750 0.330556 0.01 0.01
0 0.820312 0.287500 0.01 0.01
0 0.871094 0.266667 0.01 0.01
0 0.882812 0.204167 0.01 0.01
0 0.875000 0.173611 0.01 0.01
0 0.870313 0.154167 0.01 0.01
0 0.862500 0.123611 0.01 0.01
0 0.855469 0.098611 0.01 0.01
0 0.854688 0.083333 0.01 0.01
0 0.817187 0.081944 0.01 0.01
0 0.817187 0.076389 0.01 0.01
0 0.837500 0.162500 0.01 0.01
