0 0.232812 0.631944 0.01 0.01
0 0.377344 0.447222 0.01 0.01
0 0.390625 0.536111 0.01 0.01
0 0.406250 0.744444 0.01 0.01
0 0.431250 0.800000 0.01 0.01
0 0.448438 0.830556 0.01 0.01
0 0.478906 0.686111 0.01 0.01
0 0.546875 0.816667 0.01 0.01
0 0.579687 0.866667 0.01 0.01
0 0.720312 0.861111 0.01 0.01
0 0.804688 0.940278 0.01 0.01
0 0.857813 0.869444 0.01 0.01
0 0.865625 0.725000 0.01 0.01
0 0.862500 0.588889 0.01 0.01
0 0.707812 0.583333 0.01 0.01
0 0.668750 0.468056 0.01 0.01
0 0.686719 0.406944 0.01 0.01
0 0.627344 0.383333 0.01 0.01
0 0.510156 0.366667 0.01 0.01
0 0.840625 0.393056 0.01 0.01
0 0.864062 0.263889 0.01 0.01
0 0.788281 0.070833 0.01 0.01
0 0.774219 0.201389 0.01 0.01
0 0.652344 0.256944 0.01 0.01
0 0.620313 0.145833 0.01 0.01
0 0.481250 0.050000 0.01 0.01
0 0.316406 0.172222 0.01 0.01
0 0.284375 0.287500 0.01 0.01
