0 0.846824 0.070694 0.01 0.01
0 0.815722 0.089518 0.01 0.01
0 0.803148 0.107165 0.01 0.01
0 0.811089 0.129518 0.01 0.01
0 0.836236 0.101283 0.01 0.01
0 0.836898 0.114224 0.01 0.01
0 0.866016 0.117753 0.01 0.01
0 0.876604 0.124812 0.01 0.01
0 0.867339 0.143636 0.01 0.01
0 0.884545 0.142459 0.01 0.01
0 0.899766 0.125989 0.01 0.01
0 0.918295 0.191871 0.01 0.01
0 0.909692 0.210694 0.01 0.01
0 0.888516 0.211871 0.01 0.01
0 0.881236 0.190694 0.01 0.01
0 0.877927 0.235400 0.01 0.01
0 0.901089 0.315400 0.01 0.01
0 0.897780 0.334224 0.01 0.01
0 0.911677 0.360106 0.01 0.01
0 0.931530 0.364812 0.01 0.01
0 0.907707 0.434224 0.01 0.01
0 0.845501 0.314224 0.01 0.01
0 0.795207 0.318930 0.01 0.01
0 0.786604 0.305989 0.01 0.01
0 0.883222 0.581283 0.01 0.01
0 0.897780 0.575400 0.01 0.01
0 0.899766 0.611871 0.01 0.01
0 0.934177 0.690694 0.01 0.01
0 0.898442 0.815400 0.01 0.01
0 0.883883 0.834224 0.01 0.01
0 0.859398 0.762459 0.01 0.01
0 0.864030 0.851871 0.01 0.01
0 0.868001 0.876577 0.01 0.01
0 0.881236 0.863636 0.01 0.01
0 0.889177 0.891871 0.01 0.01
0 0.924251 0.890694 0.01 0.01
0 0.880574 0.949518 0.01 0.01
0 0.848148 0.904812 0.01 0.01
0 0.834251 0.940106 0.01 0.01
0 0.803148 0.933047 0.01 0.01
0 0.794545 0.928342 0.01 0.01
0 0.789251 0.863636 0.01 0.01
0 0.728369 0.834224 0.01 0.01
0 0.706530 0.816577 0.01 0.01
0 0.691971 0.891871 0.01 0.01
0 0.676751 0.875400 0.01 0.01
0 0.715133 0.900106 0.01 0.01
0 0.725721 0.931871 0.01 0.01
0 0.718442 0.950694 0.01 0.01
0 0.740942 0.938930 0.01 0.01
0 0.746236 0.948342 0.01 0.01
0 0.786604 0.651871 0.01 0.01
0 0.778001 0.613047 0.01 0.01
0 0.767413 0.595400 0.01 0.01
0 0.718442 0.578930 0.01 0.01
0 0.724398 0.548342 0.01 0.01
0 0.683369 0.538930 0.01 0.01
0 0.644986 0.702459 0.01 0.01
0 0.582119 0.662459 0.01 0.01
0 0.609251 0.494224 0.01 0.01
0 0.638369 0.471871 0.01 0.01
0 0.656236 0.477753 0.01 0.01
0 0.667486 0.449518 0.01 0.01
0 0.682707 0.487165 0.01 0.01
0 0.707854 0.464812 0.01 0.01
0 0.791898 0.182459 0.01 0.01
0 0.778663 0.151871 0.01 0.01
0 0.748883 0.208342 0.01 0.01
0 0.715133 0.187165 0.01 0.01
0 0.723736 0.143636 0.01 0.01
0 0.719104 0.074224 0.01 0.01
0 0.715795 0.088342 0.01 0.01
0 0.699913 0.104812 0.01 0.01
0 0.680722 0.215400 0.01 0.01
0 0.654251 0.305989 0.01 0.01
0 0.567560 0.431871 0.01 0.01
0 0.580795 0.365989 0.01 0.01
0 0.517927 0.278930 0.01 0.01
0 0.556310 0.155400 0.01 0.01
0 0.565574 0.103636 0.01 0.01
0 0.573516 0.102459 0.01 0.01
0 0.590060 0.107165 0.01 0.01
0 0.633074 0.103636 0.01 0.01
0 0.600648 0.141283 0.01 0.01
0 0.510648 0.065989 0.01 0.01
0 0.517266 0.096577 0.01 0.01
0 0.497413 0.104812 0.01 0.01
0 0.364398 0.098930 0.01 0.01
0 0.367045 0.141283 0.01 0.01
0 0.380280 0.197753 0.01 0.01
0 0.359766 0.194224 0.01 0.01
0 0.349839 0.114224 0.01 0.01
0 0.346530 0.097753 0.01 0.01
0 0.330648 0.097753 0.01 0.01
0 0.308148 0.097753 0.01 0.01
0 0.277045 0.084812 0.01 0.01
0 0.243957 0.118930 0.01 0.01
0 0.245942 0.125989 0.01 0.01
0 0.245942 0.134224 0.01 0.01
0 0.230060 0.144812 0.01 0.01
0 0.215501 0.137753 0.01 0.01
0 0.226089 0.069518 0.01 0.01
0 0.192339 0.102459 0.01 0.01
0 0.189692 0.127165 0.01 0.01
0 0.212192 0.188341 0.01 0.01
0 0.232045 0.204812 0.01 0.01
0 0.259839 0.247165 0.01 0.01
0 0.259177 0.310694 0.01 0.01
0 0.225427 0.338930 0.01 0.01
0 0.227413 0.358930 0.01 0.01
0 0.305501 0.287165 0.01 0.01
0 0.367707 0.301283 0.01 0.01
0 0.364398 0.342459 0.01 0.01
0 0.398148 0.330694 0.01 0.01
0 0.405427 0.283636 0.01 0.01
0 0.394177 0.378930 0.01 0.01
0 0.353810 0.418930 0.01 0.01
0 0.215501 0.424812 0.01 0.01
0 0.226751 0.485989 0.01 0.01
0 0.224104 0.549518 0.01 0.01
0 0.236016 0.557753 0.01 0.01
0 0.273736 0.590694 0.01 0.01
0 0.255869 0.660106 0.01 0.01
0 0.283663 0.677753 0.01 0.01
0 0.407413 0.484812 0.01 0.01
0 0.437192 0.453047 0.01 0.01
0 0.463001 0.436577 0.01 0.01
0 0.486824 0.518930 0.01 0.01
0 0.462339 0.535400 0.01 0.01
0 0.472266 0.597753 0.01 0.01
0 0.519913 0.578930 0.01 0.01
0 0.486163 0.660106 0.01 0.01
0 0.456383 0.614224 0.01 0.01
0 0.416677 0.635400 0.01 0.01
0 0.537780 0.751871 0.01 0.01
0 0.573516 0.840106 0.01 0.01
0 0.515942 0.896577 0.01 0.01
0 0.494104 0.933047 0.01 0.01
0 0.476236 0.902459 0.01 0.01
0 0.488810 0.884812 0.01 0.01
0 0.455060 0.781283 0.01 0.01
0 0.427266 0.757753 0.01 0.01
0 0.369030 0.769518 0.01 0.01
0 0.356457 0.755400 0.01 0.01
0 0.349839 0.788342 0.01 0.01
0 0.363074 0.845989 0.01 0.01
0 0.365060 0.854224 0.01 0.01
0 0.408736 0.893047 0.01 0.01
0 0.428589 0.943636 0.01 0.01
0 0.389545 0.918930 0.01 0.01
0 0.371016 0.922459 0.01 0.01
0 0.362413 0.924812 0.01 0.01
0 0.331971 0.896577 0.01 0.01
0 0.337266 0.871871 0.01 0.01
0 0.333295 0.980106 0.01 0.01
0 0.289619 0.969518 0.01 0.01
0 0.298222 0.928342 0.01 0.01
0 0.302854 0.920106 0.01 0.01
0 0.269104 0.905989 0.01 0.01
0 0.263810 0.905989 0.01 0.01
0 0.253222 0.903636 0.01 0.01
0 0.269104 0.760106 0.01 0.01
0 0.224104 0.747165 0.01 0.01
0 0.245280 0.798930 0.01 0.01
0 0.228074 0.821283 0.01 0.01
0 0.221457 0.861283 0.01 0.01
0 0.230722 0.871871 0.01 0.01
0 0.227413 0.877753 0.01 0.01
0 0.213516 0.890694 0.01 0.01
0 0.185060 0.880106 0.01 0.01
0 0.173810 0.810694 0.01 0.01
0 0.210869 0.982459 0.01 0.01
