0 0.200942 0.948342 0.01 0.01
0 0.255207 0.944812 0.01 0.01
0 0.246604 0.901283 0.01 0.01
0 0.229398 0.887165 0.01 0.01
0 0.221457 0.861283 0.01 0.01
0 0.206898 0.858930 0.01 0.01
0 0.220133 0.845989 0.01 0.01
0 0.215501 0.838930 0.01 0.01
0 0.210869 0.840106 0.01 0.01
0 0.212854 0.790694 0.01 0.01
0 0.224104 0.729518 0.01 0.01
0 0.278369 0.716577 0.01 0.01
0 0.296898 0.789518 0.01 0.01
0 0.342560 0.805989 0.01 0.01
0 0.295574 0.909518 0.01 0.01
0 0.283001 0.908341 0.01 0.01
0 0.310795 0.916577 0.01 0.01
0 0.352486 0.917753 0.01 0.01
0 0.361089 0.918930 0.01 0.01
0 0.374986 0.935400 0.01 0.01
0 0.374324 0.918930 0.01 0.01
0 0.369692 0.831871 0.01 0.01
0 0.404104 0.787165 0.01 0.01
0 0.374986 0.741283 0.01 0.01
0 0.435869 0.813047 0.01 0.01
0 0.450427 0.853047 0.01 0.01
0 0.448442 0.918930 0.01 0.01
0 0.476236 0.807165 0.01 0.01
0 0.462339 0.764812 0.01 0.01
0 0.419324 0.610694 0.01 0.01
0 0.332633 0.643636 0.01 0.01
0 0.272413 0.589518 0.01 0.01
0 0.218148 0.596577 0.01 0.01
0 0.232045 0.531871 0.01 0.01
0 0.222780 0.280106 0.01 0.01
0 0.228736 0.255400 0.01 0.01
0 0.261163 0.243636 0.01 0.01
0 0.215501 0.171871 0.01 0.01
0 0.220795 0.096577 0.01 0.01
0 0.254545 0.155400 0.01 0.01
0 0.269766 0.171871 0.01 0.01
0 0.277707 0.141283 0.01 0.01
0 0.352486 0.153047 0.01 0.01
0 0.385574 0.133047 0.01 0.01
0 0.433883 0.136577 0.01 0.01
0 0.469619 0.191871 0.01 0.01
0 0.468295 0.282459 0.01 0.01
0 0.397486 0.340106 0.01 0.01
0 0.494104 0.451871 0.01 0.01
0 0.510648 0.447165 0.01 0.01
0 0.513957 0.596577 0.01 0.01
0 0.476236 0.587165 0.01 0.01
0 0.546383 0.677753 0.01 0.01
0 0.579471 0.697753 0.01 0.01
0 0.576824 0.656577 0.01 0.01
0 0.554324 0.631871 0.01 0.01
0 0.546383 0.777753 0.01 0.01
0 0.579471 0.824812 0.01 0.01
0 0.552339 0.913047 0.01 0.01
0 0.635722 0.930694 0.01 0.01
0 0.619177 0.884812 0.01 0.01
0 0.651604 0.837753 0.01 0.01
0 0.636383 0.734224 0.01 0.01
0 0.679398 0.701283 0.01 0.01
0 0.744913 0.807165 0.01 0.01
0 0.772045 0.820106 0.01 0.01
0 0.773369 0.877753 0.01 0.01
0 0.734324 0.901283 0.01 0.01
0 0.740942 0.944812 0.01 0.01
0 0.748222 0.957753 0.01 0.01
0 0.755501 0.941283 0.01 0.01
0 0.772045 0.921283 0.01 0.01
0 0.785942 0.921283 0.01 0.01
0 0.787266 0.962459 0.01 0.01
0 0.801163 0.943636 0.01 0.01
0 0.830280 0.936577 0.01 0.01
0 0.843516 0.917753 0.01 0.01
0 0.884545 0.924812 0.01 0.01
0 0.892486 0.925989 0.01 0.01
0 0.875942 0.857753 0.01 0.01
0 0.852119 0.881283 0.01 0.01
0 0.865354 0.749518 0.01 0.01
0 0.767413 0.674224 0.01 0.01
0 0.860721 0.641283 0.01 0.01
0 0.864030 0.585989 0.01 0.01
0 0.819692 0.596577 0.01 0.01
0 0.772707 0.545989 0.01 0.01
0 0.736310 0.541283 0.01 0.01
0 0.730354 0.593047 0.01 0.01
0 0.658222 0.483636 0.01 0.01
0 0.615207 0.477753 0.01 0.01
0 0.651604 0.401283 0.01 0.01
0 0.637045 0.384812 0.01 0.01
0 0.526530 0.255400 0.01 0.01
0 0.529177 0.277753 0.01 0.01
0 0.525207 0.134224 0.01 0.01
0 0.554324 0.256577 0.01 0.01
0 0.566236 0.281283 0.01 0.01
0 0.588074 0.265989 0.01 0.01
0 0.598001 0.281283 0.01 0.01
0 0.619839 0.233047 0.01 0.01
0 0.610574 0.170694 0.01 0.01
0 0.642339 0.143636 0.01 0.01
0 0.713810 0.153047 0.01 0.01
0 0.767413 0.153047 0.01 0.01
0 0.776677 0.117753 0.01 0.01
0 0.837560 0.162459 0.01 0.01
0 0.860721 0.194224 0.01 0.01
0 0.854766 0.201283 0.01 0.01
0 0.862045 0.215400 0.01 0.01
0 0.862707 0.228342 0.01 0.01
0 0.891163 0.265989 0.01 0.01
0 0.874619 0.322459 0.01 0.01
0 0.862707 0.316577 0.01 0.01
0 0.861383 0.282459 0.01 0.01
0 0.762780 0.336577 0.01 0.01
0 0.733663 0.311871 0.01 0.01
