0 0.782812 0.030556 0.01 0.01
0 0.804688 0.079167 0.01 0.01
0 0.791406 0.161111 0.01 0.01
0 0.855469 0.113889 0.01 0.01
0 0.865625 0.161111 0.01 0.01
0 0.833594 0.251389 0.01 0.01
0 0.700781 0.151389 0.01 0.01
0 0.645312 0.072222 0.01 0.01
0 0.481250 0.325000 0.01 0.01
0 0.413281 0.326389 0.01 0.01
0 0.724219 0.431944 0.01 0.01
0 0.752344 0.405556 0.01 0.01
0 0.818750 0.468056 0.01 0.01
0 0.862500 0.547222 0.01 0.01
0 0.621094 0.562500 0.01 0.01
0 0.443750 0.658333 0.01 0.01
0 0.478906 0.719444 0.01 0.01
0 0.512500 0.798611 0.01 0.01
0 0.561719 0.890278 0.01 0.01
0 0.580469 0.926389 0.01 0.01
0 0.853125 0.858333 0.01 0.01
0 0.857813 0.802778 0.01 0.01
0 0.790625 0.830556 0.01 0.01
0 0.260156 0.881944 0.01 0.01
0 0.235156 0.725000 0.01 0.01
0 0.382031 0.725000 0.01 0.01
0 0.358594 0.556944 0.01 0.01
0 0.299219 0.172222 0.01 0.01
0 0.135156 0.063889 0.01 0.01
