0 0.829619 0.310694 0.01 0.01
0 0.868001 0.342459 0.01 0.01
0 0.817707 0.383636 0.01 0.01
0 0.780648 0.343636 0.01 0.01
0 0.822339 0.276577 0.01 0.01
0 0.836898 0.243636 0.01 0.01
0 0.835574 0.228342 0.01 0.01
0 0.834913 0.213047 0.01 0.01
0 0.811089 0.184812 0.01 0.01
0 0.847486 0.105989 0.01 0.01
0 0.834251 0.097753 0.01 0.01
0 0.823001 0.124812 0.01 0.01
0 0.815722 0.115400 0.01 0.01
0 0.811089 0.108342 0.01 0.01
0 0.804471 0.096577 0.01 0.01
0 0.789913 0.091871 0.01 0.01
0 0.785942 0.091871 0.01 0.01
0 0.776677 0.085989 0.01 0.01
0 0.738957 0.076577 0.01 0.01
0 0.717119 0.068342 0.01 0.01
0 0.686677 0.077753 0.01 0.01
0 0.678736 0.075400 0.01 0.01
0 0.722413 0.083636 0.01 0.01
0 0.693295 0.124812 0.01 0.01
0 0.689986 0.182459 0.01 0.01
0 0.711163 0.167165 0.01 0.01
0 0.701898 0.233047 0.01 0.01
0 0.636383 0.157753 0.01 0.01
0 0.617192 0.083636 0.01 0.01
0 0.611236 0.084812 0.01 0.01
0 0.606604 0.078930 0.01 0.01
0 0.557633 0.081283 0.01 0.01
0 0.539766 0.077753 0.01 0.01
0 0.531824 0.078930 0.01 0.01
0 0.527854 0.081283 0.01 0.01
0 0.565574 0.171871 0.01 0.01
0 0.565574 0.153047 0.01 0.01
0 0.555648 0.223636 0.01 0.01
0 0.504030 0.182459 0.01 0.01
0 0.494104 0.120106 0.01 0.01
0 0.494104 0.076577 0.01 0.01
0 0.488810 0.063636 0.01 0.01
0 0.475574 0.087165 0.01 0.01
0 0.463001 0.087165 0.01 0.01
0 0.458369 0.151871 0.01 0.01
0 0.442486 0.155400 0.01 0.01
0 0.412707 0.182459 0.01 0.01
0 0.415354 0.083636 0.01 0.01
0 0.398148 0.073047 0.01 0.01
0 0.366383 0.116577 0.01 0.01
0 0.359766 0.103636 0.01 0.01
0 0.348516 0.109518 0.01 0.01
0 0.339251 0.083636 0.01 0.01
0 0.332633 0.100106 0.01 0.01
0 0.326677 0.075400 0.01 0.01
0 0.362413 0.147165 0.01 0.01
0 0.350501 0.153047 0.01 0.01
0 0.330648 0.144812 0.01 0.01
0 0.296236 0.117753 0.01 0.01
0 0.279692 0.130694 0.01 0.01
0 0.288295 0.076577 0.01 0.01
0 0.280354 0.085989 0.01 0.01
0 0.272413 0.076577 0.01 0.01
0 0.270427 0.040106 0.01 0.01
0 0.259177 0.077753 0.01 0.01
0 0.243295 0.073047 0.01 0.01
0 0.239986 0.045989 0.01 0.01
0 0.200280 0.047165 0.01 0.01
0 0.185722 0.043636 0.01 0.01
0 0.168516 0.078930 0.01 0.01
0 0.199619 0.110694 0.01 0.01
0 0.192339 0.120106 0.01 0.01
0 0.185060 0.128342 0.01 0.01
0 0.191016 0.138930 0.01 0.01
0 0.212854 0.133047 0.01 0.01
0 0.214177 0.096577 0.01 0.01
0 0.217486 0.089518 0.01 0.01
0 0.248589 0.147165 0.01 0.01
0 0.219471 0.151871 0.01 0.01
0 0.153957 0.214224 0.01 0.01
0 0.189030 0.248342 0.01 0.01
0 0.187707 0.274224 0.01 0.01
0 0.190354 0.296577 0.01 0.01
0 0.211530 0.293047 0.01 0.01
0 0.249251 0.265989 0.01 0.01
0 0.297560 0.278930 0.01 0.01
0 0.283663 0.376577 0.01 0.01
0 0.237339 0.458930 0.01 0.01
0 0.218148 0.422459 0.01 0.01
0 0.202266 0.411871 0.01 0.01
0 0.200280 0.387165 0.01 0.01
0 0.181089 0.348341 0.01 0.01
0 0.187045 0.405989 0.01 0.01
0 0.185722 0.421283 0.01 0.01
0 0.187045 0.450694 0.01 0.01
0 0.155942 0.508341 0.01 0.01
0 0.144692 0.516577 0.01 0.01
0 0.193663 0.500106 0.01 0.01
0 0.187707 0.515400 0.01 0.01
0 0.190354 0.549518 0.01 0.01
0 0.187045 0.560106 0.01 0.01
0 0.243295 0.516577 0.01 0.01
0 0.249251 0.594224 0.01 0.01
0 0.233369 0.661283 0.01 0.01
0 0.191677 0.615400 0.01 0.01
0 0.187045 0.628341 0.01 0.01
0 0.187045 0.638930 0.01 0.01
0 0.196310 0.634224 0.01 0.01
0 0.199619 0.702459 0.01 0.01
0 0.183736 0.714224 0.01 0.01
0 0.187707 0.688341 0.01 0.01
0 0.247266 0.728342 0.01 0.01
0 0.241310 0.727165 0.01 0.01
0 0.235354 0.721283 0.01 0.01
0 0.224104 0.747165 0.01 0.01
0 0.224766 0.800106 0.01 0.01
0 0.216824 0.815400 0.01 0.01
0 0.210869 0.855400 0.01 0.01
0 0.206236 0.836577 0.01 0.01
0 0.196310 0.829518 0.01 0.01
0 0.191016 0.840106 0.01 0.01
0 0.192339 0.807165 0.01 0.01
0 0.189030 0.774224 0.01 0.01
0 0.167192 0.861283 0.01 0.01
0 0.247266 0.815400 0.01 0.01
0 0.253883 0.868342 0.01 0.01
0 0.265795 0.874224 0.01 0.01
0 0.282339 0.868342 0.01 0.01
0 0.290280 0.884812 0.01 0.01
0 0.293589 0.867165 0.01 0.01
0 0.289619 0.853047 0.01 0.01
0 0.297560 0.924812 0.01 0.01
0 0.307486 0.874224 0.01 0.01
0 0.329986 0.870694 0.01 0.01
0 0.321383 0.788342 0.01 0.01
0 0.351163 0.758930 0.01 0.01
0 0.303516 0.662459 0.01 0.01
0 0.329986 0.633047 0.01 0.01
0 0.314766 0.587165 0.01 0.01
0 0.328001 0.575400 0.01 0.01
0 0.339251 0.548342 0.01 0.01
0 0.347854 0.445989 0.01 0.01
0 0.265795 0.411871 0.01 0.01
0 0.309472 0.485989 0.01 0.01
0 0.389545 0.574224 0.01 0.01
0 0.400795 0.595400 0.01 0.01
0 0.421310 0.538930 0.01 0.01
0 0.437854 0.469518 0.01 0.01
0 0.418001 0.353047 0.01 0.01
0 0.447119 0.405989 0.01 0.01
0 0.482854 0.407165 0.01 0.01
0 0.476236 0.325989 0.01 0.01
0 0.468295 0.313047 0.01 0.01
0 0.497413 0.289518 0.01 0.01
0 0.544398 0.304812 0.01 0.01
0 0.535795 0.361283 0.01 0.01
0 0.512633 0.388342 0.01 0.01
0 0.498736 0.358930 0.01 0.01
0 0.539104 0.395400 0.01 0.01
0 0.552339 0.428342 0.01 0.01
0 0.547045 0.501283 0.01 0.01
0 0.515280 0.514224 0.01 0.01
0 0.508001 0.528342 0.01 0.01
0 0.492119 0.537753 0.01 0.01
0 0.492119 0.571871 0.01 0.01
0 0.470942 0.610694 0.01 0.01
0 0.459692 0.622459 0.01 0.01
0 0.430574 0.638930 0.01 0.01
0 0.414030 0.704812 0.01 0.01
0 0.431898 0.720106 0.01 0.01
0 0.411383 0.810694 0.01 0.01
0 0.439177 0.876577 0.01 0.01
0 0.392854 0.887165 0.01 0.01
0 0.498736 0.820106 0.01 0.01
0 0.485501 0.809518 0.01 0.01
0 0.472266 0.782459 0.01 0.01
0 0.505354 0.782459 0.01 0.01
0 0.518589 0.771871 0.01 0.01
0 0.513295 0.720106 0.01 0.01
0 0.531824 0.663636 0.01 0.01
0 0.542413 0.618930 0.01 0.01
0 0.562266 0.545989 0.01 0.01
0 0.581457 0.548342 0.01 0.01
0 0.590060 0.538930 0.01 0.01
0 0.581457 0.624812 0.01 0.01
0 0.569545 0.668342 0.01 0.01
0 0.580795 0.710694 0.01 0.01
0 0.592707 0.876577 0.01 0.01
0 0.604619 0.868342 0.01 0.01
0 0.639030 0.863636 0.01 0.01
0 0.681383 0.873047 0.01 0.01
0 0.719104 0.873047 0.01 0.01
0 0.737633 0.863636 0.01 0.01
0 0.734324 0.804812 0.01 0.01
0 0.766089 0.784812 0.01 0.01
0 0.774030 0.840106 0.01 0.01
0 0.851457 0.862459 0.01 0.01
0 0.815722 0.865989 0.01 0.01
0 0.812413 0.856577 0.01 0.01
0 0.811751 0.843636 0.01 0.01
0 0.820354 0.830694 0.01 0.01
0 0.831604 0.803636 0.01 0.01
0 0.844177 0.780106 0.01 0.01
0 0.837560 0.740106 0.01 0.01
0 0.832927 0.728342 0.01 0.01
0 0.836236 0.682459 0.01 0.01
0 0.829619 0.680106 0.01 0.01
0 0.869986 0.643636 0.01 0.01
0 0.816383 0.593047 0.01 0.01
0 0.815722 0.553047 0.01 0.01
0 0.740942 0.551871 0.01 0.01
0 0.707192 0.560106 0.01 0.01
0 0.707854 0.651871 0.01 0.01
0 0.644324 0.601283 0.01 0.01
0 0.660207 0.504812 0.01 0.01
0 0.654913 0.504812 0.01 0.01
0 0.637045 0.417753 0.01 0.01
0 0.650280 0.360106 0.01 0.01
0 0.676751 0.423636 0.01 0.01
0 0.680722 0.349518 0.01 0.01
0 0.618516 0.262459 0.01 0.01
0 0.815060 0.473047 0.01 0.01
0 0.757486 0.154224 0.01 0.01
