0 0.297656 0.176389 0.01 0.01
0 0.137500 0.056944 0.01 0.01
0 0.525781 0.315278 0.01 0.01
0 0.411719 0.345833 0.01 0.01
0 0.367188 0.554167 0.01 0.01
0 0.625781 0.555556 0.01 0.01
0 0.442187 0.641667 0.01 0.01
0 0.235156 0.711111 0.01 0.01
0 0.389844 0.731944 0.01 0.01
0 0.276563 0.898611 0.01 0.01
0 0.471094 0.759722 0.01 0.01
0 0.514844 0.761111 0.01 0.01
0 0.557813 0.852778 0.01 0.01
0 0.571094 0.926389 0.01 0.01
0 0.852344 0.858333 0.01 0.01
0 0.858594 0.804167 0.01 0.01
0 0.785937 0.827778 0.01 0.01
0 0.862500 0.551389 0.01 0.01
0 0.818750 0.473611 0.01 0.01
0 0.750000 0.418056 0.01 0.01
0 0.732813 0.426389 0.01 0.01
0 0.821094 0.220833 0.01 0.01
0 0.863281 0.175000 0.01 0.01
0 0.855469 0.119444 0.01 0.01
0 0.782812 0.148611 0.01 0.01
0 0.802344 0.070833 0.01 0.01
0 0.785156 0.038889 0.01 0.01
0 0.691406 0.129167 0.01 0.01
0 0.640625 0.069444 0.01 0.01
