0 0.137500 0.063889 0.01 0.01
0 0.296875 0.175000 0.01 0.01
0 0.410937 0.338889 0.01 0.01
0 0.501562 0.330556 0.01 0.01
0 0.358594 0.561111 0.01 0.01
0 0.620313 0.562500 0.01 0.01
0 0.644531 0.072222 0.01 0.01
0 0.443750 0.652778 0.01 0.01
0 0.510156 0.781944 0.01 0.01
0 0.475781 0.737500 0.01 0.01
0 0.382812 0.723611 0.01 0.01
0 0.231250 0.718056 0.01 0.01
0 0.267969 0.888889 0.01 0.01
0 0.558594 0.879167 0.01 0.01
0 0.572656 0.926389 0.01 0.01
0 0.853125 0.858333 0.01 0.01
0 0.858594 0.805556 0.01 0.01
0 0.789062 0.827778 0.01 0.01
0 0.860156 0.545833 0.01 0.01
0 0.817969 0.468056 0.01 0.01
0 0.749219 0.415278 0.01 0.01
0 0.728125 0.430556 0.01 0.01
0 0.829687 0.237500 0.01 0.01
0 0.866406 0.168056 0.01 0.01
0 0.857031 0.116667 0.01 0.01
0 0.788281 0.155556 0.01 0.01
0 0.803906 0.073611 0.01 0.01
0 0.781250 0.027778 0.01 0.01
0 0.696875 0.141667 0.01 0.01
