0 0.186719 0.854167 0.01 0.01
0 0.229687 0.845833 0.01 0.01
0 0.216406 0.806944 0.01 0.01
0 0.207031 0.759722 0.01 0.01
0 0.210156 0.754167 0.01 0.01
0 0.203906 0.745833 0.01 0.01
0 0.205469 0.665278 0.01 0.01
0 0.209375 0.661111 0.01 0.01
0 0.221094 0.719444 0.01 0.01
0 0.242188 0.715278 0.01 0.01
0 0.261719 0.615278 0.01 0.01
0 0.292188 0.736111 0.01 0.01
0 0.311719 0.744444 0.01 0.01
0 0.333594 0.772222 0.01 0.01
0 0.339063 0.751389 0.01 0.01
0 0.335156 0.700000 0.01 0.01
0 0.360156 0.588889 0.01 0.01
0 0.400000 0.444444 0.01 0.01
0 0.482031 0.551389 0.01 0.01
0 0.477344 0.572222 0.01 0.01
0 0.446875 0.588889 0.01 0.01
0 0.442969 0.643056 0.01 0.01
0 0.382812 0.693056 0.01 0.01
0 0.364062 0.797222 0.01 0.01
0 0.371875 0.870833 0.01 0.01
0 0.360156 0.875000 0.01 0.01
0 0.325781 0.830556 0.01 0.01
0 0.300000 0.861111 0.01 0.01
0 0.288281 0.873611 0.01 0.01
0 0.264062 0.869444 0.01 0.01
0 0.254687 0.879167 0.01 0.01
0 0.403906 0.886111 0.01 0.01
0 0.434375 0.877778 0.01 0.01
0 0.457812 0.868056 0.01 0.01
0 0.482812 0.795833 0.01 0.01
0 0.539844 0.888889 0.01 0.01
0 0.559375 0.886111 0.01 0.01
0 0.566406 0.850000 0.01 0.01
0 0.521094 0.752778 0.01 0.01
0 0.525781 0.640278 0.01 0.01
0 0.563281 0.618056 0.01 0.01
0 0.574219 0.652778 0.01 0.01
0 0.607031 0.658333 0.01 0.01
0 0.610156 0.641667 0.01 0.01
0 0.587500 0.563889 0.01 0.01
0 0.529688 0.470833 0.01 0.01
0 0.590625 0.461111 0.01 0.01
0 0.632812 0.409722 0.01 0.01
0 0.646875 0.425000 0.01 0.01
0 0.704687 0.651389 0.01 0.01
0 0.681250 0.647222 0.01 0.01
0 0.628906 0.695833 0.01 0.01
0 0.584375 0.722222 0.01 0.01
0 0.637500 0.777778 0.01 0.01
0 0.620313 0.880556 0.01 0.01
0 0.885156 0.916667 0.01 0.01
0 0.894531 0.854167 0.01 0.01
0 0.850781 0.831944 0.01 0.01
0 0.848437 0.856944 0.01 0.01
0 0.835938 0.843056 0.01 0.01
0 0.783594 0.922222 0.01 0.01
0 0.771875 0.900000 0.01 0.01
0 0.758594 0.913889 0.01 0.01
0 0.741406 0.898611 0.01 0.01
0 0.726562 0.897222 0.01 0.01
0 0.715625 0.863889 0.01 0.01
0 0.736719 0.855556 0.01 0.01
0 0.763281 0.791667 0.01 0.01
0 0.746875 0.769444 0.01 0.01
0 0.771094 0.779167 0.01 0.01
0 0.732031 0.620833 0.01 0.01
0 0.757812 0.583333 0.01 0.01
0 0.771875 0.493056 0.01 0.01
0 0.818750 0.551389 0.01 0.01
0 0.859375 0.593056 0.01 0.01
0 0.873438 0.643056 0.01 0.01
0 0.856250 0.702778 0.01 0.01
0 0.868750 0.448611 0.01 0.01
0 0.828906 0.330556 0.01 0.01
0 0.802344 0.244444 0.01 0.01
0 0.853125 0.273611 0.01 0.01
0 0.875000 0.234722 0.01 0.01
0 0.870313 0.194444 0.01 0.01
0 0.866406 0.191667 0.01 0.01
0 0.846094 0.194444 0.01 0.01
0 0.863281 0.141667 0.01 0.01
0 0.855469 0.112500 0.01 0.01
0 0.847656 0.122222 0.01 0.01
0 0.828125 0.106944 0.01 0.01
0 0.814062 0.100000 0.01 0.01
0 0.804688 0.091667 0.01 0.01
0 0.742969 0.093056 0.01 0.01
0 0.675781 0.188889 0.01 0.01
0 0.650000 0.115278 0.01 0.01
0 0.600000 0.209722 0.01 0.01
0 0.585938 0.219444 0.01 0.01
0 0.596875 0.247222 0.01 0.01
0 0.584375 0.093056 0.01 0.01
0 0.546875 0.155556 0.01 0.01
0 0.531250 0.091667 0.01 0.01
0 0.524219 0.208333 0.01 0.01
0 0.521094 0.236111 0.01 0.01
0 0.500781 0.223611 0.01 0.01
0 0.492969 0.159722 0.01 0.01
0 0.474219 0.170833 0.01 0.01
0 0.423438 0.115278 0.01 0.01
0 0.401563 0.134722 0.01 0.01
0 0.372656 0.177778 0.01 0.01
0 0.378125 0.225000 0.01 0.01
0 0.286719 0.318056 0.01 0.01
0 0.219531 0.176389 0.01 0.01
0 0.220313 0.148611 0.01 0.01
0 0.229687 0.137500 0.01 0.01
0 0.229687 0.033333 0.01 0.01
0 0.242188 0.093056 0.01 0.01
0 0.244531 0.108333 0.01 0.01
0 0.278125 0.143056 0.01 0.01
0 0.313281 0.087500 0.01 0.01
