0 0.801562 0.059722 0.01 0.01
0 0.792188 0.073611 0.01 0.01
0 0.793750 0.083333 0.01 0.01
0 0.784375 0.106944 0.01 0.01
0 0.809375 0.101389 0.01 0.01
0 0.817187 0.131944 0.01 0.01
0 0.828906 0.151389 0.01 0.01
0 0.824219 0.166667 0.01 0.01
0 0.819531 0.154167 0.01 0.01
0 0.817187 0.172222 0.01 0.01
0 0.813281 0.190278 0.01 0.01
0 0.769531 0.066667 0.01 0.01
0 0.766406 0.059722 0.01 0.01
0 0.758594 0.063889 0.01 0.01
0 0.757812 0.076389 0.01 0.01
0 0.739062 0.059722 0.01 0.01
0 0.732813 0.068056 0.01 0.01
0 0.719531 0.068056 0.01 0.01
0 0.711719 0.056944 0.01 0.01
0 0.698438 0.044444 0.01 0.01
0 0.692187 0.077778 0.01 0.01
0 0.713281 0.097222 0.01 0.01
0 0.655469 0.062500 0.01 0.01
0 0.648438 0.050000 0.01 0.01
0 0.613281 0.093056 0.01 0.01
0 0.601562 0.063889 0.01 0.01
0 0.594531 0.069444 0.01 0.01
0 0.592969 0.059722 0.01 0.01
0 0.584375 0.069444 0.01 0.01
0 0.578125 0.087500 0.01 0.01
0 0.573438 0.058333 0.01 0.01
0 0.675000 0.131944 0.01 0.01
0 0.682031 0.218056 0.01 0.01
0 0.821094 0.229167 0.01 0.01
0 0.818750 0.261111 0.01 0.01
0 0.815625 0.286111 0.01 0.01
0 0.757812 0.293056 0.01 0.01
0 0.742188 0.345833 0.01 0.01
0 0.822656 0.388889 0.01 0.01
0 0.812500 0.462500 0.01 0.01
0 0.854688 0.501389 0.01 0.01
0 0.813281 0.511111 0.01 0.01
0 0.808594 0.516667 0.01 0.01
0 0.807813 0.543056 0.01 0.01
0 0.821875 0.570833 0.01 0.01
0 0.853125 0.554167 0.01 0.01
0 0.680469 0.345833 0.01 0.01
0 0.675781 0.450000 0.01 0.01
0 0.655469 0.372222 0.01 0.01
0 0.629687 0.395833 0.01 0.01
0 0.567187 0.348611 0.01 0.01
0 0.578906 0.336111 0.01 0.01
0 0.576563 0.311111 0.01 0.01
0 0.594531 0.236111 0.01 0.01
0 0.615625 0.176389 0.01 0.01
0 0.585938 0.181944 0.01 0.01
0 0.546875 0.194444 0.01 0.01
0 0.525000 0.233333 0.01 0.01
0 0.500000 0.193056 0.01 0.01
0 0.492969 0.173611 0.01 0.01
0 0.505469 0.072222 0.01 0.01
0 0.506250 0.101389 0.01 0.01
0 0.481250 0.105556 0.01 0.01
0 0.510938 0.043056 0.01 0.01
0 0.457812 0.036111 0.01 0.01
0 0.448438 0.061111 0.01 0.01
0 0.425000 0.059722 0.01 0.01
0 0.424219 0.044444 0.01 0.01
0 0.396094 0.059722 0.01 0.01
0 0.383594 0.059722 0.01 0.01
0 0.373437 0.062500 0.01 0.01
0 0.472656 0.145833 0.01 0.01
0 0.464063 0.154167 0.01 0.01
0 0.478125 0.197222 0.01 0.01
0 0.429688 0.215278 0.01 0.01
0 0.457031 0.327778 0.01 0.01
0 0.433594 0.333333 0.01 0.01
0 0.428906 0.390278 0.01 0.01
0 0.465625 0.390278 0.01 0.01
0 0.519531 0.318056 0.01 0.01
0 0.535156 0.329167 0.01 0.01
0 0.550781 0.461111 0.01 0.01
0 0.610937 0.495833 0.01 0.01
0 0.612500 0.526389 0.01 0.01
0 0.648438 0.487500 0.01 0.01
0 0.747656 0.511111 0.01 0.01
0 0.735156 0.565278 0.01 0.01
0 0.738281 0.623611 0.01 0.01
0 0.785156 0.623611 0.01 0.01
0 0.800781 0.705556 0.01 0.01
0 0.836719 0.740278 0.01 0.01
0 0.825781 0.747222 0.01 0.01
0 0.822656 0.758333 0.01 0.01
0 0.819531 0.779167 0.01 0.01
0 0.817187 0.798611 0.01 0.01
0 0.771875 0.843056 0.01 0.01
0 0.754687 0.845833 0.01 0.01
0 0.757031 0.802778 0.01 0.01
0 0.753906 0.715278 0.01 0.01
0 0.698438 0.623611 0.01 0.01
0 0.696094 0.680556 0.01 0.01
0 0.697656 0.688889 0.01 0.01
0 0.720312 0.786111 0.01 0.01
0 0.725000 0.848611 0.01 0.01
0 0.675000 0.884722 0.01 0.01
0 0.653906 0.845833 0.01 0.01
0 0.643750 0.845833 0.01 0.01
0 0.632031 0.841667 0.01 0.01
0 0.606250 0.887500 0.01 0.01
0 0.582812 0.843056 0.01 0.01
0 0.559375 0.876389 0.01 0.01
0 0.521875 0.844444 0.01 0.01
0 0.478906 0.855556 0.01 0.01
0 0.448438 0.843056 0.01 0.01
0 0.439844 0.840278 0.01 0.01
0 0.368750 0.850000 0.01 0.01
0 0.411719 0.841667 0.01 0.01
0 0.396875 0.738889 0.01 0.01
0 0.400781 0.666667 0.01 0.01
0 0.417188 0.686111 0.01 0.01
0 0.449219 0.666667 0.01 0.01
0 0.461719 0.705556 0.01 0.01
0 0.475781 0.744444 0.01 0.01
0 0.471875 0.775000 0.01 0.01
0 0.535937 0.773611 0.01 0.01
0 0.580469 0.759722 0.01 0.01
0 0.571875 0.684722 0.01 0.01
0 0.561719 0.648611 0.01 0.01
0 0.571094 0.604167 0.01 0.01
0 0.533594 0.623611 0.01 0.01
0 0.499219 0.673611 0.01 0.01
0 0.491406 0.673611 0.01 0.01
0 0.488281 0.622222 0.01 0.01
0 0.461719 0.593056 0.01 0.01
0 0.482031 0.543056 0.01 0.01
0 0.487500 0.516667 0.01 0.01
0 0.473437 0.497222 0.01 0.01
0 0.449219 0.484722 0.01 0.01
0 0.396875 0.601389 0.01 0.01
0 0.389844 0.568056 0.01 0.01
0 0.382031 0.575000 0.01 0.01
0 0.380469 0.547222 0.01 0.01
0 0.358594 0.583333 0.01 0.01
0 0.329688 0.587500 0.01 0.01
0 0.322656 0.630556 0.01 0.01
0 0.327344 0.848611 0.01 0.01
0 0.328125 0.833333 0.01 0.01
0 0.281250 0.844444 0.01 0.01
0 0.268750 0.843056 0.01 0.01
0 0.258594 0.844444 0.01 0.01
0 0.247656 0.843056 0.01 0.01
0 0.234375 0.843056 0.01 0.01
0 0.223438 0.858333 0.01 0.01
0 0.208594 0.897222 0.01 0.01
0 0.163281 0.851389 0.01 0.01
0 0.172656 0.800000 0.01 0.01
0 0.196875 0.812500 0.01 0.01
0 0.213281 0.827778 0.01 0.01
0 0.216406 0.775000 0.01 0.01
0 0.203906 0.762500 0.01 0.01
0 0.182812 0.786111 0.01 0.01
0 0.175000 0.762500 0.01 0.01
0 0.175781 0.745833 0.01 0.01
0 0.180469 0.719444 0.01 0.01
0 0.181250 0.686111 0.01 0.01
0 0.179688 0.679167 0.01 0.01
0 0.235156 0.706944 0.01 0.01
0 0.250000 0.737500 0.01 0.01
0 0.247656 0.750000 0.01 0.01
0 0.242969 0.772222 0.01 0.01
0 0.276563 0.752778 0.01 0.01
0 0.280469 0.616667 0.01 0.01
0 0.312500 0.541667 0.01 0.01
0 0.271094 0.591667 0.01 0.01
0 0.242969 0.562500 0.01 0.01
0 0.244531 0.608333 0.01 0.01
0 0.180469 0.651389 0.01 0.01
0 0.175000 0.651389 0.01 0.01
0 0.134375 0.645833 0.01 0.01
0 0.175781 0.626389 0.01 0.01
0 0.180469 0.591667 0.01 0.01
0 0.182031 0.569444 0.01 0.01
0 0.182812 0.559722 0.01 0.01
0 0.182031 0.526389 0.01 0.01
0 0.145313 0.498611 0.01 0.01
0 0.182812 0.448611 0.01 0.01
0 0.173438 0.430556 0.01 0.01
0 0.184375 0.387500 0.01 0.01
0 0.203125 0.430556 0.01 0.01
0 0.222656 0.472222 0.01 0.01
0 0.225000 0.504167 0.01 0.01
0 0.282031 0.454167 0.01 0.01
0 0.357812 0.413889 0.01 0.01
0 0.237500 0.408333 0.01 0.01
0 0.239063 0.381944 0.01 0.01
0 0.232812 0.338889 0.01 0.01
0 0.190625 0.370833 0.01 0.01
0 0.139062 0.370833 0.01 0.01
0 0.183594 0.304167 0.01 0.01
0 0.182031 0.291667 0.01 0.01
0 0.186719 0.269444 0.01 0.01
0 0.201562 0.263889 0.01 0.01
0 0.174219 0.263889 0.01 0.01
0 0.182812 0.233333 0.01 0.01
0 0.231250 0.237500 0.01 0.01
0 0.240625 0.230556 0.01 0.01
0 0.184375 0.175000 0.01 0.01
0 0.210938 0.141667 0.01 0.01
0 0.218750 0.138889 0.01 0.01
0 0.186719 0.130556 0.01 0.01
0 0.183594 0.119444 0.01 0.01
0 0.190625 0.111111 0.01 0.01
0 0.193750 0.105556 0.01 0.01
0 0.189844 0.090278 0.01 0.01
0 0.152344 0.075000 0.01 0.01
0 0.155469 0.051389 0.01 0.01
0 0.171094 0.051389 0.01 0.01
0 0.193750 0.033333 0.01 0.01
0 0.197656 0.048611 0.01 0.01
0 0.208594 0.063889 0.01 0.01
0 0.234375 0.070833 0.01 0.01
0 0.230469 0.051389 0.01 0.01
0 0.236719 0.058333 0.01 0.01
0 0.240625 0.059722 0.01 0.01
0 0.248437 0.051389 0.01 0.01
0 0.267188 0.058333 0.01 0.01
0 0.273438 0.055556 0.01 0.01
0 0.274219 0.069444 0.01 0.01
0 0.297656 0.108333 0.01 0.01
0 0.313281 0.066667 0.01 0.01
0 0.329688 0.038889 0.01 0.01
0 0.339063 0.079167 0.01 0.01
0 0.372656 0.258333 0.01 0.01
0 0.306250 0.225000 0.01 0.01
