0 0.852344 0.162500 0.01 0.01
0 0.831250 0.143056 0.01 0.01
0 0.800781 0.091667 0.01 0.01
0 0.864062 0.154167 0.01 0.01
0 0.866406 0.198611 0.01 0.01
0 0.864062 0.215278 0.01 0.01
0 0.871094 0.252778 0.01 0.01
0 0.872656 0.288889 0.01 0.01
0 0.881250 0.301389 0.01 0.01
0 0.891406 0.266667 0.01 0.01
0 0.885938 0.376389 0.01 0.01
0 0.726562 0.316667 0.01 0.01
0 0.732813 0.304167 0.01 0.01
0 0.721094 0.131944 0.01 0.01
0 0.721875 0.113889 0.01 0.01
0 0.661719 0.147222 0.01 0.01
0 0.652344 0.166667 0.01 0.01
0 0.622656 0.219444 0.01 0.01
0 0.616406 0.268056 0.01 0.01
0 0.595312 0.309722 0.01 0.01
0 0.589063 0.256944 0.01 0.01
0 0.568750 0.273611 0.01 0.01
0 0.562500 0.259722 0.01 0.01
0 0.536719 0.273611 0.01 0.01
0 0.531250 0.247222 0.01 0.01
0 0.498437 0.184722 0.01 0.01
0 0.523438 0.133333 0.01 0.01
0 0.571094 0.105556 0.01 0.01
0 0.450781 0.308333 0.01 0.01
0 0.354688 0.133333 0.01 0.01
0 0.356250 0.120833 0.01 0.01
0 0.311719 0.119444 0.01 0.01
0 0.278906 0.172222 0.01 0.01
0 0.252344 0.152778 0.01 0.01
0 0.227344 0.098611 0.01 0.01
0 0.231250 0.169444 0.01 0.01
0 0.236719 0.193056 0.01 0.01
0 0.232812 0.244444 0.01 0.01
0 0.231250 0.402778 0.01 0.01
0 0.239844 0.554167 0.01 0.01
0 0.300781 0.511111 0.01 0.01
0 0.425781 0.601389 0.01 0.01
0 0.414062 0.541667 0.01 0.01
0 0.528125 0.452778 0.01 0.01
0 0.514844 0.430556 0.01 0.01
0 0.680469 0.522222 0.01 0.01
0 0.709375 0.465278 0.01 0.01
0 0.663281 0.470833 0.01 0.01
0 0.653906 0.388889 0.01 0.01
0 0.780469 0.527778 0.01 0.01
0 0.753125 0.588889 0.01 0.01
0 0.825781 0.580556 0.01 0.01
0 0.867969 0.626389 0.01 0.01
0 0.871094 0.606944 0.01 0.01
0 0.690625 0.730556 0.01 0.01
0 0.645312 0.712500 0.01 0.01
0 0.618750 0.652778 0.01 0.01
0 0.612500 0.579167 0.01 0.01
0 0.562500 0.615278 0.01 0.01
0 0.528125 0.583333 0.01 0.01
0 0.528906 0.654167 0.01 0.01
0 0.538281 0.712500 0.01 0.01
0 0.582031 0.693056 0.01 0.01
0 0.532812 0.688889 0.01 0.01
0 0.442969 0.704167 0.01 0.01
0 0.484375 0.575000 0.01 0.01
0 0.477344 0.770833 0.01 0.01
0 0.455469 0.904167 0.01 0.01
0 0.396875 0.922222 0.01 0.01
0 0.406250 0.841667 0.01 0.01
0 0.382031 0.897222 0.01 0.01
0 0.371094 0.905556 0.01 0.01
0 0.359375 0.902778 0.01 0.01
0 0.382812 0.816667 0.01 0.01
0 0.382031 0.727778 0.01 0.01
0 0.350000 0.790278 0.01 0.01
0 0.326562 0.901389 0.01 0.01
0 0.313281 0.901389 0.01 0.01
0 0.307031 0.772222 0.01 0.01
0 0.242188 0.679167 0.01 0.01
0 0.225000 0.666667 0.01 0.01
0 0.219531 0.798611 0.01 0.01
0 0.226562 0.761111 0.01 0.01
0 0.219531 0.816667 0.01 0.01
0 0.220313 0.863889 0.01 0.01
0 0.219531 0.931944 0.01 0.01
0 0.260938 0.944444 0.01 0.01
0 0.289062 0.905556 0.01 0.01
0 0.244531 0.879167 0.01 0.01
0 0.234375 0.863889 0.01 0.01
0 0.228125 0.848611 0.01 0.01
0 0.232812 0.841667 0.01 0.01
0 0.560156 0.927778 0.01 0.01
0 0.557813 0.906944 0.01 0.01
0 0.641406 0.916667 0.01 0.01
0 0.570312 0.756944 0.01 0.01
0 0.635156 0.795833 0.01 0.01
0 0.658594 0.818056 0.01 0.01
0 0.744531 0.905556 0.01 0.01
0 0.744531 0.841667 0.01 0.01
0 0.744531 0.825000 0.01 0.01
0 0.746875 0.766667 0.01 0.01
0 0.779688 0.801389 0.01 0.01
0 0.771875 0.868056 0.01 0.01
0 0.778906 0.904167 0.01 0.01
0 0.768750 0.934722 0.01 0.01
0 0.789844 0.940278 0.01 0.01
0 0.795313 0.918056 0.01 0.01
0 0.800781 0.943056 0.01 0.01
0 0.804688 0.938889 0.01 0.01
0 0.851562 0.898611 0.01 0.01
0 0.857031 0.898611 0.01 0.01
0 0.865625 0.904167 0.01 0.01
0 0.898438 0.912500 0.01 0.01
0 0.902344 0.866667 0.01 0.01
0 0.869531 0.809722 0.01 0.01
0 0.866406 0.737500 0.01 0.01
