0 0.140060 0.518930 0.01 0.01
0 0.153957 0.477753 0.01 0.01
0 0.166530 0.427165 0.01 0.01
0 0.180427 0.388342 0.01 0.01
0 0.177780 0.415400 0.01 0.01
0 0.191016 0.402459 0.01 0.01
0 0.185060 0.417753 0.01 0.01
0 0.186383 0.425989 0.01 0.01
0 0.189030 0.430694 0.01 0.01
0 0.191016 0.434224 0.01 0.01
0 0.214177 0.417753 0.01 0.01
0 0.236677 0.448341 0.01 0.01
0 0.234692 0.478930 0.01 0.01
0 0.186383 0.473047 0.01 0.01
0 0.187707 0.510694 0.01 0.01
0 0.186383 0.534224 0.01 0.01
0 0.184398 0.540106 0.01 0.01
0 0.182413 0.573047 0.01 0.01
0 0.184398 0.616577 0.01 0.01
0 0.181751 0.627165 0.01 0.01
0 0.184398 0.640106 0.01 0.01
0 0.191677 0.641283 0.01 0.01
0 0.184398 0.680106 0.01 0.01
0 0.185722 0.727165 0.01 0.01
0 0.182413 0.743636 0.01 0.01
0 0.187707 0.760106 0.01 0.01
0 0.173810 0.775400 0.01 0.01
0 0.186383 0.836577 0.01 0.01
0 0.191677 0.841283 0.01 0.01
0 0.189030 0.857753 0.01 0.01
0 0.186383 0.910694 0.01 0.01
0 0.209545 0.867165 0.01 0.01
0 0.212854 0.841283 0.01 0.01
0 0.200280 0.836577 0.01 0.01
0 0.222119 0.823636 0.01 0.01
0 0.243957 0.842459 0.01 0.01
0 0.238001 0.881283 0.01 0.01
0 0.252560 0.888342 0.01 0.01
0 0.283001 0.910694 0.01 0.01
0 0.304839 0.898930 0.01 0.01
0 0.290280 0.889518 0.01 0.01
0 0.277045 0.878930 0.01 0.01
0 0.274398 0.858930 0.01 0.01
0 0.314766 0.948342 0.01 0.01
0 0.370354 0.904812 0.01 0.01
0 0.352486 0.887165 0.01 0.01
0 0.346530 0.863636 0.01 0.01
0 0.228736 0.782459 0.01 0.01
0 0.219471 0.764812 0.01 0.01
0 0.243957 0.753047 0.01 0.01
0 0.235354 0.741283 0.01 0.01
0 0.233369 0.655400 0.01 0.01
0 0.247266 0.605989 0.01 0.01
0 0.272413 0.720106 0.01 0.01
0 0.336604 0.722459 0.01 0.01
0 0.324692 0.651871 0.01 0.01
0 0.300207 0.680106 0.01 0.01
0 0.312780 0.604812 0.01 0.01
0 0.323369 0.594224 0.01 0.01
0 0.266457 0.555400 0.01 0.01
0 0.304177 0.509518 0.01 0.01
0 0.331310 0.488342 0.01 0.01
0 0.298883 0.440106 0.01 0.01
0 0.277045 0.322459 0.01 0.01
0 0.260501 0.297753 0.01 0.01
0 0.291604 0.290694 0.01 0.01
0 0.214177 0.304812 0.01 0.01
0 0.185722 0.307165 0.01 0.01
0 0.185060 0.281283 0.01 0.01
0 0.185722 0.233047 0.01 0.01
0 0.184398 0.163636 0.01 0.01
0 0.178442 0.155400 0.01 0.01
0 0.191016 0.156577 0.01 0.01
0 0.163883 0.094224 0.01 0.01
0 0.198295 0.058930 0.01 0.01
0 0.202266 0.051871 0.01 0.01
0 0.203589 0.130694 0.01 0.01
0 0.193001 0.118930 0.01 0.01
0 0.208222 0.144812 0.01 0.01
0 0.204913 0.102459 0.01 0.01
0 0.222780 0.135400 0.01 0.01
0 0.255207 0.167165 0.01 0.01
0 0.295574 0.230694 0.01 0.01
0 0.261163 0.118930 0.01 0.01
0 0.275721 0.110694 0.01 0.01
0 0.286310 0.089518 0.01 0.01
0 0.275721 0.088342 0.01 0.01
0 0.271089 0.091871 0.01 0.01
0 0.241972 0.091871 0.01 0.01
0 0.228736 0.097753 0.01 0.01
0 0.259839 0.065989 0.01 0.01
0 0.285648 0.054224 0.01 0.01
0 0.301530 0.145989 0.01 0.01
0 0.304177 0.122459 0.01 0.01
0 0.308810 0.091871 0.01 0.01
0 0.319398 0.089518 0.01 0.01
0 0.335280 0.116577 0.01 0.01
0 0.345869 0.130694 0.01 0.01
0 0.336604 0.156577 0.01 0.01
0 0.356457 0.134224 0.01 0.01
0 0.365060 0.109518 0.01 0.01
0 0.359104 0.160106 0.01 0.01
0 0.362413 0.183636 0.01 0.01
0 0.358442 0.223636 0.01 0.01
0 0.384251 0.096577 0.01 0.01
0 0.397486 0.074224 0.01 0.01
0 0.412045 0.107165 0.01 0.01
0 0.434545 0.175400 0.01 0.01
0 0.437854 0.213047 0.01 0.01
0 0.449766 0.154224 0.01 0.01
0 0.474251 0.101283 0.01 0.01
0 0.491457 0.135400 0.01 0.01
0 0.492780 0.101283 0.01 0.01
0 0.487486 0.088342 0.01 0.01
0 0.483516 0.078930 0.01 0.01
0 0.491457 0.058930 0.01 0.01
0 0.520574 0.097753 0.01 0.01
0 0.534472 0.094224 0.01 0.01
0 0.555648 0.091871 0.01 0.01
0 0.564913 0.163636 0.01 0.01
0 0.545060 0.193047 0.01 0.01
0 0.525869 0.169518 0.01 0.01
0 0.503369 0.193047 0.01 0.01
0 0.562266 0.280106 0.01 0.01
0 0.600648 0.091871 0.01 0.01
0 0.609913 0.091871 0.01 0.01
0 0.617854 0.096577 0.01 0.01
0 0.676089 0.069518 0.01 0.01
0 0.678736 0.090694 0.01 0.01
0 0.684692 0.089518 0.01 0.01
0 0.691971 0.110694 0.01 0.01
0 0.692633 0.147165 0.01 0.01
0 0.698589 0.070694 0.01 0.01
0 0.713148 0.096577 0.01 0.01
0 0.719104 0.078930 0.01 0.01
0 0.727045 0.081283 0.01 0.01
0 0.738957 0.090694 0.01 0.01
0 0.772045 0.094224 0.01 0.01
0 0.774692 0.090694 0.01 0.01
0 0.777339 0.089518 0.01 0.01
0 0.781310 0.100106 0.01 0.01
0 0.789913 0.101283 0.01 0.01
0 0.804471 0.107165 0.01 0.01
0 0.812413 0.109518 0.01 0.01
0 0.815722 0.125989 0.01 0.01
0 0.826972 0.138930 0.01 0.01
0 0.830942 0.115400 0.01 0.01
0 0.844839 0.122459 0.01 0.01
0 0.833589 0.223636 0.01 0.01
0 0.828957 0.233047 0.01 0.01
0 0.833589 0.248342 0.01 0.01
0 0.836898 0.262459 0.01 0.01
0 0.868663 0.327165 0.01 0.01
0 0.829619 0.325989 0.01 0.01
0 0.864692 0.388342 0.01 0.01
0 0.826972 0.469518 0.01 0.01
0 0.819030 0.421283 0.01 0.01
0 0.760133 0.382459 0.01 0.01
0 0.774030 0.207165 0.01 0.01
0 0.755501 0.162459 0.01 0.01
0 0.745574 0.223636 0.01 0.01
0 0.688663 0.220106 0.01 0.01
0 0.662192 0.262459 0.01 0.01
0 0.622486 0.208342 0.01 0.01
0 0.619177 0.277753 0.01 0.01
0 0.652266 0.343636 0.01 0.01
0 0.675427 0.369518 0.01 0.01
0 0.671457 0.421283 0.01 0.01
0 0.675427 0.437753 0.01 0.01
0 0.637707 0.438930 0.01 0.01
0 0.538442 0.455400 0.01 0.01
0 0.511310 0.427165 0.01 0.01
0 0.486824 0.420106 0.01 0.01
0 0.527854 0.416577 0.01 0.01
0 0.527854 0.382459 0.01 0.01
0 0.542413 0.317753 0.01 0.01
0 0.495427 0.308342 0.01 0.01
0 0.469619 0.307165 0.01 0.01
0 0.486824 0.374224 0.01 0.01
0 0.501383 0.398930 0.01 0.01
0 0.445795 0.418930 0.01 0.01
0 0.403442 0.413047 0.01 0.01
0 0.432560 0.485989 0.01 0.01
0 0.437192 0.543636 0.01 0.01
0 0.396163 0.607165 0.01 0.01
0 0.370354 0.609518 0.01 0.01
0 0.388222 0.593047 0.01 0.01
0 0.421971 0.693047 0.01 0.01
0 0.429251 0.696577 0.01 0.01
0 0.420648 0.724812 0.01 0.01
0 0.410721 0.777753 0.01 0.01
0 0.400795 0.796577 0.01 0.01
0 0.437192 0.890694 0.01 0.01
0 0.499398 0.854224 0.01 0.01
0 0.478222 0.830694 0.01 0.01
0 0.502707 0.777753 0.01 0.01
0 0.480869 0.761283 0.01 0.01
0 0.492780 0.754224 0.01 0.01
0 0.504692 0.730694 0.01 0.01
0 0.469619 0.640106 0.01 0.01
0 0.457045 0.641283 0.01 0.01
0 0.488810 0.594224 0.01 0.01
0 0.490795 0.557753 0.01 0.01
0 0.504030 0.554224 0.01 0.01
0 0.513295 0.564812 0.01 0.01
0 0.545060 0.576577 0.01 0.01
0 0.559619 0.564812 0.01 0.01
0 0.566236 0.523636 0.01 0.01
0 0.577486 0.556577 0.01 0.01
0 0.570869 0.593047 0.01 0.01
0 0.549030 0.625989 0.01 0.01
0 0.533810 0.636577 0.01 0.01
0 0.566236 0.682459 0.01 0.01
0 0.596677 0.643636 0.01 0.01
0 0.578810 0.730694 0.01 0.01
0 0.584104 0.902459 0.01 0.01
0 0.609251 0.940106 0.01 0.01
0 0.616530 0.889518 0.01 0.01
0 0.626457 0.893047 0.01 0.01
0 0.639692 0.888342 0.01 0.01
0 0.641016 0.837753 0.01 0.01
0 0.644324 0.789518 0.01 0.01
0 0.665501 0.890694 0.01 0.01
0 0.675427 0.890694 0.01 0.01
0 0.716457 0.894224 0.01 0.01
0 0.733663 0.881283 0.01 0.01
0 0.768074 0.902459 0.01 0.01
0 0.807119 0.933047 0.01 0.01
0 0.809766 0.878930 0.01 0.01
0 0.819692 0.855400 0.01 0.01
0 0.821016 0.854224 0.01 0.01
0 0.824986 0.850694 0.01 0.01
0 0.856089 0.816577 0.01 0.01
0 0.836898 0.800106 0.01 0.01
0 0.834913 0.791871 0.01 0.01
0 0.853442 0.782459 0.01 0.01
0 0.834913 0.753047 0.01 0.01
0 0.834913 0.693047 0.01 0.01
0 0.830280 0.661283 0.01 0.01
0 0.869325 0.651871 0.01 0.01
0 0.804471 0.623636 0.01 0.01
0 0.817707 0.584812 0.01 0.01
0 0.793222 0.547165 0.01 0.01
0 0.765427 0.700106 0.01 0.01
0 0.811089 0.814224 0.01 0.01
0 0.774692 0.820106 0.01 0.01
0 0.758810 0.807165 0.01 0.01
0 0.734324 0.822459 0.01 0.01
0 0.734324 0.748342 0.01 0.01
0 0.706530 0.725989 0.01 0.01
0 0.706530 0.667165 0.01 0.01
0 0.746898 0.653047 0.01 0.01
0 0.688001 0.595400 0.01 0.01
0 0.650942 0.567165 0.01 0.01
0 0.658883 0.525989 0.01 0.01
0 0.641016 0.623636 0.01 0.01
