0 0.228125 0.105556 0.01 0.01
0 0.228125 0.177778 0.01 0.01
0 0.228906 0.255556 0.01 0.01
0 0.227344 0.354167 0.01 0.01
0 0.249219 0.179167 0.01 0.01
0 0.255469 0.155556 0.01 0.01
0 0.273438 0.177778 0.01 0.01
0 0.350000 0.134722 0.01 0.01
0 0.402344 0.134722 0.01 0.01
0 0.433594 0.337500 0.01 0.01
0 0.490625 0.193056 0.01 0.01
0 0.525000 0.138889 0.01 0.01
0 0.522656 0.190278 0.01 0.01
0 0.527344 0.258333 0.01 0.01
0 0.533594 0.284722 0.01 0.01
0 0.566406 0.284722 0.01 0.01
0 0.564844 0.268056 0.01 0.01
0 0.589063 0.268056 0.01 0.01
0 0.609375 0.275000 0.01 0.01
0 0.621094 0.234722 0.01 0.01
0 0.635938 0.170833 0.01 0.01
0 0.654688 0.152778 0.01 0.01
0 0.715625 0.148611 0.01 0.01
0 0.751562 0.133333 0.01 0.01
0 0.800000 0.108333 0.01 0.01
0 0.839844 0.161111 0.01 0.01
0 0.854688 0.181944 0.01 0.01
0 0.867188 0.170833 0.01 0.01
0 0.863281 0.212500 0.01 0.01
0 0.864844 0.227778 0.01 0.01
0 0.867188 0.256944 0.01 0.01
0 0.899219 0.269444 0.01 0.01
0 0.871094 0.300000 0.01 0.01
0 0.863281 0.316667 0.01 0.01
0 0.881250 0.352778 0.01 0.01
0 0.749219 0.338889 0.01 0.01
0 0.729688 0.326389 0.01 0.01
0 0.625781 0.351389 0.01 0.01
0 0.631250 0.418056 0.01 0.01
0 0.659375 0.486111 0.01 0.01
0 0.708594 0.559722 0.01 0.01
0 0.721094 0.509722 0.01 0.01
0 0.759375 0.627778 0.01 0.01
0 0.775781 0.543056 0.01 0.01
0 0.822656 0.593056 0.01 0.01
0 0.866406 0.591667 0.01 0.01
0 0.864844 0.640278 0.01 0.01
0 0.595312 0.569444 0.01 0.01
0 0.521094 0.465278 0.01 0.01
0 0.514063 0.448611 0.01 0.01
0 0.542969 0.672222 0.01 0.01
0 0.558594 0.626389 0.01 0.01
0 0.523438 0.608333 0.01 0.01
0 0.479688 0.586111 0.01 0.01
0 0.524219 0.705556 0.01 0.01
0 0.547656 0.772222 0.01 0.01
0 0.571875 0.793056 0.01 0.01
0 0.578906 0.706944 0.01 0.01
0 0.600781 0.673611 0.01 0.01
0 0.642187 0.726389 0.01 0.01
0 0.687500 0.731944 0.01 0.01
0 0.654688 0.830556 0.01 0.01
0 0.629687 0.850000 0.01 0.01
0 0.641406 0.930556 0.01 0.01
0 0.654688 0.918056 0.01 0.01
0 0.743750 0.926389 0.01 0.01
0 0.760156 0.937500 0.01 0.01
0 0.757812 0.954167 0.01 0.01
0 0.790625 0.959722 0.01 0.01
0 0.796094 0.951389 0.01 0.01
0 0.803125 0.955556 0.01 0.01
0 0.785156 0.902778 0.01 0.01
0 0.762500 0.872222 0.01 0.01
0 0.745313 0.900000 0.01 0.01
0 0.751562 0.806944 0.01 0.01
0 0.776563 0.820833 0.01 0.01
0 0.844531 0.925000 0.01 0.01
0 0.847656 0.912500 0.01 0.01
0 0.865625 0.859722 0.01 0.01
0 0.871094 0.895833 0.01 0.01
0 0.890625 0.927778 0.01 0.01
0 0.899219 0.904167 0.01 0.01
0 0.864844 0.752778 0.01 0.01
0 0.556250 0.923611 0.01 0.01
0 0.512500 0.883333 0.01 0.01
0 0.470313 0.787500 0.01 0.01
0 0.453906 0.916667 0.01 0.01
0 0.443750 0.859722 0.01 0.01
0 0.422656 0.826389 0.01 0.01
0 0.426562 0.756944 0.01 0.01
0 0.421094 0.612500 0.01 0.01
0 0.372656 0.583333 0.01 0.01
0 0.378125 0.743056 0.01 0.01
0 0.377344 0.829167 0.01 0.01
0 0.378906 0.911111 0.01 0.01
0 0.388281 0.937500 0.01 0.01
0 0.367188 0.920833 0.01 0.01
0 0.359375 0.918056 0.01 0.01
0 0.321875 0.912500 0.01 0.01
0 0.345313 0.802778 0.01 0.01
0 0.301562 0.787500 0.01 0.01
0 0.296875 0.912500 0.01 0.01
0 0.289062 0.911111 0.01 0.01
0 0.253125 0.963889 0.01 0.01
0 0.213281 0.955556 0.01 0.01
0 0.210938 0.887500 0.01 0.01
0 0.239063 0.894444 0.01 0.01
0 0.231250 0.883333 0.01 0.01
0 0.225000 0.868056 0.01 0.01
0 0.224219 0.855556 0.01 0.01
0 0.217969 0.840278 0.01 0.01
0 0.217969 0.779167 0.01 0.01
0 0.221875 0.694444 0.01 0.01
0 0.222656 0.594444 0.01 0.01
0 0.250000 0.601389 0.01 0.01
0 0.278125 0.552778 0.01 0.01
