0 0.791406 0.063889 0.01 0.01
0 0.790625 0.079167 0.01 0.01
0 0.851562 0.127778 0.01 0.01
0 0.849219 0.208333 0.01 0.01
0 0.792188 0.200000 0.01 0.01
0 0.715625 0.154167 0.01 0.01
0 0.631250 0.072222 0.01 0.01
0 0.625000 0.081944 0.01 0.01
0 0.516406 0.180556 0.01 0.01
0 0.729688 0.434722 0.01 0.01
0 0.743750 0.431944 0.01 0.01
0 0.834375 0.520833 0.01 0.01
0 0.858594 0.595833 0.01 0.01
0 0.876562 0.573611 0.01 0.01
0 0.630469 0.547222 0.01 0.01
0 0.516406 0.648611 0.01 0.01
0 0.425000 0.534722 0.01 0.01
0 0.401563 0.366667 0.01 0.01
0 0.372656 0.550000 0.01 0.01
0 0.846094 0.861111 0.01 0.01
0 0.852344 0.806944 0.01 0.01
0 0.770312 0.827778 0.01 0.01
0 0.546094 0.840278 0.01 0.01
0 0.467969 0.858333 0.01 0.01
0 0.539844 0.940278 0.01 0.01
0 0.325000 0.920833 0.01 0.01
0 0.215625 0.686111 0.01 0.01
0 0.380469 0.751389 0.01 0.01
0 0.292188 0.176389 0.01 0.01
0 0.232812 0.033333 0.01 0.01
