0 0.828957 0.301283 0.01 0.01
0 0.854766 0.254224 0.01 0.01
0 0.805133 0.202459 0.01 0.01
0 0.746236 0.228342 0.01 0.01
0 0.833589 0.190694 0.01 0.01
0 0.832927 0.178930 0.01 0.01
0 0.834913 0.171871 0.01 0.01
0 0.838883 0.137753 0.01 0.01
0 0.835574 0.124812 0.01 0.01
0 0.841530 0.081283 0.01 0.01
0 0.824324 0.124812 0.01 0.01
0 0.820354 0.115400 0.01 0.01
0 0.824986 0.108342 0.01 0.01
0 0.815060 0.100106 0.01 0.01
0 0.768736 0.118930 0.01 0.01
0 0.746236 0.125989 0.01 0.01
0 0.701236 0.138930 0.01 0.01
0 0.793222 0.082459 0.01 0.01
0 0.778001 0.073047 0.01 0.01
0 0.773369 0.083636 0.01 0.01
0 0.767413 0.071871 0.01 0.01
0 0.761457 0.076577 0.01 0.01
0 0.756163 0.065989 0.01 0.01
0 0.738957 0.063636 0.01 0.01
0 0.731016 0.050694 0.01 0.01
0 0.724398 0.070694 0.01 0.01
0 0.715133 0.070694 0.01 0.01
0 0.703221 0.076577 0.01 0.01
0 0.685354 0.081283 0.01 0.01
0 0.672780 0.074224 0.01 0.01
0 0.670133 0.070694 0.01 0.01
0 0.675427 0.054224 0.01 0.01
0 0.657560 0.071871 0.01 0.01
0 0.650942 0.057753 0.01 0.01
0 0.601972 0.076577 0.01 0.01
0 0.596016 0.093047 0.01 0.01
0 0.588736 0.087165 0.01 0.01
0 0.592045 0.073047 0.01 0.01
0 0.572192 0.089518 0.01 0.01
0 0.551677 0.063636 0.01 0.01
0 0.525869 0.065989 0.01 0.01
0 0.491457 0.060106 0.01 0.01
0 0.472927 0.084812 0.01 0.01
0 0.463001 0.128342 0.01 0.01
0 0.451751 0.058930 0.01 0.01
0 0.438516 0.074224 0.01 0.01
0 0.431236 0.078930 0.01 0.01
0 0.396824 0.061283 0.01 0.01
0 0.475574 0.170694 0.01 0.01
0 0.487486 0.145989 0.01 0.01
0 0.500060 0.188341 0.01 0.01
0 0.535795 0.154224 0.01 0.01
0 0.570869 0.160106 0.01 0.01
0 0.800501 0.371871 0.01 0.01
0 0.828957 0.388342 0.01 0.01
0 0.862707 0.475400 0.01 0.01
0 0.858074 0.468341 0.01 0.01
0 0.793222 0.498930 0.01 0.01
0 0.826310 0.574224 0.01 0.01
0 0.830280 0.570694 0.01 0.01
0 0.821677 0.561283 0.01 0.01
0 0.828295 0.596577 0.01 0.01
0 0.809766 0.610694 0.01 0.01
0 0.832927 0.643636 0.01 0.01
0 0.831604 0.713047 0.01 0.01
0 0.833589 0.737753 0.01 0.01
0 0.866677 0.756577 0.01 0.01
0 0.869325 0.824812 0.01 0.01
0 0.846163 0.844812 0.01 0.01
0 0.834251 0.865989 0.01 0.01
0 0.811751 0.855400 0.01 0.01
0 0.807780 0.850694 0.01 0.01
0 0.802486 0.827165 0.01 0.01
0 0.803810 0.904812 0.01 0.01
0 0.833589 0.793047 0.01 0.01
0 0.779986 0.721283 0.01 0.01
0 0.746898 0.718930 0.01 0.01
0 0.774030 0.867165 0.01 0.01
0 0.763442 0.858930 0.01 0.01
0 0.742266 0.861283 0.01 0.01
0 0.713810 0.854224 0.01 0.01
0 0.706530 0.882459 0.01 0.01
0 0.702560 0.696577 0.01 0.01
0 0.679398 0.680106 0.01 0.01
0 0.639692 0.641283 0.01 0.01
0 0.635722 0.563636 0.01 0.01
0 0.669472 0.531871 0.01 0.01
0 0.661530 0.500106 0.01 0.01
0 0.703221 0.442459 0.01 0.01
0 0.661530 0.388342 0.01 0.01
0 0.650942 0.403636 0.01 0.01
0 0.640354 0.402459 0.01 0.01
0 0.640354 0.375400 0.01 0.01
0 0.608589 0.463636 0.01 0.01
0 0.582119 0.351871 0.01 0.01
0 0.556310 0.320106 0.01 0.01
0 0.536457 0.318930 0.01 0.01
0 0.511972 0.270694 0.01 0.01
0 0.591383 0.261283 0.01 0.01
0 0.607266 0.225989 0.01 0.01
0 0.617854 0.155400 0.01 0.01
0 0.645648 0.136577 0.01 0.01
0 0.512633 0.348341 0.01 0.01
0 0.509324 0.355400 0.01 0.01
0 0.486163 0.378930 0.01 0.01
0 0.474251 0.405989 0.01 0.01
0 0.463001 0.437753 0.01 0.01
0 0.455060 0.427165 0.01 0.01
0 0.449104 0.429518 0.01 0.01
0 0.425942 0.395400 0.01 0.01
0 0.380942 0.310694 0.01 0.01
0 0.402119 0.215400 0.01 0.01
0 0.428589 0.297753 0.01 0.01
0 0.544398 0.554224 0.01 0.01
0 0.592707 0.587165 0.01 0.01
0 0.581457 0.622459 0.01 0.01
0 0.571530 0.677753 0.01 0.01
0 0.576824 0.701283 0.01 0.01
0 0.586751 0.776577 0.01 0.01
0 0.590060 0.797753 0.01 0.01
0 0.623148 0.790694 0.01 0.01
0 0.584766 0.822459 0.01 0.01
0 0.587413 0.856577 0.01 0.01
0 0.601310 0.857753 0.01 0.01
0 0.528516 0.842459 0.01 0.01
0 0.521236 0.855400 0.01 0.01
0 0.493442 0.857753 0.01 0.01
0 0.480207 0.862459 0.01 0.01
0 0.474251 0.850694 0.01 0.01
0 0.458369 0.858930 0.01 0.01
0 0.410721 0.891871 0.01 0.01
0 0.402119 0.847165 0.01 0.01
0 0.395501 0.834224 0.01 0.01
0 0.424619 0.837753 0.01 0.01
0 0.545722 0.810694 0.01 0.01
0 0.522560 0.751871 0.01 0.01
0 0.509986 0.669518 0.01 0.01
0 0.468957 0.716577 0.01 0.01
0 0.463663 0.720106 0.01 0.01
0 0.434545 0.607165 0.01 0.01
0 0.451089 0.555400 0.01 0.01
0 0.465648 0.605989 0.01 0.01
0 0.479545 0.555400 0.01 0.01
0 0.493442 0.555400 0.01 0.01
0 0.513295 0.577753 0.01 0.01
0 0.386236 0.105989 0.01 0.01
0 0.371016 0.123636 0.01 0.01
0 0.359104 0.148342 0.01 0.01
0 0.372339 0.071871 0.01 0.01
0 0.349177 0.068342 0.01 0.01
0 0.334619 0.085989 0.01 0.01
0 0.309472 0.051871 0.01 0.01
0 0.270427 0.061283 0.01 0.01
0 0.262486 0.073047 0.01 0.01
0 0.259177 0.091871 0.01 0.01
0 0.250574 0.068342 0.01 0.01
0 0.227413 0.065989 0.01 0.01
0 0.225427 0.071871 0.01 0.01
0 0.220795 0.073047 0.01 0.01
0 0.216824 0.073047 0.01 0.01
0 0.216163 0.082459 0.01 0.01
0 0.216824 0.096577 0.01 0.01
0 0.210869 0.109518 0.01 0.01
0 0.207560 0.109518 0.01 0.01
0 0.206898 0.098930 0.01 0.01
0 0.202927 0.113047 0.01 0.01
0 0.198957 0.117753 0.01 0.01
0 0.195648 0.108342 0.01 0.01
0 0.193663 0.053047 0.01 0.01
0 0.191677 0.025989 0.01 0.01
0 0.184398 0.124812 0.01 0.01
0 0.169177 0.147165 0.01 0.01
0 0.173810 0.168342 0.01 0.01
0 0.198957 0.143636 0.01 0.01
0 0.210207 0.137753 0.01 0.01
0 0.222780 0.151871 0.01 0.01
0 0.227413 0.215400 0.01 0.01
0 0.198295 0.228342 0.01 0.01
0 0.192339 0.257753 0.01 0.01
0 0.193663 0.284812 0.01 0.01
0 0.194324 0.302459 0.01 0.01
0 0.187045 0.303636 0.01 0.01
0 0.172486 0.302459 0.01 0.01
0 0.260501 0.269518 0.01 0.01
0 0.293589 0.260106 0.01 0.01
0 0.294913 0.235400 0.01 0.01
0 0.333957 0.401283 0.01 0.01
0 0.253222 0.378930 0.01 0.01
0 0.194324 0.393047 0.01 0.01
0 0.193663 0.402459 0.01 0.01
0 0.208883 0.361283 0.01 0.01
0 0.185060 0.417753 0.01 0.01
0 0.175133 0.390694 0.01 0.01
0 0.255869 0.438930 0.01 0.01
0 0.275721 0.480106 0.01 0.01
0 0.196310 0.485989 0.01 0.01
0 0.189692 0.517753 0.01 0.01
0 0.143369 0.571871 0.01 0.01
0 0.175133 0.624812 0.01 0.01
0 0.187707 0.640106 0.01 0.01
0 0.193663 0.590694 0.01 0.01
0 0.193663 0.685989 0.01 0.01
0 0.187045 0.674224 0.01 0.01
0 0.186383 0.711871 0.01 0.01
0 0.159251 0.695400 0.01 0.01
0 0.159251 0.663636 0.01 0.01
0 0.142045 0.774224 0.01 0.01
0 0.137413 0.814224 0.01 0.01
0 0.186383 0.765989 0.01 0.01
