0 0.783295 0.058930 0.01 0.01
0 0.758810 0.207165 0.01 0.01
0 0.703221 0.183636 0.01 0.01
0 0.639692 0.270694 0.01 0.01
0 0.617192 0.342459 0.01 0.01
0 0.674766 0.337753 0.01 0.01
0 0.666824 0.447165 0.01 0.01
0 0.838883 0.395400 0.01 0.01
0 0.860721 0.311871 0.01 0.01
0 0.860721 0.584812 0.01 0.01
0 0.706530 0.627165 0.01 0.01
0 0.868001 0.828341 0.01 0.01
0 0.857413 0.853047 0.01 0.01
0 0.799839 0.928342 0.01 0.01
0 0.700574 0.840106 0.01 0.01
0 0.634398 0.849518 0.01 0.01
0 0.548369 0.810694 0.01 0.01
0 0.442486 0.810694 0.01 0.01
0 0.446457 0.931871 0.01 0.01
0 0.224104 0.622459 0.01 0.01
0 0.395501 0.724812 0.01 0.01
0 0.447119 0.727165 0.01 0.01
0 0.478222 0.680106 0.01 0.01
0 0.397486 0.514224 0.01 0.01
0 0.568222 0.500106 0.01 0.01
0 0.376310 0.475400 0.01 0.01
0 0.292266 0.302459 0.01 0.01
0 0.268442 0.161283 0.01 0.01
0 0.474913 0.043636 0.01 0.01
0 0.236016 0.876577 0.01 0.01
