0 0.778906 0.030556 0.01 0.01
0 0.800781 0.081944 0.01 0.01
0 0.853906 0.113889 0.01 0.01
0 0.860156 0.166667 0.01 0.01
0 0.800781 0.170833 0.01 0.01
0 0.702344 0.181944 0.01 0.01
0 0.640625 0.086111 0.01 0.01
0 0.832812 0.262500 0.01 0.01
0 0.749219 0.387500 0.01 0.01
0 0.718750 0.443056 0.01 0.01
0 0.815625 0.465278 0.01 0.01
0 0.855469 0.548611 0.01 0.01
0 0.877344 0.590278 0.01 0.01
0 0.854688 0.805556 0.01 0.01
0 0.850781 0.861111 0.01 0.01
0 0.795313 0.836111 0.01 0.01
0 0.615625 0.580556 0.01 0.01
0 0.582812 0.931944 0.01 0.01
0 0.557813 0.904167 0.01 0.01
0 0.509375 0.812500 0.01 0.01
0 0.476562 0.691667 0.01 0.01
0 0.437500 0.662500 0.01 0.01
0 0.378125 0.738889 0.01 0.01
0 0.244531 0.881944 0.01 0.01
0 0.232812 0.736111 0.01 0.01
0 0.350000 0.538889 0.01 0.01
0 0.409375 0.331944 0.01 0.01
0 0.452344 0.313889 0.01 0.01
0 0.292969 0.180556 0.01 0.01
0 0.132031 0.073611 0.01 0.01
