0 0.221875 0.098611 0.01 0.01
0 0.214844 0.172222 0.01 0.01
0 0.223438 0.240278 0.01 0.01
0 0.226562 0.251389 0.01 0.01
0 0.252344 0.154167 0.01 0.01
0 0.267188 0.176389 0.01 0.01
0 0.282813 0.125000 0.01 0.01
0 0.260938 0.233333 0.01 0.01
0 0.358594 0.170833 0.01 0.01
0 0.403906 0.136111 0.01 0.01
0 0.446875 0.145833 0.01 0.01
0 0.455469 0.202778 0.01 0.01
0 0.451562 0.347222 0.01 0.01
0 0.390625 0.337500 0.01 0.01
0 0.378906 0.325000 0.01 0.01
0 0.525000 0.137500 0.01 0.01
0 0.526563 0.259722 0.01 0.01
0 0.528906 0.284722 0.01 0.01
0 0.548437 0.245833 0.01 0.01
0 0.566406 0.280556 0.01 0.01
0 0.597656 0.280556 0.01 0.01
0 0.589844 0.263889 0.01 0.01
0 0.621094 0.237500 0.01 0.01
0 0.600000 0.186111 0.01 0.01
0 0.625781 0.141667 0.01 0.01
0 0.711719 0.191667 0.01 0.01
0 0.764063 0.127778 0.01 0.01
0 0.773438 0.151389 0.01 0.01
0 0.838281 0.165278 0.01 0.01
0 0.846094 0.179167 0.01 0.01
0 0.856250 0.201389 0.01 0.01
0 0.864844 0.238889 0.01 0.01
0 0.861719 0.223611 0.01 0.01
0 0.864844 0.198611 0.01 0.01
0 0.883594 0.272222 0.01 0.01
0 0.875781 0.322222 0.01 0.01
0 0.861719 0.315278 0.01 0.01
0 0.855469 0.277778 0.01 0.01
0 0.777344 0.343056 0.01 0.01
0 0.735156 0.306944 0.01 0.01
0 0.650781 0.404167 0.01 0.01
0 0.479688 0.438889 0.01 0.01
0 0.659375 0.487500 0.01 0.01
0 0.739062 0.550000 0.01 0.01
0 0.771875 0.547222 0.01 0.01
0 0.817969 0.601389 0.01 0.01
0 0.857031 0.641667 0.01 0.01
0 0.862500 0.568056 0.01 0.01
0 0.856250 0.752778 0.01 0.01
0 0.874219 0.816667 0.01 0.01
0 0.885938 0.929167 0.01 0.01
0 0.890625 0.938889 0.01 0.01
0 0.852344 0.886111 0.01 0.01
0 0.847656 0.915278 0.01 0.01
0 0.812500 0.947222 0.01 0.01
0 0.803906 0.925000 0.01 0.01
0 0.802344 0.930556 0.01 0.01
0 0.789062 0.966667 0.01 0.01
0 0.765625 0.938889 0.01 0.01
0 0.750000 0.944444 0.01 0.01
0 0.746094 0.951389 0.01 0.01
0 0.740625 0.962500 0.01 0.01
0 0.732813 0.904167 0.01 0.01
0 0.774219 0.880556 0.01 0.01
0 0.769531 0.825000 0.01 0.01
0 0.746094 0.812500 0.01 0.01
0 0.757812 0.700000 0.01 0.01
0 0.734375 0.623611 0.01 0.01
0 0.669531 0.687500 0.01 0.01
0 0.637500 0.731944 0.01 0.01
0 0.649219 0.833333 0.01 0.01
0 0.634375 0.936111 0.01 0.01
0 0.617188 0.920833 0.01 0.01
0 0.560938 0.904167 0.01 0.01
0 0.581250 0.848611 0.01 0.01
0 0.548437 0.783333 0.01 0.01
0 0.453125 0.919444 0.01 0.01
0 0.370313 0.937500 0.01 0.01
0 0.374219 0.920833 0.01 0.01
0 0.364062 0.918056 0.01 0.01
0 0.357031 0.916667 0.01 0.01
0 0.321094 0.909722 0.01 0.01
0 0.292969 0.911111 0.01 0.01
0 0.282813 0.909722 0.01 0.01
0 0.253125 0.936111 0.01 0.01
0 0.257812 0.909722 0.01 0.01
0 0.196094 0.941667 0.01 0.01
0 0.235938 0.898611 0.01 0.01
0 0.220313 0.866667 0.01 0.01
0 0.218750 0.847222 0.01 0.01
0 0.200000 0.862500 0.01 0.01
0 0.210938 0.841667 0.01 0.01
0 0.211719 0.830556 0.01 0.01
0 0.212500 0.786111 0.01 0.01
0 0.215625 0.754167 0.01 0.01
0 0.295312 0.784722 0.01 0.01
0 0.340625 0.806944 0.01 0.01
0 0.367969 0.831944 0.01 0.01
0 0.392188 0.798611 0.01 0.01
0 0.445312 0.805556 0.01 0.01
0 0.460938 0.852778 0.01 0.01
0 0.460156 0.738889 0.01 0.01
0 0.376563 0.738889 0.01 0.01
0 0.317187 0.673611 0.01 0.01
0 0.521875 0.690278 0.01 0.01
0 0.549219 0.688889 0.01 0.01
0 0.585938 0.700000 0.01 0.01
0 0.580469 0.659722 0.01 0.01
0 0.553906 0.631944 0.01 0.01
0 0.585938 0.548611 0.01 0.01
0 0.608594 0.509722 0.01 0.01
0 0.512500 0.455556 0.01 0.01
0 0.507031 0.581944 0.01 0.01
0 0.418750 0.611111 0.01 0.01
0 0.273438 0.595833 0.01 0.01
0 0.217187 0.595833 0.01 0.01
0 0.237500 0.504167 0.01 0.01
