0 0.792969 0.061111 0.01 0.01
0 0.793750 0.062500 0.01 0.01
0 0.853906 0.127778 0.01 0.01
0 0.855469 0.200000 0.01 0.01
0 0.795313 0.201389 0.01 0.01
0 0.724219 0.143056 0.01 0.01
0 0.645312 0.086111 0.01 0.01
0 0.635156 0.076389 0.01 0.01
0 0.528906 0.211111 0.01 0.01
0 0.607813 0.180556 0.01 0.01
0 0.733594 0.426389 0.01 0.01
0 0.750000 0.418056 0.01 0.01
0 0.830469 0.506944 0.01 0.01
0 0.861719 0.584722 0.01 0.01
0 0.630469 0.547222 0.01 0.01
0 0.409375 0.359722 0.01 0.01
0 0.432031 0.552778 0.01 0.01
0 0.374219 0.550000 0.01 0.01
0 0.530469 0.672222 0.01 0.01
0 0.548437 0.830556 0.01 0.01
0 0.468750 0.831944 0.01 0.01
0 0.771094 0.825000 0.01 0.01
0 0.848437 0.863889 0.01 0.01
0 0.853906 0.804167 0.01 0.01
0 0.385938 0.756944 0.01 0.01
0 0.325781 0.909722 0.01 0.01
0 0.220313 0.693056 0.01 0.01
0 0.295312 0.179167 0.01 0.01
0 0.203125 0.029167 0.01 0.01
