0 0.765427 0.845989 0.01 0.01
0 0.750207 0.845989 0.01 0.01
0 0.796530 0.831871 0.01 0.01
0 0.800501 0.822459 0.01 0.01
0 0.801163 0.794224 0.01 0.01
0 0.827633 0.840106 0.01 0.01
0 0.835574 0.813047 0.01 0.01
0 0.818369 0.776577 0.01 0.01
0 0.823001 0.768341 0.01 0.01
0 0.811751 0.753047 0.01 0.01
0 0.819030 0.724812 0.01 0.01
0 0.821677 0.671871 0.01 0.01
0 0.846163 0.651871 0.01 0.01
0 0.851457 0.608342 0.01 0.01
0 0.812413 0.568341 0.01 0.01
0 0.807119 0.509518 0.01 0.01
0 0.795207 0.500106 0.01 0.01
0 0.816383 0.491871 0.01 0.01
0 0.826310 0.460106 0.01 0.01
0 0.844177 0.467165 0.01 0.01
0 0.756824 0.443636 0.01 0.01
0 0.697927 0.485989 0.01 0.01
0 0.704545 0.614224 0.01 0.01
0 0.689986 0.674224 0.01 0.01
0 0.748883 0.716577 0.01 0.01
0 0.752192 0.688341 0.01 0.01
0 0.715133 0.793047 0.01 0.01
0 0.718442 0.851871 0.01 0.01
0 0.691310 0.843636 0.01 0.01
0 0.666824 0.849518 0.01 0.01
0 0.660869 0.884812 0.01 0.01
0 0.821016 0.318930 0.01 0.01
0 0.811089 0.285989 0.01 0.01
0 0.753516 0.228342 0.01 0.01
0 0.743589 0.207165 0.01 0.01
0 0.755501 0.135400 0.01 0.01
0 0.803810 0.178930 0.01 0.01
0 0.809766 0.203636 0.01 0.01
0 0.816383 0.170694 0.01 0.01
0 0.818369 0.151871 0.01 0.01
0 0.811751 0.133047 0.01 0.01
0 0.811089 0.108342 0.01 0.01
0 0.806457 0.102459 0.01 0.01
0 0.797854 0.056577 0.01 0.01
0 0.790574 0.073047 0.01 0.01
0 0.768736 0.084812 0.01 0.01
0 0.764104 0.067165 0.01 0.01
0 0.759472 0.061283 0.01 0.01
0 0.748883 0.061283 0.01 0.01
0 0.740280 0.063636 0.01 0.01
0 0.723074 0.054224 0.01 0.01
0 0.715795 0.055400 0.01 0.01
0 0.709177 0.058930 0.01 0.01
0 0.706530 0.071871 0.01 0.01
0 0.701898 0.060106 0.01 0.01
0 0.692633 0.061283 0.01 0.01
0 0.686677 0.060106 0.01 0.01
0 0.674104 0.050694 0.01 0.01
0 0.683369 0.123636 0.01 0.01
0 0.664177 0.143636 0.01 0.01
0 0.615207 0.841283 0.01 0.01
0 0.577486 0.837753 0.01 0.01
0 0.563589 0.871871 0.01 0.01
0 0.552339 0.794224 0.01 0.01
0 0.554324 0.765989 0.01 0.01
0 0.574839 0.760106 0.01 0.01
0 0.613222 0.737753 0.01 0.01
0 0.643001 0.742459 0.01 0.01
0 0.663516 0.490694 0.01 0.01
0 0.645648 0.488342 0.01 0.01
0 0.642339 0.454224 0.01 0.01
0 0.598001 0.454224 0.01 0.01
0 0.624472 0.395400 0.01 0.01
0 0.649619 0.371871 0.01 0.01
0 0.663516 0.375400 0.01 0.01
0 0.680060 0.307165 0.01 0.01
0 0.637045 0.100106 0.01 0.01
0 0.644986 0.090694 0.01 0.01
0 0.627780 0.067165 0.01 0.01
0 0.623810 0.057753 0.01 0.01
0 0.597339 0.055400 0.01 0.01
0 0.580795 0.070694 0.01 0.01
0 0.570869 0.089518 0.01 0.01
0 0.599324 0.121283 0.01 0.01
0 0.574839 0.157753 0.01 0.01
0 0.583442 0.229518 0.01 0.01
0 0.570207 0.307165 0.01 0.01
0 0.564251 0.348341 0.01 0.01
0 0.511972 0.316577 0.01 0.01
0 0.523221 0.296577 0.01 0.01
0 0.515280 0.240106 0.01 0.01
0 0.495427 0.257753 0.01 0.01
0 0.498736 0.224812 0.01 0.01
0 0.486824 0.176577 0.01 0.01
0 0.518589 0.181283 0.01 0.01
0 0.537780 0.163636 0.01 0.01
0 0.527192 0.075400 0.01 0.01
0 0.506677 0.060106 0.01 0.01
0 0.482192 0.093047 0.01 0.01
0 0.470942 0.135400 0.01 0.01
0 0.463663 0.081283 0.01 0.01
0 0.472266 0.045989 0.01 0.01
0 0.447119 0.058930 0.01 0.01
0 0.433883 0.073047 0.01 0.01
0 0.437192 0.102459 0.01 0.01
0 0.423295 0.040106 0.01 0.01
0 0.401457 0.065989 0.01 0.01
0 0.388222 0.065989 0.01 0.01
0 0.358442 0.061283 0.01 0.01
0 0.325354 0.049518 0.01 0.01
0 0.320722 0.075400 0.01 0.01
0 0.343883 0.093047 0.01 0.01
0 0.335942 0.193047 0.01 0.01
0 0.384251 0.171871 0.01 0.01
0 0.429251 0.277753 0.01 0.01
0 0.455060 0.280106 0.01 0.01
0 0.443148 0.361283 0.01 0.01
0 0.461016 0.385989 0.01 0.01
0 0.477560 0.513047 0.01 0.01
0 0.480869 0.540106 0.01 0.01
0 0.537780 0.501283 0.01 0.01
0 0.566898 0.600106 0.01 0.01
0 0.590060 0.587165 0.01 0.01
0 0.566236 0.685989 0.01 0.01
0 0.556310 0.656577 0.01 0.01
0 0.518589 0.695400 0.01 0.01
0 0.487486 0.648341 0.01 0.01
0 0.508663 0.608342 0.01 0.01
0 0.457707 0.595400 0.01 0.01
0 0.418001 0.543636 0.01 0.01
0 0.423295 0.529518 0.01 0.01
0 0.392192 0.515400 0.01 0.01
0 0.386236 0.470694 0.01 0.01
0 0.419324 0.473047 0.01 0.01
0 0.375648 0.384812 0.01 0.01
0 0.551016 0.416577 0.01 0.01
0 0.376972 0.549518 0.01 0.01
0 0.369692 0.568341 0.01 0.01
0 0.418001 0.656577 0.01 0.01
0 0.441824 0.714224 0.01 0.01
0 0.459692 0.741283 0.01 0.01
0 0.439177 0.787165 0.01 0.01
0 0.454398 0.700106 0.01 0.01
0 0.484839 0.802459 0.01 0.01
0 0.484839 0.843636 0.01 0.01
0 0.498074 0.862459 0.01 0.01
0 0.455060 0.828341 0.01 0.01
0 0.448442 0.837753 0.01 0.01
0 0.437854 0.841283 0.01 0.01
0 0.381604 0.820106 0.01 0.01
0 0.369692 0.844812 0.01 0.01
0 0.337266 0.825989 0.01 0.01
0 0.345207 0.795400 0.01 0.01
0 0.289619 0.844812 0.01 0.01
0 0.275060 0.835400 0.01 0.01
0 0.265795 0.836577 0.01 0.01
0 0.246604 0.836577 0.01 0.01
0 0.215501 0.856577 0.01 0.01
0 0.163883 0.890694 0.01 0.01
0 0.167192 0.856577 0.01 0.01
0 0.184398 0.845989 0.01 0.01
0 0.208883 0.829518 0.01 0.01
0 0.210207 0.824812 0.01 0.01
0 0.198957 0.820106 0.01 0.01
0 0.191016 0.810694 0.01 0.01
0 0.183074 0.793047 0.01 0.01
0 0.177119 0.776577 0.01 0.01
0 0.173148 0.778930 0.01 0.01
0 0.177780 0.761283 0.01 0.01
0 0.175133 0.741283 0.01 0.01
0 0.181751 0.728342 0.01 0.01
0 0.173810 0.728342 0.01 0.01
0 0.163222 0.733047 0.01 0.01
0 0.163883 0.689518 0.01 0.01
0 0.129472 0.682459 0.01 0.01
0 0.177780 0.637753 0.01 0.01
0 0.180427 0.678930 0.01 0.01
0 0.193001 0.698930 0.01 0.01
0 0.213516 0.768341 0.01 0.01
0 0.230060 0.757753 0.01 0.01
0 0.243957 0.745989 0.01 0.01
0 0.233369 0.710694 0.01 0.01
0 0.239324 0.697753 0.01 0.01
0 0.278369 0.721283 0.01 0.01
0 0.337266 0.684812 0.01 0.01
0 0.333295 0.622459 0.01 0.01
0 0.295574 0.638930 0.01 0.01
0 0.268442 0.657753 0.01 0.01
0 0.275721 0.617753 0.01 0.01
0 0.265133 0.595400 0.01 0.01
0 0.306824 0.536577 0.01 0.01
0 0.260501 0.504812 0.01 0.01
0 0.238001 0.564812 0.01 0.01
0 0.204251 0.570694 0.01 0.01
0 0.203589 0.548342 0.01 0.01
0 0.171824 0.551871 0.01 0.01
0 0.178442 0.527165 0.01 0.01
0 0.200942 0.508341 0.01 0.01
0 0.183074 0.470694 0.01 0.01
0 0.165869 0.410694 0.01 0.01
0 0.179766 0.383636 0.01 0.01
0 0.221457 0.417753 0.01 0.01
0 0.132780 0.415400 0.01 0.01
0 0.268442 0.408342 0.01 0.01
0 0.239324 0.373047 0.01 0.01
0 0.257854 0.333047 0.01 0.01
0 0.298222 0.342459 0.01 0.01
0 0.292266 0.229518 0.01 0.01
0 0.243957 0.244812 0.01 0.01
0 0.202266 0.322459 0.01 0.01
0 0.177780 0.317753 0.01 0.01
0 0.172486 0.314224 0.01 0.01
0 0.169839 0.327165 0.01 0.01
0 0.177119 0.293047 0.01 0.01
0 0.173810 0.284812 0.01 0.01
0 0.181751 0.270694 0.01 0.01
0 0.197633 0.262459 0.01 0.01
0 0.173810 0.238930 0.01 0.01
0 0.138736 0.089518 0.01 0.01
0 0.149986 0.089518 0.01 0.01
0 0.153957 0.077753 0.01 0.01
0 0.167192 0.068342 0.01 0.01
0 0.183736 0.067165 0.01 0.01
0 0.189692 0.085989 0.01 0.01
0 0.192339 0.097753 0.01 0.01
0 0.183074 0.114224 0.01 0.01
0 0.175133 0.145989 0.01 0.01
0 0.185060 0.135400 0.01 0.01
0 0.190354 0.149518 0.01 0.01
0 0.199619 0.149518 0.01 0.01
0 0.206898 0.144812 0.01 0.01
0 0.209545 0.137753 0.01 0.01
0 0.228074 0.121283 0.01 0.01
0 0.218810 0.075400 0.01 0.01
0 0.212192 0.067165 0.01 0.01
0 0.204913 0.074224 0.01 0.01
0 0.224104 0.049518 0.01 0.01
0 0.229398 0.047165 0.01 0.01
0 0.231383 0.065989 0.01 0.01
0 0.238663 0.062459 0.01 0.01
0 0.239986 0.054224 0.01 0.01
0 0.251236 0.057753 0.01 0.01
0 0.253222 0.070694 0.01 0.01
0 0.248589 0.081283 0.01 0.01
0 0.269104 0.067165 0.01 0.01
