0 0.202344 0.248611 0.01 0.01
0 0.204688 0.152778 0.01 0.01
0 0.208594 0.136111 0.01 0.01
0 0.217969 0.118056 0.01 0.01
0 0.275000 0.080556 0.01 0.01
0 0.268750 0.034722 0.01 0.01
0 0.350000 0.088889 0.01 0.01
0 0.346875 0.263889 0.01 0.01
0 0.432031 0.202778 0.01 0.01
0 0.446875 0.145833 0.01 0.01
0 0.457812 0.112500 0.01 0.01
0 0.457812 0.090278 0.01 0.01
0 0.427344 0.086111 0.01 0.01
0 0.524219 0.087500 0.01 0.01
0 0.557813 0.225000 0.01 0.01
0 0.557031 0.238889 0.01 0.01
0 0.567969 0.244444 0.01 0.01
0 0.589844 0.259722 0.01 0.01
0 0.620313 0.190278 0.01 0.01
0 0.611719 0.081944 0.01 0.01
0 0.667969 0.090278 0.01 0.01
0 0.679688 0.166667 0.01 0.01
0 0.744531 0.063889 0.01 0.01
0 0.763281 0.090278 0.01 0.01
0 0.807813 0.095833 0.01 0.01
0 0.824219 0.098611 0.01 0.01
0 0.844531 0.120833 0.01 0.01
0 0.878906 0.165278 0.01 0.01
0 0.859375 0.176389 0.01 0.01
0 0.785937 0.179167 0.01 0.01
0 0.761719 0.241667 0.01 0.01
0 0.756250 0.323611 0.01 0.01
0 0.853125 0.412500 0.01 0.01
0 0.811719 0.465278 0.01 0.01
0 0.618750 0.345833 0.01 0.01
0 0.603906 0.355556 0.01 0.01
0 0.603125 0.434722 0.01 0.01
0 0.558594 0.384722 0.01 0.01
0 0.564062 0.359722 0.01 0.01
0 0.542969 0.369444 0.01 0.01
0 0.508594 0.430556 0.01 0.01
0 0.470313 0.337500 0.01 0.01
0 0.426562 0.588889 0.01 0.01
0 0.440625 0.562500 0.01 0.01
0 0.418750 0.573611 0.01 0.01
0 0.317969 0.570833 0.01 0.01
0 0.209375 0.477778 0.01 0.01
0 0.215625 0.443056 0.01 0.01
0 0.200781 0.595833 0.01 0.01
0 0.200000 0.616667 0.01 0.01
0 0.210938 0.650000 0.01 0.01
0 0.204688 0.668056 0.01 0.01
0 0.211719 0.761111 0.01 0.01
0 0.192188 0.772222 0.01 0.01
0 0.196094 0.804167 0.01 0.01
0 0.200781 0.818056 0.01 0.01
0 0.275000 0.743056 0.01 0.01
0 0.303125 0.779167 0.01 0.01
0 0.316406 0.677778 0.01 0.01
0 0.401563 0.679167 0.01 0.01
0 0.448438 0.683333 0.01 0.01
0 0.467969 0.680556 0.01 0.01
0 0.501562 0.743056 0.01 0.01
0 0.579687 0.661111 0.01 0.01
0 0.536719 0.526389 0.01 0.01
0 0.591406 0.520833 0.01 0.01
0 0.611719 0.509722 0.01 0.01
0 0.617188 0.623611 0.01 0.01
0 0.707031 0.497222 0.01 0.01
0 0.735937 0.554167 0.01 0.01
0 0.778906 0.534722 0.01 0.01
0 0.853125 0.526389 0.01 0.01
0 0.853125 0.598611 0.01 0.01
0 0.875000 0.650000 0.01 0.01
0 0.869531 0.662500 0.01 0.01
0 0.825000 0.700000 0.01 0.01
0 0.698438 0.631944 0.01 0.01
0 0.685938 0.668056 0.01 0.01
0 0.674219 0.708333 0.01 0.01
0 0.640625 0.673611 0.01 0.01
0 0.610937 0.704167 0.01 0.01
0 0.843750 0.858333 0.01 0.01
0 0.798437 0.912500 0.01 0.01
0 0.780469 0.906944 0.01 0.01
0 0.781250 0.898611 0.01 0.01
0 0.745313 0.795833 0.01 0.01
0 0.735937 0.769444 0.01 0.01
0 0.704687 0.900000 0.01 0.01
0 0.678125 0.866667 0.01 0.01
0 0.689062 0.791667 0.01 0.01
0 0.674219 0.772222 0.01 0.01
0 0.650000 0.781944 0.01 0.01
0 0.616406 0.783333 0.01 0.01
0 0.601562 0.747222 0.01 0.01
0 0.610156 0.879167 0.01 0.01
0 0.624219 0.904167 0.01 0.01
0 0.573438 0.895833 0.01 0.01
0 0.546875 0.872222 0.01 0.01
0 0.533594 0.865278 0.01 0.01
0 0.527344 0.831944 0.01 0.01
0 0.511719 0.869444 0.01 0.01
0 0.487500 0.898611 0.01 0.01
0 0.479688 0.888889 0.01 0.01
0 0.440625 0.881944 0.01 0.01
0 0.445312 0.845833 0.01 0.01
0 0.403906 0.784722 0.01 0.01
0 0.360156 0.879167 0.01 0.01
0 0.343750 0.881944 0.01 0.01
0 0.339844 0.826389 0.01 0.01
0 0.310156 0.872222 0.01 0.01
0 0.295312 0.886111 0.01 0.01
0 0.284375 0.881944 0.01 0.01
0 0.278125 0.870833 0.01 0.01
0 0.253125 0.879167 0.01 0.01
