0 0.891163 0.937753 0.01 0.01
0 0.886530 0.928342 0.01 0.01
0 0.850795 0.928342 0.01 0.01
0 0.846824 0.915400 0.01 0.01
0 0.855427 0.887165 0.01 0.01
0 0.875280 0.820106 0.01 0.01
0 0.859398 0.757753 0.01 0.01
0 0.861383 0.645989 0.01 0.01
0 0.863369 0.567165 0.01 0.01
0 0.818369 0.600106 0.01 0.01
0 0.861383 0.735400 0.01 0.01
0 0.810427 0.944812 0.01 0.01
0 0.803148 0.929518 0.01 0.01
0 0.786604 0.964812 0.01 0.01
0 0.767413 0.941283 0.01 0.01
0 0.750869 0.943636 0.01 0.01
0 0.743589 0.948342 0.01 0.01
0 0.740280 0.957753 0.01 0.01
0 0.733001 0.891871 0.01 0.01
0 0.773369 0.874224 0.01 0.01
0 0.772045 0.825989 0.01 0.01
0 0.745574 0.809518 0.01 0.01
0 0.733663 0.904812 0.01 0.01
0 0.635060 0.935400 0.01 0.01
0 0.619177 0.921283 0.01 0.01
0 0.561604 0.902459 0.01 0.01
0 0.580133 0.845989 0.01 0.01
0 0.548369 0.781283 0.01 0.01
0 0.648957 0.834224 0.01 0.01
0 0.637045 0.734224 0.01 0.01
0 0.672119 0.684812 0.01 0.01
0 0.758810 0.700106 0.01 0.01
0 0.734324 0.615400 0.01 0.01
0 0.738957 0.556577 0.01 0.01
0 0.768736 0.543636 0.01 0.01
0 0.875280 0.314224 0.01 0.01
0 0.860721 0.316577 0.01 0.01
0 0.857413 0.278930 0.01 0.01
0 0.882560 0.267165 0.01 0.01
0 0.864692 0.235400 0.01 0.01
0 0.862045 0.225989 0.01 0.01
0 0.864692 0.204812 0.01 0.01
0 0.855427 0.201283 0.01 0.01
0 0.847486 0.178930 0.01 0.01
0 0.835574 0.162459 0.01 0.01
0 0.772045 0.148342 0.01 0.01
0 0.767413 0.124812 0.01 0.01
0 0.776677 0.335400 0.01 0.01
0 0.733001 0.307165 0.01 0.01
0 0.713148 0.191871 0.01 0.01
0 0.627780 0.143636 0.01 0.01
0 0.598663 0.183636 0.01 0.01
0 0.621824 0.230694 0.01 0.01
0 0.598001 0.277753 0.01 0.01
0 0.590060 0.265989 0.01 0.01
0 0.565574 0.278930 0.01 0.01
0 0.548369 0.245989 0.01 0.01
0 0.529839 0.276577 0.01 0.01
0 0.526530 0.258930 0.01 0.01
0 0.526530 0.141283 0.01 0.01
0 0.456383 0.201283 0.01 0.01
0 0.444472 0.141283 0.01 0.01
0 0.404766 0.134224 0.01 0.01
0 0.360427 0.173047 0.01 0.01
0 0.282339 0.133047 0.01 0.01
0 0.265133 0.173047 0.01 0.01
0 0.253222 0.151871 0.01 0.01
0 0.222780 0.102459 0.01 0.01
0 0.212192 0.173047 0.01 0.01
0 0.224104 0.245989 0.01 0.01
0 0.227413 0.254224 0.01 0.01
0 0.238001 0.504812 0.01 0.01
0 0.271751 0.593047 0.01 0.01
0 0.217486 0.595400 0.01 0.01
0 0.214177 0.756577 0.01 0.01
0 0.211530 0.787165 0.01 0.01
0 0.211530 0.836577 0.01 0.01
0 0.199619 0.857753 0.01 0.01
0 0.197633 0.941283 0.01 0.01
0 0.218810 0.849518 0.01 0.01
0 0.220795 0.865989 0.01 0.01
0 0.234692 0.894224 0.01 0.01
0 0.253883 0.936577 0.01 0.01
0 0.255207 0.908341 0.01 0.01
0 0.282339 0.910694 0.01 0.01
0 0.292266 0.910694 0.01 0.01
0 0.318074 0.915400 0.01 0.01
0 0.261824 0.961283 0.01 0.01
0 0.371016 0.937753 0.01 0.01
0 0.374986 0.917753 0.01 0.01
0 0.363736 0.916577 0.01 0.01
0 0.356457 0.914224 0.01 0.01
0 0.449766 0.916577 0.01 0.01
0 0.447119 0.804812 0.01 0.01
0 0.461016 0.744812 0.01 0.01
0 0.392854 0.800106 0.01 0.01
0 0.366383 0.835400 0.01 0.01
0 0.340574 0.805989 0.01 0.01
0 0.295574 0.783636 0.01 0.01
0 0.318074 0.669518 0.01 0.01
0 0.375648 0.736577 0.01 0.01
0 0.416016 0.615400 0.01 0.01
0 0.548369 0.690694 0.01 0.01
0 0.584766 0.696577 0.01 0.01
0 0.582119 0.663636 0.01 0.01
0 0.552339 0.637753 0.01 0.01
0 0.508663 0.578930 0.01 0.01
0 0.586751 0.548342 0.01 0.01
0 0.608589 0.509518 0.01 0.01
0 0.662192 0.491871 0.01 0.01
0 0.651604 0.397753 0.01 0.01
0 0.515942 0.461283 0.01 0.01
0 0.480207 0.434224 0.01 0.01
0 0.454398 0.340106 0.01 0.01
0 0.391530 0.341283 0.01 0.01
