0 0.800501 0.918930 0.01 0.01
0 0.778663 0.874224 0.01 0.01
0 0.763442 0.868342 0.01 0.01
0 0.749545 0.881283 0.01 0.01
0 0.711163 0.889518 0.01 0.01
0 0.723074 0.829518 0.01 0.01
0 0.682045 0.771871 0.01 0.01
0 0.707192 0.710694 0.01 0.01
0 0.764104 0.718930 0.01 0.01
0 0.778001 0.721283 0.01 0.01
0 0.819030 0.697753 0.01 0.01
0 0.834913 0.735400 0.01 0.01
0 0.836236 0.743636 0.01 0.01
0 0.834251 0.811871 0.01 0.01
0 0.781972 0.855400 0.01 0.01
0 0.806457 0.858930 0.01 0.01
0 0.812413 0.869518 0.01 0.01
0 0.824986 0.897753 0.01 0.01
0 0.838222 0.856577 0.01 0.01
0 0.868001 0.862459 0.01 0.01
0 0.872633 0.813047 0.01 0.01
0 0.834913 0.648341 0.01 0.01
0 0.832927 0.605989 0.01 0.01
0 0.820354 0.596577 0.01 0.01
0 0.827633 0.583636 0.01 0.01
0 0.835574 0.576577 0.01 0.01
0 0.794545 0.510694 0.01 0.01
0 0.856751 0.475400 0.01 0.01
0 0.866016 0.462459 0.01 0.01
0 0.836898 0.421283 0.01 0.01
0 0.809766 0.381283 0.01 0.01
0 0.831604 0.313047 0.01 0.01
0 0.834913 0.273047 0.01 0.01
0 0.853442 0.261283 0.01 0.01
0 0.810427 0.213047 0.01 0.01
0 0.839545 0.181283 0.01 0.01
0 0.836898 0.162459 0.01 0.01
0 0.845501 0.157753 0.01 0.01
0 0.844839 0.114224 0.01 0.01
0 0.846163 0.085989 0.01 0.01
0 0.833589 0.130694 0.01 0.01
0 0.825648 0.130694 0.01 0.01
0 0.821677 0.120106 0.01 0.01
0 0.811751 0.098930 0.01 0.01
0 0.808442 0.096577 0.01 0.01
0 0.796530 0.114224 0.01 0.01
0 0.782633 0.082459 0.01 0.01
0 0.776016 0.084812 0.01 0.01
0 0.769398 0.082459 0.01 0.01
0 0.767413 0.093047 0.01 0.01
0 0.754839 0.082459 0.01 0.01
0 0.741604 0.074224 0.01 0.01
0 0.723074 0.082459 0.01 0.01
0 0.719766 0.085989 0.01 0.01
0 0.711824 0.053047 0.01 0.01
0 0.709177 0.063636 0.01 0.01
0 0.706530 0.087165 0.01 0.01
0 0.701236 0.081283 0.01 0.01
0 0.691310 0.085989 0.01 0.01
0 0.674766 0.074224 0.01 0.01
0 0.658883 0.085989 0.01 0.01
0 0.656236 0.068342 0.01 0.01
0 0.648295 0.129518 0.01 0.01
0 0.681383 0.150694 0.01 0.01
0 0.738295 0.181283 0.01 0.01
0 0.752192 0.143636 0.01 0.01
0 0.645648 0.227165 0.01 0.01
0 0.633736 0.169518 0.01 0.01
0 0.623148 0.167165 0.01 0.01
0 0.572192 0.171871 0.01 0.01
0 0.574177 0.103636 0.01 0.01
0 0.584766 0.097753 0.01 0.01
0 0.596016 0.084812 0.01 0.01
0 0.607266 0.090694 0.01 0.01
0 0.561604 0.075400 0.01 0.01
0 0.530501 0.074224 0.01 0.01
0 0.534472 0.135400 0.01 0.01
0 0.484839 0.171871 0.01 0.01
0 0.484177 0.161283 0.01 0.01
0 0.502045 0.201283 0.01 0.01
0 0.462339 0.138930 0.01 0.01
0 0.486163 0.087165 0.01 0.01
0 0.492780 0.070694 0.01 0.01
0 0.464986 0.063636 0.01 0.01
0 0.436530 0.088342 0.01 0.01
0 0.430574 0.087165 0.01 0.01
0 0.387560 0.128342 0.01 0.01
0 0.355133 0.137753 0.01 0.01
0 0.340574 0.101283 0.01 0.01
0 0.341236 0.076577 0.01 0.01
0 0.373001 0.084812 0.01 0.01
0 0.376972 0.114224 0.01 0.01
0 0.395501 0.071871 0.01 0.01
0 0.288957 0.068342 0.01 0.01
0 0.277045 0.077753 0.01 0.01
0 0.263148 0.077753 0.01 0.01
0 0.251898 0.077753 0.01 0.01
0 0.247266 0.081283 0.01 0.01
0 0.250574 0.094224 0.01 0.01
0 0.237339 0.083636 0.01 0.01
0 0.234030 0.063636 0.01 0.01
0 0.212192 0.036577 0.01 0.01
0 0.202266 0.060106 0.01 0.01
0 0.202927 0.078930 0.01 0.01
0 0.214177 0.096577 0.01 0.01
0 0.220133 0.094224 0.01 0.01
0 0.228074 0.093047 0.01 0.01
0 0.222119 0.109518 0.01 0.01
0 0.210869 0.123636 0.01 0.01
0 0.209545 0.135400 0.01 0.01
0 0.203589 0.130694 0.01 0.01
0 0.200942 0.138930 0.01 0.01
0 0.200280 0.147165 0.01 0.01
0 0.202266 0.153047 0.01 0.01
0 0.191016 0.141283 0.01 0.01
0 0.192339 0.128342 0.01 0.01
0 0.216163 0.153047 0.01 0.01
0 0.225427 0.163636 0.01 0.01
0 0.194986 0.167165 0.01 0.01
0 0.174472 0.190694 0.01 0.01
0 0.169177 0.182459 0.01 0.01
0 0.199619 0.208342 0.01 0.01
0 0.199619 0.233047 0.01 0.01
0 0.195648 0.242459 0.01 0.01
0 0.198295 0.267165 0.01 0.01
0 0.200942 0.287165 0.01 0.01
0 0.194324 0.313047 0.01 0.01
0 0.187045 0.309518 0.01 0.01
0 0.171824 0.316577 0.01 0.01
0 0.194986 0.342459 0.01 0.01
0 0.270427 0.233047 0.01 0.01
0 0.291604 0.229518 0.01 0.01
0 0.282339 0.316577 0.01 0.01
0 0.269766 0.351871 0.01 0.01
0 0.317413 0.356577 0.01 0.01
0 0.386236 0.296577 0.01 0.01
0 0.403442 0.216577 0.01 0.01
0 0.429251 0.307165 0.01 0.01
0 0.490133 0.335400 0.01 0.01
0 0.511972 0.285989 0.01 0.01
0 0.561604 0.308342 0.01 0.01
0 0.592707 0.250694 0.01 0.01
0 0.584104 0.367165 0.01 0.01
0 0.517927 0.363636 0.01 0.01
0 0.512633 0.370694 0.01 0.01
0 0.643663 0.418930 0.01 0.01
0 0.645648 0.417753 0.01 0.01
0 0.651604 0.415400 0.01 0.01
0 0.666163 0.395400 0.01 0.01
0 0.611236 0.468341 0.01 0.01
0 0.718442 0.470694 0.01 0.01
0 0.194986 0.401283 0.01 0.01
0 0.197633 0.417753 0.01 0.01
0 0.176457 0.381283 0.01 0.01
0 0.180427 0.447165 0.01 0.01
0 0.238001 0.422459 0.01 0.01
0 0.195648 0.493047 0.01 0.01
0 0.196310 0.517753 0.01 0.01
0 0.194324 0.604812 0.01 0.01
0 0.146677 0.625989 0.01 0.01
0 0.187707 0.658930 0.01 0.01
0 0.190354 0.675400 0.01 0.01
0 0.194986 0.695400 0.01 0.01
0 0.191016 0.704812 0.01 0.01
0 0.171824 0.681283 0.01 0.01
0 0.151972 0.735400 0.01 0.01
0 0.155280 0.782459 0.01 0.01
0 0.148663 0.787165 0.01 0.01
0 0.140060 0.811871 0.01 0.01
0 0.184398 0.765989 0.01 0.01
0 0.192339 0.769518 0.01 0.01
0 0.191677 0.782459 0.01 0.01
0 0.194986 0.811871 0.01 0.01
0 0.200280 0.830694 0.01 0.01
0 0.193001 0.849518 0.01 0.01
0 0.182413 0.883636 0.01 0.01
0 0.177780 0.905989 0.01 0.01
0 0.210869 0.905989 0.01 0.01
0 0.204913 0.865989 0.01 0.01
0 0.212854 0.850694 0.01 0.01
0 0.217486 0.836577 0.01 0.01
0 0.225427 0.842459 0.01 0.01
0 0.237339 0.867165 0.01 0.01
0 0.241972 0.862459 0.01 0.01
0 0.271751 0.888342 0.01 0.01
0 0.273074 0.862459 0.01 0.01
0 0.279692 0.863636 0.01 0.01
0 0.290942 0.865989 0.01 0.01
0 0.247266 0.787165 0.01 0.01
0 0.256530 0.747165 0.01 0.01
0 0.247266 0.734224 0.01 0.01
0 0.241972 0.734224 0.01 0.01
0 0.230722 0.669518 0.01 0.01
0 0.265795 0.735400 0.01 0.01
0 0.272413 0.717753 0.01 0.01
0 0.268442 0.648341 0.01 0.01
0 0.253883 0.583636 0.01 0.01
0 0.281016 0.617753 0.01 0.01
0 0.290942 0.655400 0.01 0.01
0 0.286310 0.513047 0.01 0.01
0 0.326016 0.557753 0.01 0.01
0 0.433883 0.496577 0.01 0.01
0 0.410721 0.476577 0.01 0.01
0 0.429913 0.415400 0.01 0.01
0 0.448442 0.427165 0.01 0.01
0 0.455060 0.400106 0.01 0.01
0 0.476898 0.416577 0.01 0.01
0 0.491457 0.391871 0.01 0.01
0 0.541751 0.563636 0.01 0.01
0 0.559619 0.635400 0.01 0.01
0 0.513957 0.625989 0.01 0.01
0 0.500722 0.571871 0.01 0.01
0 0.481530 0.563636 0.01 0.01
0 0.467633 0.614224 0.01 0.01
0 0.436530 0.618930 0.01 0.01
0 0.377633 0.598930 0.01 0.01
0 0.355133 0.631871 0.01 0.01
0 0.332633 0.733047 0.01 0.01
0 0.427266 0.694224 0.01 0.01
0 0.400133 0.838930 0.01 0.01
0 0.386898 0.862459 0.01 0.01
0 0.366383 0.867165 0.01 0.01
0 0.371677 0.907165 0.01 0.01
0 0.425942 0.854224 0.01 0.01
0 0.461016 0.867165 0.01 0.01
0 0.477560 0.862459 0.01 0.01
0 0.481530 0.876577 0.01 0.01
0 0.498074 0.863636 0.01 0.01
0 0.529177 0.869518 0.01 0.01
0 0.531163 0.830694 0.01 0.01
0 0.517266 0.824812 0.01 0.01
0 0.509324 0.687165 0.01 0.01
0 0.575501 0.681283 0.01 0.01
0 0.579471 0.716577 0.01 0.01
0 0.621163 0.569518 0.01 0.01
0 0.662192 0.510694 0.01 0.01
0 0.716457 0.554224 0.01 0.01
0 0.654251 0.608342 0.01 0.01
0 0.584766 0.791871 0.01 0.01
0 0.598001 0.794224 0.01 0.01
0 0.598001 0.831871 0.01 0.01
0 0.590060 0.869518 0.01 0.01
0 0.578810 0.881283 0.01 0.01
0 0.566898 0.847165 0.01 0.01
0 0.537119 0.776577 0.01 0.01
