0 0.742188 0.105556 0.01 0.01
0 0.769531 0.120833 0.01 0.01
0 0.833594 0.133333 0.01 0.01
0 0.843750 0.141667 0.01 0.01
0 0.845312 0.161111 0.01 0.01
0 0.857031 0.179167 0.01 0.01
0 0.862500 0.212500 0.01 0.01
0 0.843750 0.230556 0.01 0.01
0 0.870313 0.231944 0.01 0.01
0 0.867969 0.277778 0.01 0.01
0 0.854688 0.287500 0.01 0.01
0 0.789844 0.319444 0.01 0.01
0 0.742969 0.261111 0.01 0.01
0 0.696875 0.169444 0.01 0.01
0 0.622656 0.201389 0.01 0.01
0 0.604688 0.105556 0.01 0.01
0 0.590625 0.230556 0.01 0.01
0 0.585938 0.247222 0.01 0.01
0 0.566406 0.241667 0.01 0.01
0 0.568750 0.169444 0.01 0.01
0 0.523438 0.240278 0.01 0.01
0 0.520312 0.225000 0.01 0.01
0 0.525781 0.197222 0.01 0.01
0 0.524219 0.105556 0.01 0.01
0 0.455469 0.138889 0.01 0.01
0 0.434375 0.120833 0.01 0.01
0 0.423438 0.120833 0.01 0.01
0 0.371875 0.250000 0.01 0.01
0 0.239844 0.409722 0.01 0.01
0 0.218750 0.223611 0.01 0.01
0 0.209375 0.154167 0.01 0.01
0 0.222656 0.172222 0.01 0.01
0 0.239063 0.162500 0.01 0.01
0 0.245312 0.126389 0.01 0.01
0 0.278125 0.097222 0.01 0.01
0 0.216406 0.059722 0.01 0.01
0 0.409375 0.415278 0.01 0.01
0 0.432813 0.394444 0.01 0.01
0 0.512500 0.447222 0.01 0.01
0 0.582812 0.493056 0.01 0.01
0 0.587500 0.516667 0.01 0.01
0 0.650781 0.406944 0.01 0.01
0 0.657812 0.445833 0.01 0.01
0 0.766406 0.515278 0.01 0.01
0 0.810156 0.573611 0.01 0.01
0 0.856250 0.534722 0.01 0.01
0 0.853125 0.609722 0.01 0.01
0 0.849219 0.723611 0.01 0.01
0 0.867188 0.715278 0.01 0.01
0 0.842188 0.850000 0.01 0.01
0 0.842188 0.877778 0.01 0.01
0 0.884375 0.888889 0.01 0.01
0 0.878125 0.922222 0.01 0.01
0 0.808594 0.890278 0.01 0.01
0 0.798437 0.920833 0.01 0.01
0 0.778906 0.938889 0.01 0.01
0 0.766406 0.916667 0.01 0.01
0 0.744531 0.909722 0.01 0.01
0 0.727344 0.915278 0.01 0.01
0 0.720312 0.927778 0.01 0.01
0 0.729688 0.870833 0.01 0.01
0 0.768750 0.852778 0.01 0.01
0 0.764844 0.788889 0.01 0.01
0 0.740625 0.781944 0.01 0.01
0 0.738281 0.673611 0.01 0.01
0 0.724219 0.620833 0.01 0.01
0 0.745313 0.534722 0.01 0.01
0 0.658594 0.645833 0.01 0.01
0 0.625000 0.705556 0.01 0.01
0 0.592969 0.666667 0.01 0.01
0 0.588281 0.643056 0.01 0.01
0 0.554688 0.670833 0.01 0.01
0 0.547656 0.608333 0.01 0.01
0 0.516406 0.655556 0.01 0.01
0 0.492188 0.533333 0.01 0.01
0 0.470313 0.570833 0.01 0.01
0 0.425000 0.588889 0.01 0.01
0 0.450781 0.683333 0.01 0.01
0 0.471094 0.752778 0.01 0.01
0 0.567187 0.747222 0.01 0.01
0 0.571875 0.843056 0.01 0.01
0 0.560156 0.877778 0.01 0.01
0 0.583594 0.934722 0.01 0.01
0 0.625000 0.887500 0.01 0.01
0 0.642969 0.798611 0.01 0.01
0 0.445312 0.888889 0.01 0.01
0 0.466406 0.819444 0.01 0.01
0 0.399219 0.888889 0.01 0.01
0 0.365625 0.911111 0.01 0.01
0 0.361719 0.888889 0.01 0.01
0 0.352344 0.887500 0.01 0.01
0 0.358594 0.806944 0.01 0.01
0 0.366406 0.783333 0.01 0.01
0 0.398438 0.745833 0.01 0.01
0 0.369531 0.711111 0.01 0.01
0 0.333594 0.772222 0.01 0.01
0 0.302344 0.691667 0.01 0.01
0 0.288281 0.751389 0.01 0.01
0 0.299219 0.879167 0.01 0.01
0 0.312500 0.883333 0.01 0.01
0 0.256250 0.887500 0.01 0.01
0 0.251563 0.883333 0.01 0.01
0 0.247656 0.891667 0.01 0.01
0 0.253125 0.831944 0.01 0.01
0 0.222656 0.848611 0.01 0.01
0 0.184375 0.898611 0.01 0.01
0 0.214062 0.820833 0.01 0.01
0 0.202344 0.805556 0.01 0.01
0 0.192969 0.787500 0.01 0.01
0 0.206250 0.769444 0.01 0.01
0 0.205469 0.733333 0.01 0.01
0 0.205469 0.723611 0.01 0.01
0 0.209375 0.566667 0.01 0.01
0 0.266406 0.573611 0.01 0.01
