0 0.292266 0.041283 0.01 0.01
0 0.290942 0.187165 0.01 0.01
0 0.211530 0.667165 0.01 0.01
0 0.388222 0.740106 0.01 0.01
0 0.372339 0.537753 0.01 0.01
0 0.425942 0.524812 0.01 0.01
0 0.394177 0.381283 0.01 0.01
0 0.344545 0.933047 0.01 0.01
0 0.475574 0.893047 0.01 0.01
0 0.508001 0.949518 0.01 0.01
0 0.542413 0.824812 0.01 0.01
0 0.484839 0.674224 0.01 0.01
0 0.630427 0.543636 0.01 0.01
0 0.729692 0.480106 0.01 0.01
0 0.723074 0.438930 0.01 0.01
0 0.498736 0.125989 0.01 0.01
0 0.588736 0.085989 0.01 0.01
0 0.603957 0.168342 0.01 0.01
0 0.627119 0.077753 0.01 0.01
0 0.703221 0.200106 0.01 0.01
0 0.785942 0.075400 0.01 0.01
0 0.783295 0.121283 0.01 0.01
0 0.791236 0.198930 0.01 0.01
0 0.828957 0.254224 0.01 0.01
0 0.852780 0.151871 0.01 0.01
0 0.843516 0.545989 0.01 0.01
0 0.856089 0.647165 0.01 0.01
0 0.848148 0.810694 0.01 0.01
0 0.841530 0.867165 0.01 0.01
0 0.768074 0.831871 0.01 0.01
