0 0.173438 0.029167 0.01 0.01
0 0.295312 0.179167 0.01 0.01
0 0.530469 0.229167 0.01 0.01
0 0.635938 0.070833 0.01 0.01
0 0.658594 0.094444 0.01 0.01
0 0.603125 0.187500 0.01 0.01
0 0.407031 0.356944 0.01 0.01
0 0.428906 0.568056 0.01 0.01
0 0.367188 0.552778 0.01 0.01
0 0.222656 0.698611 0.01 0.01
0 0.382812 0.759722 0.01 0.01
0 0.310937 0.920833 0.01 0.01
0 0.467969 0.811111 0.01 0.01
0 0.548437 0.830556 0.01 0.01
0 0.564062 0.934722 0.01 0.01
0 0.526563 0.693056 0.01 0.01
0 0.626562 0.547222 0.01 0.01
0 0.848437 0.861111 0.01 0.01
0 0.854688 0.806944 0.01 0.01
0 0.778125 0.829167 0.01 0.01
0 0.859375 0.579167 0.01 0.01
0 0.828125 0.502778 0.01 0.01
0 0.748438 0.418056 0.01 0.01
0 0.732031 0.429167 0.01 0.01
0 0.792188 0.051389 0.01 0.01
0 0.735156 0.138889 0.01 0.01
0 0.800000 0.208333 0.01 0.01
0 0.857813 0.198611 0.01 0.01
0 0.851562 0.126389 0.01 0.01
