0 0.842192 0.883636 0.01 0.01
0 0.844839 0.863636 0.01 0.01
0 0.750869 0.849518 0.01 0.01
0 0.854104 0.685989 0.01 0.01
0 0.852119 0.577753 0.01 0.01
0 0.838883 0.630694 0.01 0.01
0 0.721089 0.495400 0.01 0.01
0 0.710501 0.465989 0.01 0.01
0 0.646310 0.543636 0.01 0.01
0 0.664177 0.314224 0.01 0.01
0 0.647633 0.183636 0.01 0.01
0 0.613222 0.151871 0.01 0.01
0 0.780648 0.150694 0.01 0.01
0 0.777339 0.183636 0.01 0.01
0 0.783957 0.077753 0.01 0.01
0 0.850795 0.202459 0.01 0.01
0 0.824986 0.335400 0.01 0.01
0 0.540427 0.823636 0.01 0.01
0 0.505354 0.931871 0.01 0.01
0 0.455060 0.951871 0.01 0.01
0 0.457707 0.780106 0.01 0.01
0 0.468957 0.688341 0.01 0.01
0 0.371016 0.904812 0.01 0.01
0 0.388222 0.742459 0.01 0.01
0 0.373001 0.553047 0.01 0.01
0 0.209545 0.667165 0.01 0.01
0 0.380942 0.407165 0.01 0.01
0 0.302192 0.245989 0.01 0.01
0 0.291604 0.229518 0.01 0.01
0 0.324030 0.200106 0.01 0.01
0 0.413369 0.047165 0.01 0.01
0 0.431236 0.082459 0.01 0.01
0 0.524545 0.055400 0.01 0.01
