0 0.834913 0.914224 0.01 0.01
0 0.848148 0.873047 0.01 0.01
0 0.743589 0.851871 0.01 0.01
0 0.852119 0.600106 0.01 0.01
0 0.871971 0.589518 0.01 0.01
0 0.847486 0.693047 0.01 0.01
0 0.829619 0.369518 0.01 0.01
0 0.857413 0.204812 0.01 0.01
0 0.776016 0.180106 0.01 0.01
0 0.767413 0.184812 0.01 0.01
0 0.785942 0.077753 0.01 0.01
0 0.653589 0.210694 0.01 0.01
0 0.613883 0.148342 0.01 0.01
0 0.652266 0.355400 0.01 0.01
0 0.701236 0.458930 0.01 0.01
0 0.695942 0.498930 0.01 0.01
0 0.672780 0.554224 0.01 0.01
0 0.539766 0.813047 0.01 0.01
0 0.535133 0.901283 0.01 0.01
0 0.462339 0.957753 0.01 0.01
0 0.402780 0.870694 0.01 0.01
0 0.442486 0.824812 0.01 0.01
0 0.392192 0.744812 0.01 0.01
0 0.218148 0.657753 0.01 0.01
0 0.473589 0.683636 0.01 0.01
0 0.376972 0.543636 0.01 0.01
0 0.376972 0.417753 0.01 0.01
0 0.283663 0.290694 0.01 0.01
0 0.292927 0.229518 0.01 0.01
0 0.394177 0.076577 0.01 0.01
0 0.464986 0.153047 0.01 0.01
0 0.500722 0.056577 0.01 0.01
0 0.485501 0.482459 0.01 0.01
0 0.571530 0.650694 0.01 0.01
