0 0.807119 0.931871 0.01 0.01
0 0.810427 0.876577 0.01 0.01
0 0.819692 0.856577 0.01 0.01
0 0.822339 0.855400 0.01 0.01
0 0.825648 0.854224 0.01 0.01
0 0.811089 0.820106 0.01 0.01
0 0.856751 0.825989 0.01 0.01
0 0.838222 0.798930 0.01 0.01
0 0.836898 0.789518 0.01 0.01
0 0.856089 0.781283 0.01 0.01
0 0.835574 0.754224 0.01 0.01
0 0.837560 0.695400 0.01 0.01
0 0.832927 0.665989 0.01 0.01
0 0.868663 0.647165 0.01 0.01
0 0.803810 0.623636 0.01 0.01
0 0.817045 0.580106 0.01 0.01
0 0.796530 0.551871 0.01 0.01
0 0.794545 0.553047 0.01 0.01
0 0.766089 0.697753 0.01 0.01
0 0.747560 0.653047 0.01 0.01
0 0.732339 0.708342 0.01 0.01
0 0.707854 0.718930 0.01 0.01
0 0.710501 0.664812 0.01 0.01
0 0.691310 0.598930 0.01 0.01
0 0.734324 0.744812 0.01 0.01
0 0.758148 0.807165 0.01 0.01
0 0.778663 0.830694 0.01 0.01
0 0.736971 0.827165 0.01 0.01
0 0.735648 0.877753 0.01 0.01
0 0.718442 0.893047 0.01 0.01
0 0.678074 0.889518 0.01 0.01
0 0.666824 0.887165 0.01 0.01
0 0.641016 0.889518 0.01 0.01
0 0.624472 0.893047 0.01 0.01
0 0.616530 0.894224 0.01 0.01
0 0.610574 0.940106 0.01 0.01
0 0.586089 0.903636 0.01 0.01
0 0.635060 0.840106 0.01 0.01
0 0.581457 0.727165 0.01 0.01
0 0.565574 0.682459 0.01 0.01
0 0.596677 0.647165 0.01 0.01
0 0.642339 0.621283 0.01 0.01
0 0.651604 0.567165 0.01 0.01
0 0.659545 0.524812 0.01 0.01
0 0.637707 0.438930 0.01 0.01
0 0.676089 0.436577 0.01 0.01
0 0.670795 0.420106 0.01 0.01
0 0.672780 0.371871 0.01 0.01
0 0.652266 0.348341 0.01 0.01
0 0.760133 0.383636 0.01 0.01
0 0.826310 0.467165 0.01 0.01
0 0.818369 0.418930 0.01 0.01
0 0.865354 0.389518 0.01 0.01
0 0.868663 0.322459 0.01 0.01
0 0.830280 0.321283 0.01 0.01
0 0.838222 0.264812 0.01 0.01
0 0.833589 0.253047 0.01 0.01
0 0.828957 0.237753 0.01 0.01
0 0.835574 0.227165 0.01 0.01
0 0.776016 0.211871 0.01 0.01
0 0.742266 0.217753 0.01 0.01
0 0.758148 0.169518 0.01 0.01
0 0.689986 0.217753 0.01 0.01
0 0.664177 0.254224 0.01 0.01
0 0.826310 0.136577 0.01 0.01
0 0.831604 0.109518 0.01 0.01
0 0.848148 0.123636 0.01 0.01
0 0.813074 0.124812 0.01 0.01
0 0.811089 0.108342 0.01 0.01
0 0.805133 0.109518 0.01 0.01
0 0.789913 0.101283 0.01 0.01
0 0.781972 0.102459 0.01 0.01
0 0.780648 0.093047 0.01 0.01
0 0.774692 0.094224 0.01 0.01
0 0.740280 0.093047 0.01 0.01
0 0.725721 0.082459 0.01 0.01
0 0.718442 0.082459 0.01 0.01
0 0.713148 0.093047 0.01 0.01
0 0.703221 0.071871 0.01 0.01
0 0.678736 0.070694 0.01 0.01
0 0.677413 0.081283 0.01 0.01
0 0.681383 0.085989 0.01 0.01
0 0.691310 0.105989 0.01 0.01
0 0.694619 0.148342 0.01 0.01
0 0.623148 0.202459 0.01 0.01
0 0.617854 0.278930 0.01 0.01
0 0.618516 0.101283 0.01 0.01
0 0.609251 0.096577 0.01 0.01
0 0.602633 0.090694 0.01 0.01
0 0.557633 0.096577 0.01 0.01
0 0.534472 0.091871 0.01 0.01
0 0.521236 0.093047 0.01 0.01
0 0.490133 0.089518 0.01 0.01
0 0.476236 0.101283 0.01 0.01
0 0.490795 0.130694 0.01 0.01
0 0.526530 0.163636 0.01 0.01
0 0.549030 0.194224 0.01 0.01
0 0.564913 0.155400 0.01 0.01
0 0.504030 0.195400 0.01 0.01
0 0.451089 0.155400 0.01 0.01
0 0.433222 0.093047 0.01 0.01
0 0.412707 0.105989 0.01 0.01
0 0.387560 0.090694 0.01 0.01
0 0.366383 0.108342 0.01 0.01
0 0.431898 0.180106 0.01 0.01
0 0.437192 0.207165 0.01 0.01
0 0.466971 0.310694 0.01 0.01
0 0.495427 0.308342 0.01 0.01
0 0.541751 0.317753 0.01 0.01
0 0.560280 0.277753 0.01 0.01
0 0.527854 0.380106 0.01 0.01
0 0.528516 0.413047 0.01 0.01
0 0.537780 0.451871 0.01 0.01
0 0.568883 0.521283 0.01 0.01
0 0.562266 0.562459 0.01 0.01
0 0.578810 0.554224 0.01 0.01
0 0.572192 0.594224 0.01 0.01
0 0.547707 0.627165 0.01 0.01
0 0.533810 0.641283 0.01 0.01
0 0.543736 0.569518 0.01 0.01
0 0.512633 0.562459 0.01 0.01
0 0.505354 0.545989 0.01 0.01
0 0.492119 0.558930 0.01 0.01
0 0.488810 0.584812 0.01 0.01
0 0.511972 0.427165 0.01 0.01
0 0.486163 0.417753 0.01 0.01
0 0.502707 0.390694 0.01 0.01
0 0.484839 0.368341 0.01 0.01
0 0.441824 0.420106 0.01 0.01
0 0.405427 0.411871 0.01 0.01
0 0.433222 0.481283 0.01 0.01
0 0.434545 0.551871 0.01 0.01
0 0.469619 0.634224 0.01 0.01
0 0.455722 0.634224 0.01 0.01
0 0.505354 0.731871 0.01 0.01
0 0.504030 0.780106 0.01 0.01
0 0.492780 0.754224 0.01 0.01
0 0.480207 0.764812 0.01 0.01
0 0.480869 0.834224 0.01 0.01
0 0.497413 0.844812 0.01 0.01
0 0.439177 0.889518 0.01 0.01
0 0.402119 0.793047 0.01 0.01
0 0.414030 0.771871 0.01 0.01
0 0.419986 0.724812 0.01 0.01
0 0.419324 0.693047 0.01 0.01
0 0.431898 0.700106 0.01 0.01
0 0.370354 0.900106 0.01 0.01
0 0.353810 0.887165 0.01 0.01
0 0.349177 0.856577 0.01 0.01
0 0.313442 0.947165 0.01 0.01
0 0.291604 0.887165 0.01 0.01
0 0.283663 0.913047 0.01 0.01
0 0.279030 0.877753 0.01 0.01
0 0.274398 0.856577 0.01 0.01
0 0.255869 0.889518 0.01 0.01
0 0.243295 0.878930 0.01 0.01
0 0.183074 0.907165 0.01 0.01
0 0.241972 0.842459 0.01 0.01
0 0.209545 0.873047 0.01 0.01
0 0.187707 0.856577 0.01 0.01
0 0.187045 0.836577 0.01 0.01
0 0.191677 0.835400 0.01 0.01
0 0.202266 0.829518 0.01 0.01
0 0.212192 0.834224 0.01 0.01
0 0.220795 0.816577 0.01 0.01
0 0.218810 0.763636 0.01 0.01
0 0.230060 0.776577 0.01 0.01
0 0.241310 0.748342 0.01 0.01
0 0.234692 0.743636 0.01 0.01
0 0.186383 0.760106 0.01 0.01
0 0.174472 0.769518 0.01 0.01
0 0.183074 0.744812 0.01 0.01
0 0.185060 0.728342 0.01 0.01
0 0.184398 0.677753 0.01 0.01
0 0.189692 0.641283 0.01 0.01
0 0.183736 0.642459 0.01 0.01
0 0.180427 0.628341 0.01 0.01
0 0.184398 0.608342 0.01 0.01
0 0.180427 0.570694 0.01 0.01
0 0.143369 0.518930 0.01 0.01
0 0.155942 0.478930 0.01 0.01
0 0.184398 0.544812 0.01 0.01
0 0.185722 0.529518 0.01 0.01
0 0.190354 0.513047 0.01 0.01
0 0.230722 0.656577 0.01 0.01
0 0.247266 0.605989 0.01 0.01
0 0.263810 0.549518 0.01 0.01
0 0.298222 0.675400 0.01 0.01
0 0.338589 0.720106 0.01 0.01
0 0.325354 0.654224 0.01 0.01
0 0.314104 0.601283 0.01 0.01
0 0.324030 0.596577 0.01 0.01
0 0.368369 0.608342 0.01 0.01
0 0.396163 0.609518 0.01 0.01
0 0.387560 0.589518 0.01 0.01
0 0.300869 0.509518 0.01 0.01
0 0.332633 0.480106 0.01 0.01
0 0.294913 0.433047 0.01 0.01
0 0.235354 0.480106 0.01 0.01
0 0.187045 0.469518 0.01 0.01
0 0.191677 0.436577 0.01 0.01
0 0.191016 0.428342 0.01 0.01
0 0.186383 0.418930 0.01 0.01
0 0.191016 0.407165 0.01 0.01
0 0.163883 0.427165 0.01 0.01
0 0.181089 0.391871 0.01 0.01
0 0.213516 0.417753 0.01 0.01
0 0.278369 0.327165 0.01 0.01
0 0.254545 0.296577 0.01 0.01
0 0.291604 0.289518 0.01 0.01
0 0.296898 0.229518 0.01 0.01
0 0.212192 0.298930 0.01 0.01
0 0.185722 0.304812 0.01 0.01
0 0.185722 0.287165 0.01 0.01
0 0.187707 0.240106 0.01 0.01
0 0.183736 0.165989 0.01 0.01
0 0.179766 0.155400 0.01 0.01
0 0.190354 0.154224 0.01 0.01
0 0.164545 0.097753 0.01 0.01
0 0.209545 0.145989 0.01 0.01
0 0.220133 0.141283 0.01 0.01
0 0.203589 0.128342 0.01 0.01
0 0.194986 0.121283 0.01 0.01
0 0.206898 0.100106 0.01 0.01
0 0.197633 0.061283 0.01 0.01
0 0.200280 0.054224 0.01 0.01
0 0.229398 0.102459 0.01 0.01
0 0.243295 0.090694 0.01 0.01
0 0.233369 0.058930 0.01 0.01
0 0.259839 0.070694 0.01 0.01
0 0.283663 0.049518 0.01 0.01
0 0.275721 0.087165 0.01 0.01
0 0.268442 0.094224 0.01 0.01
0 0.285648 0.093047 0.01 0.01
0 0.279692 0.107165 0.01 0.01
0 0.262486 0.120106 0.01 0.01
0 0.254545 0.168342 0.01 0.01
0 0.299545 0.144812 0.01 0.01
0 0.298883 0.121283 0.01 0.01
0 0.331971 0.156577 0.01 0.01
0 0.314766 0.090694 0.01 0.01
0 0.324030 0.093047 0.01 0.01
0 0.334619 0.110694 0.01 0.01
0 0.345207 0.128342 0.01 0.01
0 0.354472 0.137753 0.01 0.01
0 0.357780 0.155400 0.01 0.01
0 0.359104 0.180106 0.01 0.01
0 0.357780 0.223636 0.01 0.01
