0 0.740625 0.086111 0.01 0.01
0 0.784375 0.066667 0.01 0.01
0 0.791406 0.068056 0.01 0.01
0 0.817187 0.073611 0.01 0.01
0 0.825000 0.059722 0.01 0.01
0 0.840625 0.120833 0.01 0.01
0 0.821875 0.154167 0.01 0.01
0 0.813281 0.277778 0.01 0.01
0 0.841406 0.325000 0.01 0.01
0 0.869531 0.251389 0.01 0.01
0 0.880469 0.195833 0.01 0.01
0 0.870313 0.168056 0.01 0.01
0 0.869531 0.143056 0.01 0.01
0 0.840625 0.087500 0.01 0.01
0 0.864844 0.387500 0.01 0.01
0 0.864062 0.469444 0.01 0.01
0 0.823438 0.506944 0.01 0.01
0 0.776563 0.476389 0.01 0.01
0 0.646875 0.397222 0.01 0.01
0 0.579687 0.387500 0.01 0.01
0 0.608594 0.336111 0.01 0.01
0 0.646094 0.283333 0.01 0.01
0 0.605469 0.213889 0.01 0.01
0 0.590625 0.236111 0.01 0.01
0 0.576563 0.230556 0.01 0.01
0 0.631250 0.091667 0.01 0.01
0 0.582812 0.075000 0.01 0.01
0 0.532812 0.068056 0.01 0.01
0 0.501562 0.063889 0.01 0.01
0 0.405469 0.100000 0.01 0.01
0 0.406250 0.061111 0.01 0.01
0 0.393750 0.070833 0.01 0.01
0 0.295312 0.050000 0.01 0.01
0 0.285156 0.059722 0.01 0.01
0 0.262500 0.008333 0.01 0.01
0 0.225781 0.105556 0.01 0.01
0 0.221875 0.115278 0.01 0.01
0 0.216406 0.143056 0.01 0.01
0 0.367969 0.201389 0.01 0.01
0 0.487500 0.195833 0.01 0.01
0 0.508594 0.231944 0.01 0.01
0 0.494531 0.241667 0.01 0.01
0 0.521094 0.276389 0.01 0.01
0 0.489844 0.304167 0.01 0.01
0 0.300781 0.372222 0.01 0.01
0 0.210938 0.491667 0.01 0.01
0 0.376563 0.443056 0.01 0.01
0 0.449219 0.563889 0.01 0.01
0 0.550781 0.534722 0.01 0.01
0 0.570312 0.463889 0.01 0.01
0 0.602344 0.580556 0.01 0.01
0 0.625781 0.593056 0.01 0.01
0 0.734375 0.623611 0.01 0.01
0 0.742188 0.640278 0.01 0.01
0 0.864062 0.575000 0.01 0.01
0 0.846875 0.679167 0.01 0.01
0 0.876562 0.745833 0.01 0.01
0 0.883594 0.734722 0.01 0.01
0 0.860156 0.784722 0.01 0.01
0 0.821094 0.868056 0.01 0.01
0 0.798437 0.894444 0.01 0.01
0 0.821094 0.934722 0.01 0.01
0 0.757812 0.745833 0.01 0.01
0 0.759375 0.783333 0.01 0.01
0 0.722656 0.733333 0.01 0.01
0 0.717188 0.840278 0.01 0.01
0 0.710938 0.852778 0.01 0.01
0 0.739062 0.876389 0.01 0.01
0 0.669531 0.876389 0.01 0.01
0 0.656250 0.865278 0.01 0.01
0 0.647656 0.841667 0.01 0.01
0 0.657031 0.713889 0.01 0.01
0 0.625781 0.754167 0.01 0.01
0 0.612500 0.693056 0.01 0.01
0 0.626562 0.691667 0.01 0.01
0 0.634375 0.661111 0.01 0.01
0 0.618750 0.644444 0.01 0.01
0 0.583594 0.630556 0.01 0.01
0 0.490625 0.647222 0.01 0.01
0 0.549219 0.822222 0.01 0.01
0 0.521094 0.825000 0.01 0.01
0 0.517187 0.859722 0.01 0.01
0 0.516406 0.851389 0.01 0.01
0 0.513281 0.848611 0.01 0.01
0 0.480469 0.861111 0.01 0.01
0 0.443750 0.862500 0.01 0.01
0 0.539062 0.644444 0.01 0.01
0 0.458594 0.534722 0.01 0.01
0 0.402344 0.658333 0.01 0.01
0 0.366406 0.697222 0.01 0.01
0 0.346094 0.668056 0.01 0.01
0 0.389844 0.823611 0.01 0.01
0 0.375000 0.783333 0.01 0.01
0 0.360938 0.856944 0.01 0.01
0 0.357812 0.790278 0.01 0.01
0 0.339063 0.823611 0.01 0.01
0 0.292969 0.844444 0.01 0.01
0 0.323438 0.756944 0.01 0.01
0 0.273438 0.843056 0.01 0.01
0 0.267969 0.850000 0.01 0.01
0 0.259375 0.848611 0.01 0.01
0 0.247656 0.826389 0.01 0.01
0 0.212500 0.777778 0.01 0.01
0 0.207813 0.762500 0.01 0.01
0 0.207813 0.747222 0.01 0.01
0 0.293750 0.723611 0.01 0.01
0 0.265625 0.700000 0.01 0.01
0 0.242969 0.648611 0.01 0.01
0 0.209375 0.666667 0.01 0.01
0 0.203125 0.704167 0.01 0.01
0 0.196094 0.744444 0.01 0.01
0 0.287500 0.531944 0.01 0.01
0 0.477344 0.588889 0.01 0.01
0 0.306250 0.122222 0.01 0.01
