0 0.864062 0.301389 0.01 0.01
0 0.841406 0.390278 0.01 0.01
0 0.767969 0.197222 0.01 0.01
0 0.787500 0.055556 0.01 0.01
0 0.678906 0.350000 0.01 0.01
0 0.668750 0.450000 0.01 0.01
0 0.617188 0.348611 0.01 0.01
0 0.645312 0.254167 0.01 0.01
0 0.532031 0.463889 0.01 0.01
0 0.474219 0.037500 0.01 0.01
0 0.267969 0.236111 0.01 0.01
0 0.292969 0.231944 0.01 0.01
0 0.372656 0.461111 0.01 0.01
0 0.393750 0.523611 0.01 0.01
0 0.228125 0.616667 0.01 0.01
0 0.478125 0.679167 0.01 0.01
0 0.442969 0.812500 0.01 0.01
0 0.546875 0.805556 0.01 0.01
0 0.435937 0.763889 0.01 0.01
0 0.614844 0.848611 0.01 0.01
0 0.709375 0.602778 0.01 0.01
0 0.863281 0.588889 0.01 0.01
0 0.871094 0.784722 0.01 0.01
0 0.862500 0.856944 0.01 0.01
0 0.803125 0.931944 0.01 0.01
0 0.705469 0.847222 0.01 0.01
0 0.446875 0.943056 0.01 0.01
