0 0.407813 0.059722 0.01 0.01
0 0.392969 0.068056 0.01 0.01
0 0.405469 0.100000 0.01 0.01
0 0.368750 0.201389 0.01 0.01
0 0.295312 0.054167 0.01 0.01
0 0.287500 0.061111 0.01 0.01
0 0.264062 0.009722 0.01 0.01
0 0.225000 0.108333 0.01 0.01
0 0.219531 0.116667 0.01 0.01
0 0.217187 0.143056 0.01 0.01
0 0.300781 0.370833 0.01 0.01
0 0.210938 0.490278 0.01 0.01
0 0.378906 0.445833 0.01 0.01
0 0.449219 0.563889 0.01 0.01
0 0.459375 0.534722 0.01 0.01
0 0.550000 0.534722 0.01 0.01
0 0.571875 0.465278 0.01 0.01
0 0.580469 0.387500 0.01 0.01
0 0.489844 0.304167 0.01 0.01
0 0.521875 0.276389 0.01 0.01
0 0.509375 0.233333 0.01 0.01
0 0.496094 0.240278 0.01 0.01
0 0.485156 0.197222 0.01 0.01
0 0.500000 0.066667 0.01 0.01
0 0.532031 0.066667 0.01 0.01
0 0.581250 0.070833 0.01 0.01
0 0.632031 0.091667 0.01 0.01
0 0.605469 0.211111 0.01 0.01
0 0.590625 0.236111 0.01 0.01
0 0.576563 0.230556 0.01 0.01
0 0.608594 0.331944 0.01 0.01
0 0.614062 0.336111 0.01 0.01
0 0.642969 0.286111 0.01 0.01
0 0.647656 0.393056 0.01 0.01
0 0.742188 0.086111 0.01 0.01
0 0.786719 0.066667 0.01 0.01
0 0.791406 0.068056 0.01 0.01
0 0.817187 0.073611 0.01 0.01
0 0.824219 0.059722 0.01 0.01
0 0.840625 0.080556 0.01 0.01
0 0.841406 0.120833 0.01 0.01
0 0.821094 0.154167 0.01 0.01
0 0.869531 0.145833 0.01 0.01
0 0.868750 0.168056 0.01 0.01
0 0.880469 0.193056 0.01 0.01
0 0.869531 0.250000 0.01 0.01
0 0.842188 0.325000 0.01 0.01
0 0.814062 0.280556 0.01 0.01
0 0.863281 0.388889 0.01 0.01
0 0.863281 0.470833 0.01 0.01
0 0.823438 0.504167 0.01 0.01
0 0.776563 0.476389 0.01 0.01
0 0.861719 0.573611 0.01 0.01
0 0.845312 0.675000 0.01 0.01
0 0.885156 0.734722 0.01 0.01
0 0.877344 0.744444 0.01 0.01
0 0.860156 0.784722 0.01 0.01
0 0.821094 0.866667 0.01 0.01
0 0.797656 0.895833 0.01 0.01
0 0.821094 0.940278 0.01 0.01
0 0.739062 0.880556 0.01 0.01
0 0.738281 0.872222 0.01 0.01
0 0.710938 0.855556 0.01 0.01
0 0.718750 0.837500 0.01 0.01
0 0.758594 0.781944 0.01 0.01
0 0.756250 0.747222 0.01 0.01
0 0.721094 0.731944 0.01 0.01
0 0.742188 0.636111 0.01 0.01
0 0.735937 0.623611 0.01 0.01
0 0.625000 0.594444 0.01 0.01
0 0.600781 0.576389 0.01 0.01
0 0.582031 0.625000 0.01 0.01
0 0.617188 0.645833 0.01 0.01
0 0.632812 0.659722 0.01 0.01
0 0.625000 0.693056 0.01 0.01
0 0.612500 0.690278 0.01 0.01
0 0.626562 0.754167 0.01 0.01
0 0.657812 0.718056 0.01 0.01
0 0.649219 0.841667 0.01 0.01
0 0.653906 0.865278 0.01 0.01
0 0.668750 0.873611 0.01 0.01
0 0.550000 0.822222 0.01 0.01
0 0.530469 0.787500 0.01 0.01
0 0.521094 0.825000 0.01 0.01
0 0.517187 0.859722 0.01 0.01
0 0.516406 0.851389 0.01 0.01
0 0.513281 0.847222 0.01 0.01
0 0.482031 0.859722 0.01 0.01
0 0.443750 0.865278 0.01 0.01
0 0.490625 0.647222 0.01 0.01
0 0.403906 0.655556 0.01 0.01
0 0.368750 0.694444 0.01 0.01
0 0.347656 0.669444 0.01 0.01
0 0.377344 0.780556 0.01 0.01
0 0.389844 0.823611 0.01 0.01
0 0.359375 0.855556 0.01 0.01
0 0.339063 0.825000 0.01 0.01
0 0.358594 0.790278 0.01 0.01
0 0.323438 0.752778 0.01 0.01
0 0.292188 0.847222 0.01 0.01
0 0.271875 0.843056 0.01 0.01
0 0.268750 0.851389 0.01 0.01
0 0.259375 0.848611 0.01 0.01
0 0.248437 0.826389 0.01 0.01
0 0.210938 0.779167 0.01 0.01
0 0.207813 0.761111 0.01 0.01
0 0.207813 0.745833 0.01 0.01
0 0.196875 0.745833 0.01 0.01
0 0.202344 0.705556 0.01 0.01
0 0.208594 0.666667 0.01 0.01
0 0.242188 0.650000 0.01 0.01
0 0.266406 0.697222 0.01 0.01
0 0.291406 0.723611 0.01 0.01
0 0.284375 0.526389 0.01 0.01
