0 0.844177 0.322459 0.01 0.01
0 0.850133 0.308342 0.01 0.01
0 0.884545 0.376577 0.01 0.01
0 0.883883 0.415400 0.01 0.01
0 0.842192 0.549518 0.01 0.01
0 0.835574 0.569518 0.01 0.01
0 0.859398 0.664812 0.01 0.01
0 0.886530 0.653047 0.01 0.01
0 0.851457 0.716577 0.01 0.01
0 0.850133 0.757753 0.01 0.01
0 0.850795 0.698930 0.01 0.01
0 0.850133 0.815400 0.01 0.01
0 0.848148 0.830694 0.01 0.01
0 0.852119 0.843636 0.01 0.01
0 0.869325 0.809518 0.01 0.01
0 0.843516 0.849518 0.01 0.01
0 0.838883 0.855400 0.01 0.01
0 0.868663 0.914224 0.01 0.01
0 0.838222 0.929518 0.01 0.01
0 0.824986 0.883636 0.01 0.01
0 0.801824 0.878930 0.01 0.01
0 0.799177 0.891871 0.01 0.01
0 0.789913 0.881283 0.01 0.01
0 0.796530 0.783636 0.01 0.01
0 0.748883 0.881283 0.01 0.01
0 0.748222 0.823636 0.01 0.01
0 0.716457 0.890694 0.01 0.01
0 0.681383 0.883636 0.01 0.01
0 0.675427 0.887165 0.01 0.01
0 0.650280 0.896577 0.01 0.01
0 0.611236 0.931871 0.01 0.01
0 0.598663 0.885989 0.01 0.01
0 0.606604 0.896577 0.01 0.01
0 0.610574 0.856577 0.01 0.01
0 0.681383 0.842459 0.01 0.01
0 0.746898 0.742459 0.01 0.01
0 0.723736 0.722459 0.01 0.01
0 0.723736 0.667165 0.01 0.01
0 0.764766 0.664812 0.01 0.01
0 0.787266 0.614224 0.01 0.01
0 0.747560 0.555400 0.01 0.01
0 0.789913 0.525989 0.01 0.01
0 0.846163 0.244812 0.01 0.01
0 0.852119 0.225989 0.01 0.01
0 0.848148 0.217753 0.01 0.01
0 0.850133 0.207165 0.01 0.01
0 0.861383 0.155400 0.01 0.01
0 0.857413 0.113047 0.01 0.01
0 0.837560 0.138930 0.01 0.01
0 0.834251 0.113047 0.01 0.01
0 0.830942 0.129518 0.01 0.01
0 0.822339 0.120106 0.01 0.01
0 0.813074 0.102459 0.01 0.01
0 0.797854 0.098930 0.01 0.01
0 0.789913 0.093047 0.01 0.01
0 0.791236 0.113047 0.01 0.01
0 0.776016 0.088342 0.01 0.01
0 0.767413 0.169518 0.01 0.01
0 0.785942 0.227165 0.01 0.01
0 0.754839 0.227165 0.01 0.01
0 0.796530 0.225989 0.01 0.01
0 0.701898 0.197753 0.01 0.01
0 0.699251 0.157753 0.01 0.01
0 0.705869 0.144812 0.01 0.01
0 0.733663 0.137753 0.01 0.01
0 0.737633 0.088342 0.01 0.01
0 0.743589 0.085989 0.01 0.01
0 0.747560 0.071871 0.01 0.01
0 0.715133 0.083636 0.01 0.01
0 0.709177 0.068342 0.01 0.01
0 0.703883 0.081283 0.01 0.01
0 0.670795 0.085989 0.01 0.01
0 0.659545 0.129518 0.01 0.01
0 0.658222 0.218930 0.01 0.01
0 0.639692 0.091871 0.01 0.01
0 0.631751 0.103636 0.01 0.01
0 0.628442 0.091871 0.01 0.01
0 0.607927 0.249518 0.01 0.01
0 0.631089 0.278930 0.01 0.01
0 0.574839 0.169518 0.01 0.01
0 0.545060 0.164812 0.01 0.01
0 0.558295 0.097753 0.01 0.01
0 0.563589 0.094224 0.01 0.01
0 0.570207 0.094224 0.01 0.01
0 0.531824 0.093047 0.01 0.01
0 0.521236 0.098930 0.01 0.01
0 0.530501 0.061283 0.01 0.01
0 0.513957 0.068342 0.01 0.01
0 0.502707 0.083636 0.01 0.01
0 0.493442 0.091871 0.01 0.01
0 0.474913 0.100106 0.01 0.01
0 0.425942 0.100106 0.01 0.01
0 0.427266 0.087165 0.01 0.01
0 0.380942 0.102459 0.01 0.01
0 0.482192 0.177753 0.01 0.01
0 0.503369 0.134224 0.01 0.01
0 0.515942 0.196577 0.01 0.01
0 0.560942 0.318930 0.01 0.01
0 0.511972 0.307165 0.01 0.01
0 0.486163 0.341283 0.01 0.01
0 0.452413 0.323636 0.01 0.01
0 0.442486 0.333047 0.01 0.01
0 0.379619 0.217753 0.01 0.01
0 0.365722 0.140106 0.01 0.01
0 0.357780 0.147165 0.01 0.01
0 0.345869 0.160106 0.01 0.01
0 0.348516 0.131871 0.01 0.01
0 0.349177 0.117753 0.01 0.01
0 0.351163 0.103636 0.01 0.01
0 0.337266 0.091871 0.01 0.01
0 0.336604 0.103636 0.01 0.01
0 0.320722 0.088342 0.01 0.01
0 0.306163 0.103636 0.01 0.01
0 0.301530 0.114224 0.01 0.01
0 0.297560 0.098930 0.01 0.01
0 0.275721 0.101283 0.01 0.01
0 0.274398 0.093047 0.01 0.01
0 0.268442 0.058930 0.01 0.01
0 0.252560 0.094224 0.01 0.01
0 0.243295 0.105989 0.01 0.01
0 0.218148 0.070694 0.01 0.01
0 0.214177 0.060106 0.01 0.01
0 0.196310 0.073047 0.01 0.01
0 0.198295 0.093047 0.01 0.01
0 0.234030 0.060106 0.01 0.01
0 0.230060 0.113047 0.01 0.01
0 0.228736 0.149518 0.01 0.01
0 0.213516 0.138930 0.01 0.01
0 0.210207 0.145989 0.01 0.01
0 0.204251 0.156577 0.01 0.01
0 0.202927 0.173047 0.01 0.01
0 0.229398 0.180106 0.01 0.01
0 0.269766 0.176577 0.01 0.01
0 0.255869 0.150694 0.01 0.01
0 0.570207 0.431871 0.01 0.01
0 0.570207 0.400106 0.01 0.01
0 0.547707 0.380106 0.01 0.01
0 0.553001 0.357753 0.01 0.01
0 0.506677 0.370694 0.01 0.01
0 0.490133 0.422459 0.01 0.01
0 0.529177 0.437753 0.01 0.01
0 0.457045 0.408342 0.01 0.01
0 0.449104 0.467165 0.01 0.01
0 0.405427 0.455400 0.01 0.01
0 0.307486 0.302459 0.01 0.01
0 0.220133 0.256577 0.01 0.01
0 0.206898 0.311871 0.01 0.01
0 0.200942 0.302459 0.01 0.01
0 0.195648 0.322459 0.01 0.01
0 0.191016 0.311871 0.01 0.01
0 0.184398 0.291871 0.01 0.01
0 0.221457 0.311871 0.01 0.01
0 0.202266 0.374224 0.01 0.01
0 0.204251 0.417753 0.01 0.01
0 0.207560 0.443636 0.01 0.01
0 0.202266 0.467165 0.01 0.01
0 0.245942 0.430694 0.01 0.01
0 0.257854 0.371871 0.01 0.01
0 0.234030 0.360106 0.01 0.01
0 0.251898 0.473047 0.01 0.01
0 0.231383 0.528342 0.01 0.01
0 0.220133 0.524812 0.01 0.01
0 0.202266 0.507165 0.01 0.01
0 0.199619 0.534224 0.01 0.01
0 0.209545 0.563636 0.01 0.01
0 0.200280 0.575400 0.01 0.01
0 0.202266 0.590694 0.01 0.01
0 0.222119 0.591871 0.01 0.01
0 0.218810 0.576577 0.01 0.01
0 0.174472 0.598930 0.01 0.01
0 0.160574 0.609518 0.01 0.01
0 0.206898 0.664812 0.01 0.01
0 0.206898 0.681283 0.01 0.01
0 0.202927 0.695400 0.01 0.01
0 0.202927 0.711871 0.01 0.01
0 0.237339 0.681283 0.01 0.01
0 0.265133 0.608342 0.01 0.01
0 0.283663 0.665989 0.01 0.01
0 0.266457 0.737753 0.01 0.01
0 0.269766 0.753047 0.01 0.01
0 0.262486 0.751871 0.01 0.01
0 0.257854 0.797753 0.01 0.01
0 0.241972 0.767165 0.01 0.01
0 0.219471 0.743636 0.01 0.01
0 0.204251 0.771871 0.01 0.01
0 0.201604 0.808341 0.01 0.01
0 0.213516 0.813047 0.01 0.01
0 0.210869 0.837753 0.01 0.01
0 0.214177 0.854224 0.01 0.01
0 0.218810 0.856577 0.01 0.01
0 0.183074 0.896577 0.01 0.01
0 0.227413 0.875400 0.01 0.01
0 0.233369 0.822459 0.01 0.01
0 0.241310 0.816577 0.01 0.01
0 0.259177 0.831871 0.01 0.01
0 0.271089 0.888342 0.01 0.01
0 0.255869 0.909518 0.01 0.01
0 0.283663 0.945989 0.01 0.01
0 0.286972 0.896577 0.01 0.01
0 0.294913 0.884812 0.01 0.01
0 0.292266 0.856577 0.01 0.01
0 0.306163 0.877753 0.01 0.01
0 0.329986 0.896577 0.01 0.01
0 0.328001 0.704812 0.01 0.01
0 0.317413 0.665989 0.01 0.01
0 0.345207 0.662459 0.01 0.01
0 0.331310 0.601283 0.01 0.01
0 0.341236 0.584812 0.01 0.01
0 0.334619 0.511871 0.01 0.01
0 0.322045 0.502459 0.01 0.01
0 0.331971 0.477753 0.01 0.01
0 0.408074 0.548342 0.01 0.01
0 0.404104 0.595400 0.01 0.01
0 0.414030 0.610694 0.01 0.01
0 0.392854 0.737753 0.01 0.01
0 0.398148 0.787165 0.01 0.01
0 0.424619 0.823636 0.01 0.01
0 0.444472 0.893047 0.01 0.01
0 0.453736 0.888342 0.01 0.01
0 0.481530 0.858930 0.01 0.01
0 0.498736 0.821283 0.01 0.01
0 0.509986 0.835400 0.01 0.01
0 0.524545 0.816577 0.01 0.01
0 0.570207 0.796577 0.01 0.01
0 0.534472 0.733047 0.01 0.01
0 0.489472 0.711871 0.01 0.01
0 0.477560 0.654224 0.01 0.01
0 0.470942 0.637753 0.01 0.01
0 0.494766 0.634224 0.01 0.01
0 0.525869 0.634224 0.01 0.01
0 0.521898 0.680106 0.01 0.01
0 0.508663 0.587165 0.01 0.01
0 0.508663 0.558930 0.01 0.01
0 0.522560 0.555400 0.01 0.01
0 0.524545 0.541283 0.01 0.01
0 0.556971 0.510694 0.01 0.01
0 0.581457 0.549518 0.01 0.01
0 0.596016 0.645989 0.01 0.01
0 0.584766 0.682459 0.01 0.01
0 0.596016 0.722459 0.01 0.01
0 0.648957 0.631871 0.01 0.01
0 0.662854 0.584812 0.01 0.01
0 0.628442 0.553047 0.01 0.01
0 0.621163 0.517753 0.01 0.01
0 0.640354 0.437753 0.01 0.01
0 0.652266 0.434224 0.01 0.01
0 0.686016 0.433047 0.01 0.01
0 0.693957 0.434224 0.01 0.01
0 0.685354 0.415400 0.01 0.01
0 0.703221 0.360106 0.01 0.01
0 0.676089 0.513047 0.01 0.01
