0 0.684375 0.119444 0.01 0.01
0 0.676562 0.125000 0.01 0.01
0 0.639063 0.102778 0.01 0.01
0 0.641406 0.086111 0.01 0.01
0 0.630469 0.080556 0.01 0.01
0 0.628906 0.040278 0.01 0.01
0 0.636719 0.050000 0.01 0.01
0 0.610156 0.054167 0.01 0.01
0 0.669531 0.050000 0.01 0.01
0 0.690625 0.055556 0.01 0.01
0 0.696875 0.055556 0.01 0.01
0 0.705469 0.068056 0.01 0.01
0 0.710938 0.056944 0.01 0.01
0 0.708594 0.050000 0.01 0.01
0 0.725000 0.051389 0.01 0.01
0 0.739844 0.056944 0.01 0.01
0 0.747656 0.054167 0.01 0.01
0 0.758594 0.054167 0.01 0.01
0 0.760938 0.056944 0.01 0.01
0 0.767969 0.077778 0.01 0.01
0 0.788281 0.063889 0.01 0.01
0 0.800000 0.050000 0.01 0.01
0 0.801562 0.079167 0.01 0.01
0 0.804688 0.093056 0.01 0.01
0 0.807031 0.100000 0.01 0.01
0 0.810156 0.104167 0.01 0.01
0 0.811719 0.127778 0.01 0.01
0 0.818750 0.144444 0.01 0.01
0 0.817969 0.159722 0.01 0.01
0 0.800781 0.173611 0.01 0.01
0 0.813281 0.200000 0.01 0.01
0 0.760938 0.225000 0.01 0.01
0 0.754687 0.129167 0.01 0.01
0 0.709375 0.240278 0.01 0.01
0 0.808594 0.279167 0.01 0.01
0 0.819531 0.330556 0.01 0.01
0 0.750781 0.404167 0.01 0.01
0 0.826563 0.454167 0.01 0.01
0 0.841406 0.456944 0.01 0.01
0 0.816406 0.511111 0.01 0.01
0 0.815625 0.529167 0.01 0.01
0 0.811719 0.558333 0.01 0.01
0 0.805469 0.502778 0.01 0.01
0 0.793750 0.493056 0.01 0.01
0 0.846875 0.609722 0.01 0.01
0 0.846875 0.669444 0.01 0.01
0 0.821875 0.668056 0.01 0.01
0 0.817969 0.711111 0.01 0.01
0 0.815625 0.740278 0.01 0.01
0 0.824219 0.737500 0.01 0.01
0 0.822656 0.770833 0.01 0.01
0 0.817187 0.770833 0.01 0.01
0 0.833594 0.812500 0.01 0.01
0 0.823438 0.843056 0.01 0.01
0 0.796094 0.827778 0.01 0.01
0 0.798437 0.819444 0.01 0.01
0 0.801562 0.788889 0.01 0.01
0 0.763281 0.831944 0.01 0.01
0 0.749219 0.838889 0.01 0.01
0 0.713281 0.800000 0.01 0.01
0 0.715625 0.838889 0.01 0.01
0 0.692969 0.836111 0.01 0.01
0 0.675781 0.840278 0.01 0.01
0 0.667188 0.873611 0.01 0.01
0 0.749219 0.706944 0.01 0.01
0 0.751562 0.690278 0.01 0.01
0 0.687500 0.673611 0.01 0.01
0 0.717188 0.600000 0.01 0.01
0 0.687500 0.494444 0.01 0.01
0 0.662500 0.487500 0.01 0.01
0 0.646094 0.479167 0.01 0.01
0 0.639063 0.458333 0.01 0.01
0 0.596094 0.448611 0.01 0.01
0 0.621875 0.386111 0.01 0.01
0 0.647656 0.369444 0.01 0.01
0 0.656250 0.386111 0.01 0.01
0 0.666406 0.308333 0.01 0.01
0 0.564062 0.337500 0.01 0.01
0 0.570312 0.304167 0.01 0.01
0 0.582031 0.229167 0.01 0.01
0 0.576563 0.137500 0.01 0.01
0 0.598437 0.120833 0.01 0.01
0 0.568750 0.086111 0.01 0.01
0 0.575781 0.062500 0.01 0.01
0 0.521875 0.072222 0.01 0.01
0 0.500781 0.047222 0.01 0.01
0 0.492969 0.062500 0.01 0.01
0 0.471875 0.068056 0.01 0.01
0 0.471094 0.038889 0.01 0.01
0 0.442969 0.050000 0.01 0.01
0 0.435156 0.058333 0.01 0.01
0 0.442969 0.081944 0.01 0.01
0 0.420312 0.038889 0.01 0.01
0 0.401563 0.051389 0.01 0.01
0 0.390625 0.056944 0.01 0.01
0 0.357812 0.051389 0.01 0.01
0 0.354688 0.051389 0.01 0.01
0 0.610937 0.819444 0.01 0.01
0 0.575781 0.833333 0.01 0.01
0 0.548437 0.780556 0.01 0.01
0 0.572656 0.743056 0.01 0.01
0 0.630469 0.743056 0.01 0.01
0 0.614062 0.701389 0.01 0.01
0 0.607813 0.644444 0.01 0.01
0 0.564844 0.673611 0.01 0.01
0 0.552344 0.730556 0.01 0.01
0 0.556250 0.643056 0.01 0.01
0 0.567969 0.594444 0.01 0.01
0 0.534375 0.501389 0.01 0.01
0 0.551562 0.412500 0.01 0.01
0 0.508594 0.311111 0.01 0.01
0 0.512500 0.263889 0.01 0.01
0 0.494531 0.245833 0.01 0.01
0 0.514063 0.231944 0.01 0.01
0 0.543074 0.867165 0.01 0.01
0 0.504030 0.858930 0.01 0.01
0 0.482854 0.830694 0.01 0.01
0 0.492119 0.803636 0.01 0.01
0 0.460354 0.829518 0.01 0.01
0 0.450427 0.828341 0.01 0.01
0 0.440501 0.836577 0.01 0.01
0 0.439839 0.768341 0.01 0.01
0 0.450427 0.754224 0.01 0.01
0 0.454398 0.695400 0.01 0.01
0 0.449104 0.661283 0.01 0.01
0 0.476236 0.677753 0.01 0.01
0 0.487486 0.643636 0.01 0.01
0 0.504030 0.604812 0.01 0.01
0 0.456383 0.581283 0.01 0.01
0 0.481530 0.533047 0.01 0.01
0 0.477560 0.497753 0.01 0.01
0 0.459030 0.378930 0.01 0.01
0 0.449766 0.355400 0.01 0.01
0 0.461016 0.262459 0.01 0.01
0 0.545722 0.153047 0.01 0.01
0 0.525207 0.163636 0.01 0.01
0 0.484177 0.162459 0.01 0.01
0 0.468957 0.131871 0.01 0.01
0 0.424619 0.267165 0.01 0.01
0 0.382927 0.197753 0.01 0.01
0 0.322045 0.177753 0.01 0.01
0 0.318074 0.071871 0.01 0.01
0 0.326677 0.049518 0.01 0.01
0 0.270427 0.063636 0.01 0.01
0 0.246604 0.076577 0.01 0.01
0 0.256530 0.061283 0.01 0.01
0 0.246604 0.051871 0.01 0.01
0 0.238663 0.063636 0.01 0.01
0 0.231383 0.060106 0.01 0.01
0 0.233369 0.050694 0.01 0.01
0 0.226751 0.045989 0.01 0.01
0 0.208883 0.063636 0.01 0.01
0 0.209545 0.073047 0.01 0.01
0 0.190354 0.073047 0.01 0.01
0 0.187045 0.096577 0.01 0.01
0 0.179766 0.102459 0.01 0.01
0 0.175795 0.115400 0.01 0.01
0 0.184398 0.057753 0.01 0.01
0 0.168516 0.067165 0.01 0.01
0 0.149986 0.069518 0.01 0.01
0 0.149986 0.083636 0.01 0.01
0 0.140060 0.082459 0.01 0.01
0 0.185722 0.130694 0.01 0.01
0 0.191677 0.140106 0.01 0.01
0 0.191677 0.133047 0.01 0.01
0 0.208222 0.138930 0.01 0.01
0 0.213516 0.108342 0.01 0.01
0 0.200942 0.120106 0.01 0.01
0 0.178442 0.231871 0.01 0.01
0 0.181089 0.253047 0.01 0.01
0 0.177119 0.264812 0.01 0.01
0 0.181089 0.280106 0.01 0.01
0 0.177780 0.281283 0.01 0.01
0 0.165869 0.275400 0.01 0.01
0 0.198957 0.255400 0.01 0.01
0 0.233369 0.240106 0.01 0.01
0 0.260501 0.302459 0.01 0.01
0 0.310795 0.337753 0.01 0.01
0 0.291604 0.240106 0.01 0.01
0 0.379619 0.373047 0.01 0.01
0 0.419324 0.423636 0.01 0.01
0 0.423295 0.541283 0.01 0.01
0 0.418663 0.524812 0.01 0.01
0 0.414030 0.570694 0.01 0.01
0 0.393516 0.509518 0.01 0.01
0 0.386898 0.463636 0.01 0.01
0 0.239986 0.363636 0.01 0.01
0 0.263810 0.401283 0.01 0.01
0 0.225427 0.410694 0.01 0.01
0 0.193001 0.327165 0.01 0.01
0 0.167854 0.313047 0.01 0.01
0 0.181089 0.383636 0.01 0.01
0 0.164545 0.407165 0.01 0.01
0 0.132119 0.417753 0.01 0.01
0 0.183074 0.469518 0.01 0.01
0 0.182413 0.498930 0.01 0.01
0 0.175795 0.524812 0.01 0.01
0 0.164545 0.555400 0.01 0.01
0 0.187045 0.564812 0.01 0.01
0 0.194986 0.581283 0.01 0.01
0 0.242633 0.483636 0.01 0.01
0 0.235354 0.555400 0.01 0.01
0 0.306824 0.529518 0.01 0.01
0 0.367045 0.558930 0.01 0.01
0 0.337266 0.598930 0.01 0.01
0 0.275060 0.609518 0.01 0.01
0 0.265795 0.584812 0.01 0.01
0 0.285648 0.633047 0.01 0.01
0 0.273736 0.651871 0.01 0.01
0 0.323369 0.687165 0.01 0.01
0 0.402119 0.653047 0.01 0.01
0 0.382927 0.813047 0.01 0.01
0 0.354472 0.800106 0.01 0.01
0 0.323369 0.791871 0.01 0.01
0 0.277045 0.828341 0.01 0.01
0 0.273736 0.844812 0.01 0.01
0 0.272413 0.827165 0.01 0.01
0 0.268442 0.827165 0.01 0.01
0 0.245280 0.824812 0.01 0.01
0 0.212192 0.854224 0.01 0.01
0 0.164545 0.849518 0.01 0.01
0 0.151310 0.878930 0.01 0.01
0 0.128148 0.687165 0.01 0.01
0 0.179766 0.630694 0.01 0.01
0 0.178442 0.649518 0.01 0.01
0 0.181089 0.661283 0.01 0.01
0 0.159913 0.733047 0.01 0.01
0 0.182413 0.714224 0.01 0.01
0 0.191016 0.700106 0.01 0.01
0 0.174472 0.741283 0.01 0.01
0 0.177119 0.754224 0.01 0.01
0 0.171163 0.771871 0.01 0.01
0 0.184398 0.790694 0.01 0.01
0 0.177780 0.787165 0.01 0.01
0 0.192339 0.796577 0.01 0.01
0 0.196310 0.815400 0.01 0.01
0 0.186383 0.834224 0.01 0.01
0 0.210869 0.813047 0.01 0.01
0 0.213516 0.769518 0.01 0.01
0 0.230060 0.751871 0.01 0.01
0 0.242633 0.742459 0.01 0.01
0 0.257192 0.698930 0.01 0.01
0 0.239324 0.695400 0.01 0.01
0 0.229398 0.701283 0.01 0.01
