0 0.136719 0.062500 0.01 0.01
0 0.300000 0.175000 0.01 0.01
0 0.414062 0.329167 0.01 0.01
0 0.478125 0.326389 0.01 0.01
0 0.621094 0.565278 0.01 0.01
0 0.357812 0.547222 0.01 0.01
0 0.444531 0.655556 0.01 0.01
0 0.480469 0.719444 0.01 0.01
0 0.511719 0.801389 0.01 0.01
0 0.380469 0.722222 0.01 0.01
0 0.232812 0.725000 0.01 0.01
0 0.260938 0.886111 0.01 0.01
0 0.561719 0.890278 0.01 0.01
0 0.580469 0.930556 0.01 0.01
0 0.853125 0.859722 0.01 0.01
0 0.860156 0.801389 0.01 0.01
0 0.792188 0.830556 0.01 0.01
0 0.861719 0.545833 0.01 0.01
0 0.819531 0.468056 0.01 0.01
0 0.751562 0.402778 0.01 0.01
0 0.724219 0.430556 0.01 0.01
0 0.793750 0.156944 0.01 0.01
0 0.833594 0.254167 0.01 0.01
0 0.864062 0.162500 0.01 0.01
0 0.857031 0.108333 0.01 0.01
0 0.802344 0.076389 0.01 0.01
0 0.781250 0.027778 0.01 0.01
0 0.701563 0.151389 0.01 0.01
0 0.642969 0.073611 0.01 0.01
