0 0.800501 0.924812 0.01 0.01
0 0.791898 0.930694 0.01 0.01
0 0.777339 0.875400 0.01 0.01
0 0.781972 0.847165 0.01 0.01
0 0.763442 0.870694 0.01 0.01
0 0.750869 0.878930 0.01 0.01
0 0.709839 0.888342 0.01 0.01
0 0.723074 0.834224 0.01 0.01
0 0.684692 0.769518 0.01 0.01
0 0.705207 0.710694 0.01 0.01
0 0.766089 0.722459 0.01 0.01
0 0.776677 0.718930 0.01 0.01
0 0.819692 0.696577 0.01 0.01
0 0.836236 0.743636 0.01 0.01
0 0.850795 0.715400 0.01 0.01
0 0.834251 0.807165 0.01 0.01
0 0.807780 0.857753 0.01 0.01
0 0.812413 0.865989 0.01 0.01
0 0.825648 0.900106 0.01 0.01
0 0.838222 0.853047 0.01 0.01
0 0.866677 0.858930 0.01 0.01
0 0.872633 0.809518 0.01 0.01
0 0.836236 0.653047 0.01 0.01
0 0.831604 0.608342 0.01 0.01
0 0.834251 0.584812 0.01 0.01
0 0.828295 0.583636 0.01 0.01
0 0.816383 0.593047 0.01 0.01
0 0.580795 0.882459 0.01 0.01
0 0.588736 0.869518 0.01 0.01
0 0.566236 0.844812 0.01 0.01
0 0.592045 0.834224 0.01 0.01
0 0.588736 0.787165 0.01 0.01
0 0.598001 0.790694 0.01 0.01
0 0.792560 0.508341 0.01 0.01
0 0.856751 0.476577 0.01 0.01
0 0.864030 0.465989 0.01 0.01
0 0.836898 0.422459 0.01 0.01
0 0.809104 0.382459 0.01 0.01
0 0.830280 0.310694 0.01 0.01
0 0.834251 0.265989 0.01 0.01
0 0.854766 0.258930 0.01 0.01
0 0.807780 0.211871 0.01 0.01
0 0.840207 0.180106 0.01 0.01
0 0.836236 0.171871 0.01 0.01
0 0.844177 0.155400 0.01 0.01
0 0.844177 0.114224 0.01 0.01
0 0.843516 0.084812 0.01 0.01
0 0.834251 0.131871 0.01 0.01
0 0.826972 0.130694 0.01 0.01
0 0.824324 0.120106 0.01 0.01
0 0.812413 0.098930 0.01 0.01
0 0.808442 0.091871 0.01 0.01
0 0.793883 0.116577 0.01 0.01
0 0.750869 0.137753 0.01 0.01
0 0.737633 0.187165 0.01 0.01
0 0.768074 0.098930 0.01 0.01
0 0.769398 0.078930 0.01 0.01
0 0.776016 0.077753 0.01 0.01
0 0.781972 0.081283 0.01 0.01
0 0.756163 0.083636 0.01 0.01
0 0.738957 0.073047 0.01 0.01
0 0.728369 0.078930 0.01 0.01
0 0.723736 0.081283 0.01 0.01
0 0.719104 0.081283 0.01 0.01
0 0.710501 0.061283 0.01 0.01
0 0.711824 0.053047 0.01 0.01
0 0.703883 0.090694 0.01 0.01
0 0.696604 0.077753 0.01 0.01
0 0.691310 0.087165 0.01 0.01
0 0.682045 0.147165 0.01 0.01
0 0.643663 0.128342 0.01 0.01
0 0.657560 0.089518 0.01 0.01
0 0.672780 0.071871 0.01 0.01
0 0.652927 0.063636 0.01 0.01
0 0.633074 0.165989 0.01 0.01
0 0.621163 0.165989 0.01 0.01
0 0.643001 0.229518 0.01 0.01
0 0.591383 0.237753 0.01 0.01
0 0.591383 0.253047 0.01 0.01
0 0.572854 0.169518 0.01 0.01
0 0.572192 0.103636 0.01 0.01
0 0.582780 0.097753 0.01 0.01
0 0.595354 0.084812 0.01 0.01
0 0.604619 0.087165 0.01 0.01
0 0.534472 0.137753 0.01 0.01
0 0.531163 0.074224 0.01 0.01
0 0.562266 0.071871 0.01 0.01
0 0.492780 0.073047 0.01 0.01
0 0.486824 0.087165 0.01 0.01
0 0.464324 0.065989 0.01 0.01
0 0.437192 0.087165 0.01 0.01
0 0.430574 0.083636 0.01 0.01
0 0.463001 0.135400 0.01 0.01
0 0.486824 0.171871 0.01 0.01
0 0.482854 0.161283 0.01 0.01
0 0.502707 0.198930 0.01 0.01
0 0.386898 0.131871 0.01 0.01
0 0.354472 0.136577 0.01 0.01
0 0.339251 0.100106 0.01 0.01
0 0.341898 0.076577 0.01 0.01
0 0.373001 0.082459 0.01 0.01
0 0.377633 0.116577 0.01 0.01
0 0.394839 0.068342 0.01 0.01
0 0.288957 0.062459 0.01 0.01
0 0.275721 0.074224 0.01 0.01
0 0.265133 0.081283 0.01 0.01
0 0.251898 0.075400 0.01 0.01
0 0.247266 0.076577 0.01 0.01
0 0.248589 0.097753 0.01 0.01
0 0.236016 0.084812 0.01 0.01
0 0.234692 0.065989 0.01 0.01
0 0.212854 0.035400 0.01 0.01
0 0.200942 0.060106 0.01 0.01
0 0.204251 0.082459 0.01 0.01
0 0.212854 0.093047 0.01 0.01
0 0.220795 0.089518 0.01 0.01
0 0.224766 0.089518 0.01 0.01
0 0.222780 0.098930 0.01 0.01
0 0.222119 0.107165 0.01 0.01
0 0.212192 0.124812 0.01 0.01
0 0.209545 0.131871 0.01 0.01
0 0.204251 0.128342 0.01 0.01
0 0.200942 0.138930 0.01 0.01
0 0.200280 0.144812 0.01 0.01
0 0.200942 0.150694 0.01 0.01
0 0.194986 0.162459 0.01 0.01
0 0.187707 0.137753 0.01 0.01
0 0.192339 0.135400 0.01 0.01
0 0.214177 0.151871 0.01 0.01
0 0.226089 0.163636 0.01 0.01
0 0.175795 0.188341 0.01 0.01
0 0.171824 0.182459 0.01 0.01
0 0.201604 0.207165 0.01 0.01
0 0.200942 0.229518 0.01 0.01
0 0.197633 0.242459 0.01 0.01
0 0.198295 0.263636 0.01 0.01
0 0.199619 0.290694 0.01 0.01
0 0.186383 0.309518 0.01 0.01
0 0.173148 0.317753 0.01 0.01
0 0.193663 0.338930 0.01 0.01
0 0.270427 0.228342 0.01 0.01
0 0.294913 0.228342 0.01 0.01
0 0.281677 0.310694 0.01 0.01
0 0.268442 0.349518 0.01 0.01
0 0.316089 0.358930 0.01 0.01
0 0.387560 0.293047 0.01 0.01
0 0.402119 0.222459 0.01 0.01
0 0.431898 0.302459 0.01 0.01
0 0.512633 0.285989 0.01 0.01
0 0.491457 0.329518 0.01 0.01
0 0.560280 0.309518 0.01 0.01
0 0.518589 0.363636 0.01 0.01
0 0.511972 0.371871 0.01 0.01
0 0.584104 0.363636 0.01 0.01
0 0.645648 0.417753 0.01 0.01
0 0.652927 0.411871 0.01 0.01
0 0.667486 0.391871 0.01 0.01
0 0.717119 0.469518 0.01 0.01
0 0.713810 0.551871 0.01 0.01
0 0.664177 0.509518 0.01 0.01
0 0.611236 0.467165 0.01 0.01
0 0.621163 0.568341 0.01 0.01
0 0.654251 0.617753 0.01 0.01
0 0.578810 0.709518 0.01 0.01
0 0.573516 0.683636 0.01 0.01
0 0.561604 0.631871 0.01 0.01
0 0.540427 0.556577 0.01 0.01
0 0.519251 0.454224 0.01 0.01
0 0.489472 0.389518 0.01 0.01
0 0.478222 0.416577 0.01 0.01
0 0.456383 0.397753 0.01 0.01
0 0.447780 0.428342 0.01 0.01
0 0.429913 0.413047 0.01 0.01
0 0.239324 0.427165 0.01 0.01
0 0.195648 0.415400 0.01 0.01
0 0.194986 0.396577 0.01 0.01
0 0.178442 0.387165 0.01 0.01
0 0.182413 0.438930 0.01 0.01
0 0.194324 0.491871 0.01 0.01
0 0.198295 0.528342 0.01 0.01
0 0.197633 0.602459 0.01 0.01
0 0.189030 0.668342 0.01 0.01
0 0.195648 0.694224 0.01 0.01
0 0.191677 0.704812 0.01 0.01
0 0.172486 0.680106 0.01 0.01
0 0.146016 0.628341 0.01 0.01
0 0.151310 0.729518 0.01 0.01
0 0.155942 0.777753 0.01 0.01
0 0.148663 0.791871 0.01 0.01
0 0.140722 0.810694 0.01 0.01
0 0.190354 0.776577 0.01 0.01
0 0.191016 0.790694 0.01 0.01
0 0.193663 0.811871 0.01 0.01
0 0.200942 0.821283 0.01 0.01
0 0.201604 0.823636 0.01 0.01
0 0.212854 0.853047 0.01 0.01
0 0.214177 0.840106 0.01 0.01
0 0.224766 0.841283 0.01 0.01
0 0.204251 0.867165 0.01 0.01
0 0.192339 0.845989 0.01 0.01
0 0.181751 0.878930 0.01 0.01
0 0.178442 0.898930 0.01 0.01
0 0.209545 0.903636 0.01 0.01
0 0.237339 0.867165 0.01 0.01
0 0.242633 0.862459 0.01 0.01
0 0.270427 0.861283 0.01 0.01
0 0.269766 0.883636 0.01 0.01
0 0.279692 0.865989 0.01 0.01
0 0.292266 0.862459 0.01 0.01
0 0.374986 0.908341 0.01 0.01
0 0.365060 0.867165 0.01 0.01
0 0.388883 0.861283 0.01 0.01
0 0.398148 0.844812 0.01 0.01
0 0.423957 0.851871 0.01 0.01
0 0.463001 0.862459 0.01 0.01
0 0.480207 0.865989 0.01 0.01
0 0.496089 0.868342 0.01 0.01
0 0.530501 0.870694 0.01 0.01
0 0.530501 0.829518 0.01 0.01
0 0.519251 0.821283 0.01 0.01
0 0.535133 0.775400 0.01 0.01
0 0.512633 0.685989 0.01 0.01
0 0.519913 0.620106 0.01 0.01
0 0.495427 0.569518 0.01 0.01
0 0.481530 0.558930 0.01 0.01
0 0.468295 0.618930 0.01 0.01
0 0.436530 0.615400 0.01 0.01
0 0.432560 0.494224 0.01 0.01
0 0.414030 0.473047 0.01 0.01
0 0.430574 0.700106 0.01 0.01
0 0.376972 0.594224 0.01 0.01
0 0.354472 0.637753 0.01 0.01
0 0.332633 0.731871 0.01 0.01
0 0.246604 0.781283 0.01 0.01
0 0.257854 0.751871 0.01 0.01
0 0.248589 0.735400 0.01 0.01
0 0.238663 0.734224 0.01 0.01
0 0.267119 0.734224 0.01 0.01
0 0.271751 0.715400 0.01 0.01
0 0.232045 0.665989 0.01 0.01
0 0.290942 0.654224 0.01 0.01
0 0.266457 0.645989 0.01 0.01
0 0.279692 0.621283 0.01 0.01
0 0.252560 0.581283 0.01 0.01
0 0.283663 0.513047 0.01 0.01
0 0.323369 0.555400 0.01 0.01
