0 0.300000 0.047222 0.01 0.01
0 0.497656 0.136111 0.01 0.01
0 0.289844 0.186111 0.01 0.01
0 0.368750 0.537500 0.01 0.01
0 0.392188 0.384722 0.01 0.01
0 0.429688 0.533333 0.01 0.01
0 0.210156 0.670833 0.01 0.01
0 0.342187 0.933333 0.01 0.01
0 0.384375 0.738889 0.01 0.01
0 0.482812 0.681944 0.01 0.01
0 0.542969 0.820833 0.01 0.01
0 0.478125 0.891667 0.01 0.01
0 0.505469 0.948611 0.01 0.01
0 0.767187 0.834722 0.01 0.01
0 0.842969 0.876389 0.01 0.01
0 0.848437 0.815278 0.01 0.01
0 0.857031 0.652778 0.01 0.01
0 0.842969 0.543056 0.01 0.01
0 0.728906 0.480556 0.01 0.01
0 0.726562 0.443056 0.01 0.01
0 0.630469 0.554167 0.01 0.01
0 0.628906 0.075000 0.01 0.01
0 0.588281 0.073611 0.01 0.01
0 0.605469 0.170833 0.01 0.01
0 0.698438 0.211111 0.01 0.01
0 0.791406 0.204167 0.01 0.01
0 0.828125 0.262500 0.01 0.01
0 0.853125 0.158333 0.01 0.01
0 0.784375 0.119444 0.01 0.01
0 0.785156 0.070833 0.01 0.01
