0 0.848810 0.834224 0.01 0.01
0 0.772707 0.845989 0.01 0.01
0 0.747560 0.850694 0.01 0.01
0 0.738957 0.857753 0.01 0.01
0 0.731016 0.850694 0.01 0.01
0 0.718442 0.896577 0.01 0.01
0 0.716457 0.843636 0.01 0.01
0 0.721751 0.794224 0.01 0.01
0 0.754177 0.724812 0.01 0.01
0 0.803148 0.720106 0.01 0.01
0 0.830280 0.730694 0.01 0.01
0 0.822339 0.750694 0.01 0.01
0 0.827633 0.764812 0.01 0.01
0 0.826310 0.777753 0.01 0.01
0 0.820354 0.778930 0.01 0.01
0 0.817707 0.793047 0.01 0.01
0 0.817045 0.814224 0.01 0.01
0 0.853442 0.588342 0.01 0.01
0 0.827633 0.570694 0.01 0.01
0 0.807780 0.555400 0.01 0.01
0 0.809104 0.522459 0.01 0.01
0 0.813074 0.513047 0.01 0.01
0 0.854104 0.517753 0.01 0.01
0 0.854766 0.444812 0.01 0.01
0 0.756824 0.541283 0.01 0.01
0 0.738295 0.624812 0.01 0.01
0 0.698589 0.630694 0.01 0.01
0 0.701898 0.693047 0.01 0.01
0 0.696604 0.681283 0.01 0.01
0 0.653589 0.845989 0.01 0.01
0 0.641677 0.842459 0.01 0.01
0 0.619839 0.845989 0.01 0.01
0 0.586751 0.851871 0.01 0.01
0 0.583442 0.888342 0.01 0.01
0 0.565574 0.889518 0.01 0.01
0 0.538442 0.851871 0.01 0.01
0 0.531163 0.782459 0.01 0.01
0 0.539104 0.730694 0.01 0.01
0 0.582119 0.768341 0.01 0.01
0 0.574177 0.695400 0.01 0.01
0 0.562266 0.653047 0.01 0.01
0 0.570869 0.614224 0.01 0.01
0 0.608589 0.543636 0.01 0.01
0 0.612560 0.521283 0.01 0.01
0 0.648957 0.482459 0.01 0.01
0 0.670795 0.444812 0.01 0.01
0 0.713148 0.467165 0.01 0.01
0 0.752192 0.417753 0.01 0.01
0 0.769398 0.403636 0.01 0.01
0 0.769398 0.450694 0.01 0.01
0 0.820354 0.345989 0.01 0.01
0 0.817045 0.290694 0.01 0.01
0 0.789251 0.270694 0.01 0.01
0 0.823001 0.227165 0.01 0.01
0 0.821677 0.215400 0.01 0.01
0 0.815060 0.209518 0.01 0.01
0 0.820354 0.151871 0.01 0.01
0 0.827633 0.149518 0.01 0.01
0 0.819692 0.163636 0.01 0.01
0 0.819692 0.124812 0.01 0.01
0 0.799839 0.123636 0.01 0.01
0 0.795207 0.088342 0.01 0.01
0 0.803148 0.054224 0.01 0.01
0 0.793222 0.076577 0.01 0.01
0 0.778663 0.076577 0.01 0.01
0 0.767413 0.073047 0.01 0.01
0 0.769398 0.057753 0.01 0.01
0 0.761457 0.061283 0.01 0.01
0 0.754839 0.055400 0.01 0.01
0 0.750869 0.062459 0.01 0.01
0 0.749545 0.031871 0.01 0.01
0 0.732339 0.063636 0.01 0.01
0 0.723736 0.070694 0.01 0.01
0 0.719766 0.037753 0.01 0.01
0 0.731677 0.133047 0.01 0.01
0 0.680722 0.114224 0.01 0.01
0 0.674766 0.114224 0.01 0.01
0 0.658883 0.068342 0.01 0.01
0 0.639692 0.058930 0.01 0.01
0 0.634398 0.081283 0.01 0.01
0 0.624472 0.061283 0.01 0.01
0 0.599324 0.067165 0.01 0.01
0 0.591383 0.068342 0.01 0.01
0 0.584766 0.069518 0.01 0.01
0 0.576824 0.062459 0.01 0.01
0 0.570869 0.063636 0.01 0.01
0 0.563589 0.070694 0.01 0.01
0 0.650280 0.231871 0.01 0.01
0 0.609913 0.307165 0.01 0.01
0 0.675427 0.328342 0.01 0.01
0 0.657560 0.378930 0.01 0.01
0 0.628442 0.401283 0.01 0.01
0 0.608589 0.364812 0.01 0.01
0 0.559619 0.361283 0.01 0.01
0 0.570869 0.298930 0.01 0.01
0 0.592045 0.230694 0.01 0.01
0 0.554986 0.294224 0.01 0.01
0 0.534472 0.316577 0.01 0.01
0 0.524545 0.333047 0.01 0.01
0 0.509324 0.285989 0.01 0.01
0 0.545722 0.234224 0.01 0.01
0 0.535133 0.196577 0.01 0.01
0 0.482192 0.217753 0.01 0.01
0 0.490133 0.178930 0.01 0.01
0 0.489472 0.164812 0.01 0.01
0 0.469619 0.161283 0.01 0.01
0 0.455722 0.175400 0.01 0.01
0 0.482192 0.108342 0.01 0.01
0 0.508663 0.090694 0.01 0.01
0 0.511972 0.045989 0.01 0.01
0 0.474913 0.051871 0.01 0.01
0 0.463663 0.065989 0.01 0.01
0 0.443148 0.071871 0.01 0.01
0 0.445133 0.045989 0.01 0.01
0 0.419324 0.050694 0.01 0.01
0 0.415354 0.062459 0.01 0.01
0 0.394177 0.067165 0.01 0.01
0 0.356457 0.084812 0.01 0.01
0 0.330648 0.088342 0.01 0.01
0 0.335280 0.051871 0.01 0.01
0 0.298883 0.107165 0.01 0.01
0 0.306824 0.061283 0.01 0.01
0 0.283001 0.065989 0.01 0.01
0 0.271751 0.073047 0.01 0.01
0 0.273074 0.050694 0.01 0.01
0 0.263148 0.069518 0.01 0.01
0 0.257854 0.058930 0.01 0.01
0 0.245942 0.067165 0.01 0.01
0 0.236016 0.062459 0.01 0.01
0 0.231383 0.060106 0.01 0.01
0 0.230060 0.076577 0.01 0.01
0 0.218148 0.087165 0.01 0.01
0 0.208222 0.082459 0.01 0.01
0 0.199619 0.055400 0.01 0.01
0 0.198295 0.044812 0.01 0.01
0 0.165207 0.055400 0.01 0.01
0 0.159913 0.053047 0.01 0.01
0 0.155280 0.069518 0.01 0.01
0 0.191016 0.096577 0.01 0.01
0 0.193001 0.105989 0.01 0.01
0 0.193663 0.122459 0.01 0.01
0 0.183074 0.113047 0.01 0.01
0 0.183736 0.134224 0.01 0.01
0 0.209545 0.156577 0.01 0.01
0 0.216163 0.145989 0.01 0.01
0 0.181089 0.184812 0.01 0.01
0 0.174472 0.247165 0.01 0.01
0 0.174472 0.264812 0.01 0.01
0 0.185060 0.277753 0.01 0.01
0 0.180427 0.301283 0.01 0.01
0 0.181751 0.327165 0.01 0.01
0 0.140060 0.353047 0.01 0.01
0 0.134104 0.625989 0.01 0.01
0 0.200280 0.274224 0.01 0.01
0 0.226751 0.248342 0.01 0.01
0 0.263810 0.217753 0.01 0.01
0 0.320722 0.244812 0.01 0.01
0 0.374986 0.281283 0.01 0.01
0 0.406089 0.305989 0.01 0.01
0 0.449766 0.338930 0.01 0.01
0 0.430574 0.355400 0.01 0.01
0 0.428589 0.413047 0.01 0.01
0 0.465648 0.397753 0.01 0.01
0 0.457707 0.488342 0.01 0.01
0 0.552339 0.462459 0.01 0.01
0 0.496089 0.518930 0.01 0.01
0 0.485501 0.528342 0.01 0.01
0 0.484839 0.554224 0.01 0.01
0 0.459692 0.595400 0.01 0.01
0 0.480869 0.617753 0.01 0.01
0 0.526530 0.668342 0.01 0.01
0 0.498736 0.682459 0.01 0.01
0 0.482192 0.728342 0.01 0.01
0 0.465648 0.737753 0.01 0.01
0 0.454398 0.718930 0.01 0.01
0 0.472927 0.783636 0.01 0.01
0 0.469619 0.856577 0.01 0.01
0 0.453736 0.850694 0.01 0.01
0 0.423295 0.845989 0.01 0.01
0 0.427266 0.831871 0.01 0.01
0 0.373001 0.724812 0.01 0.01
0 0.419324 0.678930 0.01 0.01
0 0.398810 0.680106 0.01 0.01
0 0.394177 0.653047 0.01 0.01
0 0.375648 0.616577 0.01 0.01
0 0.385574 0.596577 0.01 0.01
0 0.389545 0.580106 0.01 0.01
0 0.378295 0.557753 0.01 0.01
0 0.318736 0.631871 0.01 0.01
0 0.310133 0.574224 0.01 0.01
0 0.314104 0.551871 0.01 0.01
0 0.349177 0.462459 0.01 0.01
0 0.285648 0.493047 0.01 0.01
0 0.243957 0.360106 0.01 0.01
0 0.208222 0.358930 0.01 0.01
0 0.189692 0.378930 0.01 0.01
0 0.182413 0.404812 0.01 0.01
0 0.228074 0.416577 0.01 0.01
0 0.227413 0.449518 0.01 0.01
0 0.173810 0.442459 0.01 0.01
0 0.180427 0.473047 0.01 0.01
0 0.181751 0.495400 0.01 0.01
0 0.193663 0.467165 0.01 0.01
0 0.191016 0.514224 0.01 0.01
0 0.201604 0.507165 0.01 0.01
0 0.220133 0.533047 0.01 0.01
0 0.241972 0.576577 0.01 0.01
0 0.271751 0.607165 0.01 0.01
0 0.279030 0.627165 0.01 0.01
0 0.285648 0.627165 0.01 0.01
0 0.216163 0.587165 0.01 0.01
0 0.183074 0.588342 0.01 0.01
0 0.185722 0.563636 0.01 0.01
0 0.175133 0.558930 0.01 0.01
0 0.191677 0.621283 0.01 0.01
0 0.180427 0.614224 0.01 0.01
0 0.181089 0.631871 0.01 0.01
0 0.168516 0.648341 0.01 0.01
0 0.177119 0.689518 0.01 0.01
0 0.176457 0.704812 0.01 0.01
0 0.182413 0.697753 0.01 0.01
0 0.181751 0.729518 0.01 0.01
0 0.177119 0.771871 0.01 0.01
0 0.173148 0.800106 0.01 0.01
0 0.157266 0.863636 0.01 0.01
0 0.191016 0.802459 0.01 0.01
0 0.194324 0.816577 0.01 0.01
0 0.220133 0.917753 0.01 0.01
0 0.217486 0.867165 0.01 0.01
0 0.213516 0.840106 0.01 0.01
0 0.215501 0.802459 0.01 0.01
0 0.218148 0.782459 0.01 0.01
0 0.238001 0.713047 0.01 0.01
0 0.236677 0.724812 0.01 0.01
0 0.259177 0.715400 0.01 0.01
0 0.241310 0.764812 0.01 0.01
0 0.237339 0.802459 0.01 0.01
0 0.247927 0.797753 0.01 0.01
0 0.245280 0.850694 0.01 0.01
0 0.241310 0.856577 0.01 0.01
0 0.233369 0.856577 0.01 0.01
0 0.279692 0.857753 0.01 0.01
0 0.271089 0.845989 0.01 0.01
0 0.314766 0.856577 0.01 0.01
0 0.314766 0.863636 0.01 0.01
0 0.578810 0.465989 0.01 0.01
