0 0.838222 0.165989 0.01 0.01
0 0.866677 0.189518 0.01 0.01
0 0.854104 0.201283 0.01 0.01
0 0.862045 0.208342 0.01 0.01
0 0.862045 0.221283 0.01 0.01
0 0.860721 0.240106 0.01 0.01
0 0.893148 0.269518 0.01 0.01
0 0.876604 0.325989 0.01 0.01
0 0.862045 0.314224 0.01 0.01
0 0.863369 0.294224 0.01 0.01
0 0.793222 0.113047 0.01 0.01
0 0.763442 0.137753 0.01 0.01
0 0.713148 0.150694 0.01 0.01
0 0.644986 0.150694 0.01 0.01
0 0.621824 0.170694 0.01 0.01
0 0.619177 0.235400 0.01 0.01
0 0.601310 0.281283 0.01 0.01
0 0.587413 0.268342 0.01 0.01
0 0.565574 0.284812 0.01 0.01
0 0.561604 0.270694 0.01 0.01
0 0.529839 0.282459 0.01 0.01
0 0.527192 0.260106 0.01 0.01
0 0.523883 0.141283 0.01 0.01
0 0.490133 0.228342 0.01 0.01
0 0.480869 0.196577 0.01 0.01
0 0.418001 0.136577 0.01 0.01
0 0.365060 0.134224 0.01 0.01
0 0.345207 0.137753 0.01 0.01
0 0.271089 0.176577 0.01 0.01
0 0.267119 0.167165 0.01 0.01
0 0.255869 0.160106 0.01 0.01
0 0.224766 0.104812 0.01 0.01
0 0.222780 0.178930 0.01 0.01
0 0.228736 0.251871 0.01 0.01
0 0.259177 0.254224 0.01 0.01
0 0.225427 0.335400 0.01 0.01
0 0.412045 0.343636 0.01 0.01
0 0.509324 0.462459 0.01 0.01
0 0.509986 0.449518 0.01 0.01
0 0.617192 0.444812 0.01 0.01
0 0.629766 0.367165 0.01 0.01
0 0.726383 0.324812 0.01 0.01
0 0.747560 0.336577 0.01 0.01
0 0.656236 0.485989 0.01 0.01
0 0.721751 0.522459 0.01 0.01
0 0.727045 0.580106 0.01 0.01
0 0.774030 0.545989 0.01 0.01
0 0.819692 0.596577 0.01 0.01
0 0.864030 0.591871 0.01 0.01
0 0.861383 0.641283 0.01 0.01
0 0.768736 0.665989 0.01 0.01
0 0.682045 0.714224 0.01 0.01
0 0.637707 0.729518 0.01 0.01
0 0.590721 0.561283 0.01 0.01
0 0.556310 0.631871 0.01 0.01
0 0.516604 0.603636 0.01 0.01
0 0.540427 0.674224 0.01 0.01
0 0.521236 0.701283 0.01 0.01
0 0.573516 0.704812 0.01 0.01
0 0.570207 0.667165 0.01 0.01
0 0.419324 0.616577 0.01 0.01
0 0.349177 0.611871 0.01 0.01
0 0.275060 0.574224 0.01 0.01
0 0.220795 0.569518 0.01 0.01
0 0.220795 0.597753 0.01 0.01
0 0.225427 0.703636 0.01 0.01
0 0.214839 0.787165 0.01 0.01
0 0.215501 0.835400 0.01 0.01
0 0.221457 0.854224 0.01 0.01
0 0.224104 0.868342 0.01 0.01
0 0.207560 0.883636 0.01 0.01
0 0.204913 0.947165 0.01 0.01
0 0.234030 0.883636 0.01 0.01
0 0.239986 0.896577 0.01 0.01
0 0.255869 0.951871 0.01 0.01
0 0.284324 0.910694 0.01 0.01
0 0.294251 0.910694 0.01 0.01
0 0.317413 0.913047 0.01 0.01
0 0.354472 0.916577 0.01 0.01
0 0.365060 0.918930 0.01 0.01
0 0.373663 0.917753 0.01 0.01
0 0.378957 0.935400 0.01 0.01
0 0.371677 0.834224 0.01 0.01
0 0.341898 0.804812 0.01 0.01
0 0.298222 0.785989 0.01 0.01
0 0.374324 0.741283 0.01 0.01
0 0.412045 0.776577 0.01 0.01
0 0.424619 0.817753 0.01 0.01
0 0.464986 0.790694 0.01 0.01
0 0.494104 0.845989 0.01 0.01
0 0.443148 0.860106 0.01 0.01
0 0.449104 0.916577 0.01 0.01
0 0.549030 0.923636 0.01 0.01
0 0.549692 0.776577 0.01 0.01
0 0.572854 0.808341 0.01 0.01
0 0.619839 0.867165 0.01 0.01
0 0.635060 0.933047 0.01 0.01
0 0.650942 0.835400 0.01 0.01
0 0.736310 0.902459 0.01 0.01
0 0.748222 0.810694 0.01 0.01
0 0.773369 0.823636 0.01 0.01
0 0.778001 0.888342 0.01 0.01
0 0.770060 0.897753 0.01 0.01
0 0.756163 0.940106 0.01 0.01
0 0.754177 0.956577 0.01 0.01
0 0.744251 0.931871 0.01 0.01
0 0.862707 0.753047 0.01 0.01
0 0.861383 0.874224 0.01 0.01
0 0.870648 0.888342 0.01 0.01
0 0.897780 0.905989 0.01 0.01
0 0.888516 0.927165 0.01 0.01
0 0.846163 0.917753 0.01 0.01
0 0.838222 0.930694 0.01 0.01
0 0.801824 0.953047 0.01 0.01
0 0.791236 0.937753 0.01 0.01
0 0.786604 0.962459 0.01 0.01
