0 0.800501 0.922459 0.01 0.01
0 0.811089 0.888342 0.01 0.01
0 0.819030 0.857753 0.01 0.01
0 0.824986 0.854224 0.01 0.01
0 0.828957 0.850694 0.01 0.01
0 0.859398 0.793047 0.01 0.01
0 0.838883 0.809518 0.01 0.01
0 0.838883 0.791871 0.01 0.01
0 0.842854 0.753047 0.01 0.01
0 0.850133 0.742459 0.01 0.01
0 0.792560 0.797753 0.01 0.01
0 0.768074 0.794224 0.01 0.01
0 0.748222 0.810694 0.01 0.01
0 0.723736 0.836577 0.01 0.01
0 0.736971 0.887165 0.01 0.01
0 0.736971 0.894224 0.01 0.01
0 0.740942 0.909518 0.01 0.01
0 0.727045 0.894224 0.01 0.01
0 0.691310 0.897753 0.01 0.01
0 0.670133 0.890694 0.01 0.01
0 0.662854 0.896577 0.01 0.01
0 0.621163 0.937753 0.01 0.01
0 0.614545 0.889518 0.01 0.01
0 0.588074 0.896577 0.01 0.01
0 0.738295 0.753047 0.01 0.01
0 0.724398 0.742459 0.01 0.01
0 0.707192 0.724812 0.01 0.01
0 0.711163 0.667165 0.01 0.01
0 0.748883 0.675400 0.01 0.01
0 0.779986 0.695400 0.01 0.01
0 0.766751 0.753047 0.01 0.01
0 0.809766 0.622459 0.01 0.01
0 0.819030 0.585989 0.01 0.01
0 0.838222 0.602459 0.01 0.01
0 0.870648 0.637753 0.01 0.01
0 0.821016 0.444812 0.01 0.01
0 0.830280 0.425989 0.01 0.01
0 0.828957 0.411871 0.01 0.01
0 0.860721 0.393047 0.01 0.01
0 0.869325 0.287165 0.01 0.01
0 0.831604 0.323636 0.01 0.01
0 0.834913 0.256577 0.01 0.01
0 0.834913 0.270694 0.01 0.01
0 0.807119 0.258930 0.01 0.01
0 0.834913 0.220106 0.01 0.01
0 0.828957 0.168342 0.01 0.01
0 0.851457 0.104812 0.01 0.01
0 0.834913 0.114224 0.01 0.01
0 0.821677 0.121283 0.01 0.01
0 0.815722 0.122459 0.01 0.01
0 0.811751 0.108342 0.01 0.01
0 0.789913 0.102459 0.01 0.01
0 0.781972 0.096577 0.01 0.01
0 0.776677 0.087165 0.01 0.01
0 0.770722 0.094224 0.01 0.01
0 0.775354 0.102459 0.01 0.01
0 0.756824 0.164812 0.01 0.01
0 0.725721 0.120106 0.01 0.01
0 0.748883 0.089518 0.01 0.01
0 0.742927 0.094224 0.01 0.01
0 0.731677 0.085989 0.01 0.01
0 0.713810 0.098930 0.01 0.01
0 0.693957 0.101283 0.01 0.01
0 0.695942 0.071871 0.01 0.01
0 0.676751 0.094224 0.01 0.01
0 0.663516 0.076577 0.01 0.01
0 0.693957 0.147165 0.01 0.01
0 0.701236 0.165989 0.01 0.01
0 0.719766 0.275400 0.01 0.01
0 0.692633 0.230694 0.01 0.01
0 0.675427 0.385989 0.01 0.01
0 0.676751 0.421283 0.01 0.01
0 0.725060 0.411871 0.01 0.01
0 0.652927 0.311871 0.01 0.01
0 0.643663 0.324812 0.01 0.01
0 0.619839 0.285989 0.01 0.01
0 0.611236 0.218930 0.01 0.01
0 0.582119 0.323636 0.01 0.01
0 0.543074 0.314224 0.01 0.01
0 0.499398 0.307165 0.01 0.01
0 0.545722 0.167165 0.01 0.01
0 0.568222 0.163636 0.01 0.01
0 0.623810 0.103636 0.01 0.01
0 0.591383 0.102459 0.01 0.01
0 0.564251 0.100106 0.01 0.01
0 0.521898 0.097753 0.01 0.01
0 0.513295 0.089518 0.01 0.01
0 0.498736 0.102459 0.01 0.01
0 0.482192 0.087165 0.01 0.01
0 0.487486 0.057753 0.01 0.01
0 0.458369 0.093047 0.01 0.01
0 0.443148 0.094224 0.01 0.01
0 0.422633 0.098930 0.01 0.01
0 0.402780 0.113047 0.01 0.01
0 0.390207 0.101283 0.01 0.01
0 0.376972 0.096577 0.01 0.01
0 0.449104 0.160106 0.01 0.01
0 0.466971 0.162459 0.01 0.01
0 0.464986 0.181283 0.01 0.01
0 0.492780 0.136577 0.01 0.01
0 0.504030 0.195400 0.01 0.01
0 0.476236 0.230694 0.01 0.01
0 0.429251 0.273047 0.01 0.01
0 0.384913 0.265989 0.01 0.01
0 0.408074 0.216577 0.01 0.01
0 0.374986 0.182459 0.01 0.01
0 0.361089 0.187165 0.01 0.01
0 0.346530 0.185989 0.01 0.01
0 0.360427 0.215400 0.01 0.01
0 0.339913 0.149518 0.01 0.01
0 0.339913 0.110694 0.01 0.01
0 0.326016 0.097753 0.01 0.01
0 0.314104 0.100106 0.01 0.01
0 0.314104 0.057753 0.01 0.01
0 0.300869 0.070694 0.01 0.01
0 0.301530 0.094224 0.01 0.01
0 0.286972 0.094224 0.01 0.01
0 0.274398 0.088342 0.01 0.01
0 0.271751 0.105989 0.01 0.01
0 0.272413 0.131871 0.01 0.01
0 0.310795 0.140106 0.01 0.01
0 0.279692 0.190694 0.01 0.01
0 0.304177 0.231871 0.01 0.01
0 0.304177 0.254224 0.01 0.01
0 0.245280 0.097753 0.01 0.01
0 0.237339 0.090694 0.01 0.01
0 0.234692 0.060106 0.01 0.01
0 0.224766 0.100106 0.01 0.01
0 0.216163 0.120106 0.01 0.01
0 0.209545 0.121283 0.01 0.01
0 0.210869 0.141283 0.01 0.01
0 0.195648 0.151871 0.01 0.01
0 0.198295 0.120106 0.01 0.01
0 0.199619 0.065989 0.01 0.01
0 0.167854 0.098930 0.01 0.01
0 0.187707 0.200106 0.01 0.01
0 0.178442 0.233047 0.01 0.01
0 0.187707 0.262459 0.01 0.01
0 0.226089 0.301283 0.01 0.01
0 0.271751 0.301283 0.01 0.01
0 0.189030 0.307165 0.01 0.01
0 0.185722 0.368341 0.01 0.01
0 0.192339 0.385989 0.01 0.01
0 0.209545 0.402459 0.01 0.01
0 0.189692 0.418930 0.01 0.01
0 0.186383 0.430694 0.01 0.01
0 0.190354 0.449518 0.01 0.01
0 0.183074 0.453047 0.01 0.01
0 0.166530 0.460106 0.01 0.01
0 0.141383 0.491871 0.01 0.01
0 0.151310 0.530694 0.01 0.01
0 0.189692 0.511871 0.01 0.01
0 0.189692 0.498930 0.01 0.01
0 0.187707 0.473047 0.01 0.01
0 0.238001 0.477753 0.01 0.01
0 0.185722 0.530694 0.01 0.01
0 0.187045 0.545989 0.01 0.01
0 0.224766 0.634224 0.01 0.01
0 0.247927 0.607165 0.01 0.01
0 0.189692 0.647165 0.01 0.01
0 0.183074 0.642459 0.01 0.01
0 0.183074 0.603636 0.01 0.01
0 0.186383 0.683636 0.01 0.01
0 0.183736 0.736577 0.01 0.01
0 0.189692 0.760106 0.01 0.01
0 0.227413 0.737753 0.01 0.01
0 0.228074 0.781283 0.01 0.01
0 0.211530 0.815400 0.01 0.01
0 0.212192 0.838930 0.01 0.01
0 0.192339 0.834224 0.01 0.01
0 0.193001 0.824812 0.01 0.01
0 0.187707 0.820106 0.01 0.01
0 0.175795 0.800106 0.01 0.01
0 0.169177 0.844812 0.01 0.01
0 0.185722 0.861283 0.01 0.01
0 0.194324 0.850694 0.01 0.01
0 0.204913 0.851871 0.01 0.01
0 0.206898 0.871871 0.01 0.01
0 0.222119 0.878930 0.01 0.01
0 0.234030 0.887165 0.01 0.01
0 0.213516 0.924812 0.01 0.01
0 0.271089 0.915400 0.01 0.01
0 0.278369 0.885989 0.01 0.01
0 0.282339 0.850694 0.01 0.01
0 0.290942 0.894224 0.01 0.01
0 0.301530 0.907165 0.01 0.01
0 0.337266 0.935400 0.01 0.01
0 0.355133 0.894224 0.01 0.01
0 0.335942 0.943636 0.01 0.01
0 0.375648 0.900106 0.01 0.01
0 0.406751 0.893047 0.01 0.01
0 0.400133 0.845989 0.01 0.01
0 0.449766 0.893047 0.01 0.01
0 0.468295 0.857753 0.01 0.01
0 0.509324 0.860106 0.01 0.01
0 0.508001 0.781283 0.01 0.01
0 0.581457 0.735400 0.01 0.01
0 0.668810 0.584812 0.01 0.01
0 0.652266 0.513047 0.01 0.01
0 0.652927 0.484812 0.01 0.01
0 0.636383 0.443636 0.01 0.01
0 0.648295 0.604812 0.01 0.01
0 0.643663 0.622459 0.01 0.01
0 0.625133 0.647165 0.01 0.01
0 0.586089 0.628341 0.01 0.01
0 0.564251 0.682459 0.01 0.01
0 0.557633 0.610694 0.01 0.01
0 0.558295 0.563636 0.01 0.01
0 0.576824 0.558930 0.01 0.01
0 0.594692 0.576577 0.01 0.01
0 0.528516 0.453047 0.01 0.01
0 0.531824 0.418930 0.01 0.01
0 0.527192 0.407165 0.01 0.01
0 0.500722 0.388342 0.01 0.01
0 0.492780 0.401283 0.01 0.01
0 0.488810 0.404812 0.01 0.01
0 0.463663 0.376577 0.01 0.01
0 0.433222 0.488342 0.01 0.01
0 0.406089 0.470694 0.01 0.01
0 0.326677 0.416577 0.01 0.01
0 0.306824 0.509518 0.01 0.01
0 0.335942 0.522459 0.01 0.01
0 0.318736 0.562459 0.01 0.01
0 0.314104 0.601283 0.01 0.01
0 0.324692 0.604812 0.01 0.01
0 0.326016 0.658930 0.01 0.01
0 0.299545 0.680106 0.01 0.01
0 0.335942 0.722459 0.01 0.01
0 0.403442 0.742459 0.01 0.01
0 0.416677 0.727165 0.01 0.01
0 0.429251 0.724812 0.01 0.01
0 0.441163 0.630694 0.01 0.01
0 0.413369 0.637753 0.01 0.01
0 0.396824 0.608342 0.01 0.01
0 0.388883 0.587165 0.01 0.01
0 0.486163 0.590694 0.01 0.01
0 0.489472 0.557753 0.01 0.01
0 0.461016 0.530694 0.01 0.01
0 0.504030 0.563636 0.01 0.01
0 0.508001 0.600106 0.01 0.01
0 0.521236 0.601283 0.01 0.01
0 0.529839 0.680106 0.01 0.01
0 0.523221 0.643636 0.01 0.01
0 0.502045 0.656577 0.01 0.01
0 0.509986 0.688341 0.01 0.01
0 0.490133 0.730694 0.01 0.01
0 0.480869 0.714224 0.01 0.01
0 0.480207 0.677753 0.01 0.01
