0 0.875781 0.283333 0.01 0.01
0 0.839844 0.337500 0.01 0.01
0 0.839844 0.280556 0.01 0.01
0 0.839844 0.276389 0.01 0.01
0 0.795313 0.280556 0.01 0.01
0 0.866406 0.415278 0.01 0.01
0 0.835938 0.420833 0.01 0.01
0 0.836719 0.434722 0.01 0.01
0 0.827344 0.466667 0.01 0.01
0 0.825000 0.606944 0.01 0.01
0 0.846875 0.594444 0.01 0.01
0 0.814844 0.647222 0.01 0.01
0 0.875000 0.644444 0.01 0.01
0 0.848810 0.743636 0.01 0.01
0 0.858074 0.756577 0.01 0.01
0 0.864692 0.814224 0.01 0.01
0 0.846163 0.808341 0.01 0.01
0 0.846163 0.818930 0.01 0.01
0 0.836898 0.863636 0.01 0.01
0 0.834251 0.871871 0.01 0.01
0 0.824986 0.894224 0.01 0.01
0 0.807780 0.871871 0.01 0.01
0 0.806457 0.945989 0.01 0.01
0 0.738295 0.924812 0.01 0.01
0 0.731677 0.913047 0.01 0.01
0 0.742266 0.898930 0.01 0.01
0 0.746898 0.910694 0.01 0.01
0 0.695942 0.913047 0.01 0.01
0 0.676089 0.905989 0.01 0.01
0 0.668148 0.905989 0.01 0.01
0 0.636383 0.955400 0.01 0.01
0 0.586751 0.923636 0.01 0.01
0 0.579471 0.904812 0.01 0.01
0 0.623148 0.905989 0.01 0.01
0 0.758148 0.835400 0.01 0.01
0 0.740942 0.820106 0.01 0.01
0 0.765427 0.813047 0.01 0.01
0 0.801824 0.809518 0.01 0.01
0 0.803148 0.731871 0.01 0.01
0 0.771383 0.780106 0.01 0.01
0 0.743589 0.764812 0.01 0.01
0 0.715795 0.744812 0.01 0.01
0 0.717119 0.681283 0.01 0.01
0 0.743589 0.728342 0.01 0.01
0 0.760795 0.700106 0.01 0.01
0 0.840207 0.231871 0.01 0.01
0 0.836898 0.187165 0.01 0.01
0 0.840207 0.129518 0.01 0.01
0 0.854766 0.116577 0.01 0.01
0 0.830280 0.143636 0.01 0.01
0 0.821677 0.136577 0.01 0.01
0 0.813736 0.117753 0.01 0.01
0 0.793222 0.114224 0.01 0.01
0 0.787266 0.105989 0.01 0.01
0 0.777339 0.109518 0.01 0.01
0 0.778001 0.100106 0.01 0.01
0 0.752192 0.096577 0.01 0.01
0 0.737633 0.096577 0.01 0.01
0 0.738957 0.103636 0.01 0.01
0 0.740942 0.117753 0.01 0.01
0 0.760133 0.177753 0.01 0.01
0 0.719766 0.105989 0.01 0.01
0 0.702560 0.117753 0.01 0.01
0 0.685354 0.105989 0.01 0.01
0 0.701236 0.083636 0.01 0.01
0 0.662854 0.089518 0.01 0.01
0 0.641016 0.115400 0.01 0.01
0 0.701898 0.161283 0.01 0.01
0 0.731677 0.281283 0.01 0.01
0 0.695280 0.237753 0.01 0.01
0 0.687339 0.208342 0.01 0.01
0 0.617854 0.102459 0.01 0.01
0 0.598001 0.109518 0.01 0.01
0 0.572854 0.108342 0.01 0.01
0 0.525207 0.107165 0.01 0.01
0 0.511310 0.105989 0.01 0.01
0 0.504692 0.114224 0.01 0.01
0 0.487486 0.094224 0.01 0.01
0 0.486824 0.068342 0.01 0.01
0 0.511972 0.070694 0.01 0.01
0 0.496089 0.145989 0.01 0.01
0 0.550354 0.169518 0.01 0.01
0 0.574839 0.168342 0.01 0.01
0 0.615869 0.240106 0.01 0.01
0 0.631751 0.295400 0.01 0.01
0 0.657560 0.314224 0.01 0.01
0 0.601972 0.353047 0.01 0.01
0 0.651604 0.371871 0.01 0.01
0 0.682045 0.398930 0.01 0.01
0 0.681383 0.434224 0.01 0.01
0 0.713810 0.431871 0.01 0.01
0 0.644324 0.458930 0.01 0.01
0 0.519251 0.869518 0.01 0.01
0 0.510648 0.796577 0.01 0.01
0 0.524545 0.713047 0.01 0.01
0 0.492780 0.740106 0.01 0.01
0 0.487486 0.741283 0.01 0.01
0 0.586089 0.747165 0.01 0.01
0 0.570869 0.698930 0.01 0.01
0 0.636383 0.661283 0.01 0.01
0 0.644986 0.633047 0.01 0.01
0 0.654251 0.633047 0.01 0.01
0 0.586089 0.638930 0.01 0.01
0 0.601310 0.610694 0.01 0.01
0 0.676089 0.558930 0.01 0.01
0 0.660869 0.527165 0.01 0.01
0 0.657560 0.508341 0.01 0.01
0 0.533810 0.438930 0.01 0.01
0 0.529839 0.468341 0.01 0.01
0 0.534472 0.413047 0.01 0.01
0 0.545060 0.335400 0.01 0.01
0 0.502045 0.318930 0.01 0.01
0 0.508663 0.202459 0.01 0.01
0 0.482192 0.247165 0.01 0.01
0 0.510648 0.416577 0.01 0.01
0 0.498074 0.422459 0.01 0.01
0 0.493442 0.425989 0.01 0.01
0 0.478222 0.383636 0.01 0.01
0 0.455722 0.213047 0.01 0.01
0 0.455722 0.171871 0.01 0.01
0 0.478222 0.180106 0.01 0.01
0 0.450427 0.113047 0.01 0.01
0 0.435869 0.108342 0.01 0.01
0 0.431236 0.109518 0.01 0.01
0 0.406089 0.128342 0.01 0.01
0 0.398810 0.115400 0.01 0.01
0 0.377633 0.108342 0.01 0.01
0 0.325354 0.071871 0.01 0.01
0 0.313442 0.088342 0.01 0.01
0 0.331971 0.104812 0.01 0.01
0 0.343221 0.117753 0.01 0.01
0 0.326677 0.135400 0.01 0.01
0 0.318736 0.149518 0.01 0.01
0 0.306163 0.109518 0.01 0.01
0 0.296236 0.109518 0.01 0.01
0 0.277707 0.144812 0.01 0.01
0 0.277707 0.101283 0.01 0.01
0 0.265795 0.109518 0.01 0.01
0 0.251236 0.107165 0.01 0.01
0 0.249251 0.075400 0.01 0.01
0 0.242633 0.101283 0.01 0.01
0 0.239324 0.109518 0.01 0.01
0 0.217486 0.123636 0.01 0.01
0 0.198957 0.077753 0.01 0.01
0 0.164545 0.113047 0.01 0.01
0 0.198957 0.144812 0.01 0.01
0 0.204251 0.165989 0.01 0.01
0 0.216824 0.157753 0.01 0.01
0 0.194324 0.222459 0.01 0.01
0 0.191016 0.267165 0.01 0.01
0 0.189692 0.308342 0.01 0.01
0 0.194324 0.323636 0.01 0.01
0 0.230060 0.320106 0.01 0.01
0 0.278369 0.314224 0.01 0.01
0 0.308148 0.253047 0.01 0.01
0 0.293589 0.225989 0.01 0.01
0 0.294913 0.202459 0.01 0.01
0 0.315427 0.222459 0.01 0.01
0 0.349177 0.157753 0.01 0.01
0 0.358442 0.218930 0.01 0.01
0 0.367045 0.202459 0.01 0.01
0 0.377633 0.195400 0.01 0.01
0 0.367707 0.234224 0.01 0.01
0 0.388222 0.284812 0.01 0.01
0 0.421971 0.254224 0.01 0.01
0 0.425942 0.313047 0.01 0.01
0 0.437854 0.497753 0.01 0.01
0 0.409398 0.485989 0.01 0.01
0 0.331310 0.430694 0.01 0.01
0 0.239324 0.491871 0.01 0.01
0 0.216824 0.420106 0.01 0.01
0 0.194324 0.396577 0.01 0.01
0 0.191677 0.370694 0.01 0.01
0 0.194986 0.433047 0.01 0.01
0 0.193001 0.443636 0.01 0.01
0 0.191016 0.463636 0.01 0.01
0 0.185722 0.469518 0.01 0.01
0 0.193663 0.485989 0.01 0.01
0 0.173148 0.484812 0.01 0.01
0 0.142707 0.510694 0.01 0.01
0 0.148663 0.568341 0.01 0.01
0 0.193663 0.511871 0.01 0.01
0 0.193663 0.521283 0.01 0.01
0 0.190354 0.551871 0.01 0.01
0 0.192339 0.563636 0.01 0.01
0 0.184398 0.610694 0.01 0.01
0 0.219471 0.636577 0.01 0.01
0 0.253883 0.621283 0.01 0.01
0 0.193001 0.651871 0.01 0.01
0 0.189030 0.667165 0.01 0.01
0 0.191677 0.694224 0.01 0.01
0 0.187045 0.756577 0.01 0.01
0 0.194986 0.776577 0.01 0.01
0 0.177119 0.791871 0.01 0.01
0 0.189692 0.836577 0.01 0.01
0 0.194986 0.837753 0.01 0.01
0 0.198295 0.850694 0.01 0.01
0 0.184398 0.863636 0.01 0.01
0 0.178442 0.884812 0.01 0.01
0 0.189692 0.878930 0.01 0.01
0 0.201604 0.862459 0.01 0.01
0 0.212854 0.862459 0.01 0.01
0 0.216824 0.855400 0.01 0.01
0 0.207560 0.881283 0.01 0.01
0 0.216824 0.931871 0.01 0.01
0 0.226089 0.896577 0.01 0.01
0 0.236016 0.896577 0.01 0.01
0 0.232045 0.802459 0.01 0.01
0 0.231383 0.753047 0.01 0.01
0 0.321383 0.622459 0.01 0.01
0 0.327339 0.614224 0.01 0.01
0 0.337266 0.571871 0.01 0.01
0 0.341236 0.534224 0.01 0.01
0 0.310133 0.538930 0.01 0.01
0 0.304839 0.701283 0.01 0.01
0 0.301530 0.764812 0.01 0.01
0 0.342560 0.737753 0.01 0.01
0 0.327339 0.664812 0.01 0.01
0 0.394177 0.596577 0.01 0.01
0 0.400795 0.627165 0.01 0.01
0 0.472927 0.549518 0.01 0.01
0 0.492780 0.567165 0.01 0.01
0 0.490133 0.600106 0.01 0.01
0 0.508001 0.574224 0.01 0.01
0 0.557633 0.580106 0.01 0.01
0 0.572854 0.605989 0.01 0.01
0 0.578148 0.584812 0.01 0.01
0 0.530501 0.616577 0.01 0.01
0 0.524545 0.630694 0.01 0.01
0 0.507339 0.670694 0.01 0.01
0 0.515942 0.698930 0.01 0.01
0 0.495427 0.709518 0.01 0.01
0 0.434545 0.663636 0.01 0.01
0 0.437192 0.645989 0.01 0.01
0 0.432560 0.737753 0.01 0.01
0 0.424619 0.741283 0.01 0.01
0 0.412707 0.734224 0.01 0.01
0 0.473589 0.869518 0.01 0.01
0 0.454398 0.903636 0.01 0.01
0 0.429251 0.907165 0.01 0.01
0 0.402119 0.916577 0.01 0.01
0 0.394839 0.868342 0.01 0.01
0 0.356457 0.894224 0.01 0.01
0 0.340574 0.960106 0.01 0.01
0 0.305501 0.917753 0.01 0.01
0 0.293589 0.910694 0.01 0.01
0 0.288295 0.908341 0.01 0.01
0 0.270427 0.934224 0.01 0.01
0 0.294913 0.861283 0.01 0.01
