0 0.196972 0.090694 0.01 0.01
0 0.188369 0.121283 0.01 0.01
0 0.212854 0.171871 0.01 0.01
0 0.229398 0.209518 0.01 0.01
0 0.228736 0.150694 0.01 0.01
0 0.221457 0.140106 0.01 0.01
0 0.247266 0.135400 0.01 0.01
0 0.246604 0.125989 0.01 0.01
0 0.254545 0.111871 0.01 0.01
0 0.237339 0.073047 0.01 0.01
0 0.271089 0.082459 0.01 0.01
0 0.304839 0.102459 0.01 0.01
0 0.337927 0.103636 0.01 0.01
0 0.349839 0.115400 0.01 0.01
0 0.351163 0.103636 0.01 0.01
0 0.365722 0.098930 0.01 0.01
0 0.368369 0.143636 0.01 0.01
0 0.358442 0.196577 0.01 0.01
0 0.380280 0.195400 0.01 0.01
0 0.268442 0.250694 0.01 0.01
0 0.319398 0.298930 0.01 0.01
0 0.348516 0.317753 0.01 0.01
0 0.360427 0.310694 0.01 0.01
0 0.365722 0.348341 0.01 0.01
0 0.383589 0.333047 0.01 0.01
0 0.403442 0.273047 0.01 0.01
0 0.497413 0.107165 0.01 0.01
0 0.515280 0.064812 0.01 0.01
0 0.527192 0.094224 0.01 0.01
0 0.553663 0.160106 0.01 0.01
0 0.568222 0.108342 0.01 0.01
0 0.574177 0.107165 0.01 0.01
0 0.594030 0.107165 0.01 0.01
0 0.599986 0.143636 0.01 0.01
0 0.632413 0.110694 0.01 0.01
0 0.709839 0.094224 0.01 0.01
0 0.702560 0.108342 0.01 0.01
0 0.718442 0.076577 0.01 0.01
0 0.710501 0.187165 0.01 0.01
0 0.725721 0.165989 0.01 0.01
0 0.745574 0.208342 0.01 0.01
0 0.682045 0.231871 0.01 0.01
0 0.662192 0.284812 0.01 0.01
0 0.785942 0.309518 0.01 0.01
0 0.793883 0.317753 0.01 0.01
0 0.846163 0.317753 0.01 0.01
0 0.778663 0.153047 0.01 0.01
0 0.794545 0.183636 0.01 0.01
0 0.806457 0.148342 0.01 0.01
0 0.803148 0.105989 0.01 0.01
0 0.820354 0.127165 0.01 0.01
0 0.836898 0.121283 0.01 0.01
0 0.836236 0.107165 0.01 0.01
0 0.846163 0.073047 0.01 0.01
0 0.864030 0.127165 0.01 0.01
0 0.866016 0.142459 0.01 0.01
0 0.875942 0.130694 0.01 0.01
0 0.885869 0.150694 0.01 0.01
0 0.889839 0.149518 0.01 0.01
0 0.881236 0.191871 0.01 0.01
0 0.885869 0.220106 0.01 0.01
0 0.881898 0.227165 0.01 0.01
0 0.907045 0.213047 0.01 0.01
0 0.914986 0.191871 0.01 0.01
0 0.899104 0.317753 0.01 0.01
0 0.904398 0.348341 0.01 0.01
0 0.896457 0.340106 0.01 0.01
0 0.931530 0.387165 0.01 0.01
0 0.905060 0.414224 0.01 0.01
0 0.864030 0.558930 0.01 0.01
0 0.897119 0.578930 0.01 0.01
0 0.896457 0.610694 0.01 0.01
0 0.859398 0.771871 0.01 0.01
0 0.883222 0.835400 0.01 0.01
0 0.932192 0.668342 0.01 0.01
0 0.897119 0.827165 0.01 0.01
0 0.885869 0.867165 0.01 0.01
0 0.868663 0.874224 0.01 0.01
0 0.863369 0.835400 0.01 0.01
0 0.889177 0.897753 0.01 0.01
0 0.919619 0.881283 0.01 0.01
0 0.877927 0.953047 0.01 0.01
0 0.834913 0.940106 0.01 0.01
0 0.831604 0.905989 0.01 0.01
0 0.802486 0.935400 0.01 0.01
0 0.799177 0.937753 0.01 0.01
0 0.781310 0.868342 0.01 0.01
0 0.774030 0.771871 0.01 0.01
0 0.729030 0.830694 0.01 0.01
0 0.707192 0.821283 0.01 0.01
0 0.675427 0.880106 0.01 0.01
0 0.709177 0.920106 0.01 0.01
0 0.717119 0.928342 0.01 0.01
0 0.713148 0.954224 0.01 0.01
0 0.729030 0.931871 0.01 0.01
0 0.755501 0.942459 0.01 0.01
0 0.756163 0.954224 0.01 0.01
0 0.785280 0.658930 0.01 0.01
0 0.769398 0.600106 0.01 0.01
0 0.777339 0.618930 0.01 0.01
0 0.717119 0.583636 0.01 0.01
0 0.724398 0.557753 0.01 0.01
0 0.684030 0.544812 0.01 0.01
0 0.699913 0.469518 0.01 0.01
0 0.680060 0.489518 0.01 0.01
0 0.662854 0.483636 0.01 0.01
0 0.665501 0.451871 0.01 0.01
0 0.638369 0.476577 0.01 0.01
0 0.619839 0.488342 0.01 0.01
0 0.578148 0.365989 0.01 0.01
0 0.567560 0.411871 0.01 0.01
0 0.517927 0.283636 0.01 0.01
0 0.481530 0.421283 0.01 0.01
0 0.441824 0.464812 0.01 0.01
0 0.402119 0.485989 0.01 0.01
0 0.391530 0.390694 0.01 0.01
0 0.357119 0.422459 0.01 0.01
0 0.228074 0.335400 0.01 0.01
0 0.224104 0.360106 0.01 0.01
0 0.231383 0.371871 0.01 0.01
0 0.213516 0.420106 0.01 0.01
0 0.228074 0.476577 0.01 0.01
0 0.228074 0.487165 0.01 0.01
0 0.226089 0.522459 0.01 0.01
0 0.246604 0.514224 0.01 0.01
0 0.270427 0.591871 0.01 0.01
0 0.418663 0.636577 0.01 0.01
0 0.461677 0.521283 0.01 0.01
0 0.484839 0.520106 0.01 0.01
0 0.474913 0.584812 0.01 0.01
0 0.453074 0.624812 0.01 0.01
0 0.496751 0.664812 0.01 0.01
0 0.519913 0.580106 0.01 0.01
0 0.582119 0.664812 0.01 0.01
0 0.644986 0.705989 0.01 0.01
0 0.537119 0.757753 0.01 0.01
0 0.572192 0.850694 0.01 0.01
0 0.511310 0.905989 0.01 0.01
0 0.498736 0.931871 0.01 0.01
0 0.487486 0.889518 0.01 0.01
0 0.476898 0.902459 0.01 0.01
0 0.435207 0.809518 0.01 0.01
0 0.438516 0.748342 0.01 0.01
0 0.412707 0.896577 0.01 0.01
0 0.388883 0.920106 0.01 0.01
0 0.367707 0.925989 0.01 0.01
0 0.359766 0.930694 0.01 0.01
0 0.363736 0.856577 0.01 0.01
0 0.363074 0.841283 0.01 0.01
0 0.355133 0.807165 0.01 0.01
0 0.369030 0.768341 0.01 0.01
0 0.361751 0.755400 0.01 0.01
0 0.337266 0.871871 0.01 0.01
0 0.317413 0.893047 0.01 0.01
0 0.337927 0.980106 0.01 0.01
0 0.306163 0.931871 0.01 0.01
0 0.300869 0.920106 0.01 0.01
0 0.298883 0.929518 0.01 0.01
0 0.290280 0.976577 0.01 0.01
0 0.271089 0.917753 0.01 0.01
0 0.261163 0.913047 0.01 0.01
0 0.251236 0.911871 0.01 0.01
0 0.238663 0.888342 0.01 0.01
0 0.232045 0.895400 0.01 0.01
0 0.218148 0.901283 0.01 0.01
0 0.224104 0.880106 0.01 0.01
0 0.221457 0.987165 0.01 0.01
0 0.179766 0.876577 0.01 0.01
0 0.171824 0.797753 0.01 0.01
0 0.226089 0.824812 0.01 0.01
0 0.251898 0.797753 0.01 0.01
0 0.248589 0.778930 0.01 0.01
0 0.223442 0.748342 0.01 0.01
0 0.247927 0.677753 0.01 0.01
0 0.283663 0.687165 0.01 0.01
