0 0.131250 0.072222 0.01 0.01
0 0.294531 0.176389 0.01 0.01
0 0.409375 0.329167 0.01 0.01
0 0.453906 0.309722 0.01 0.01
0 0.645312 0.081944 0.01 0.01
0 0.592188 0.201389 0.01 0.01
0 0.702344 0.186111 0.01 0.01
0 0.752344 0.388889 0.01 0.01
0 0.719531 0.444444 0.01 0.01
0 0.617188 0.580556 0.01 0.01
0 0.478125 0.686111 0.01 0.01
0 0.435937 0.665278 0.01 0.01
0 0.346875 0.537500 0.01 0.01
0 0.232812 0.737500 0.01 0.01
0 0.244531 0.883333 0.01 0.01
0 0.508594 0.811111 0.01 0.01
0 0.378125 0.738889 0.01 0.01
0 0.557813 0.908333 0.01 0.01
0 0.583594 0.934722 0.01 0.01
0 0.850781 0.861111 0.01 0.01
0 0.796875 0.837500 0.01 0.01
0 0.857813 0.804167 0.01 0.01
0 0.856250 0.548611 0.01 0.01
0 0.815625 0.461111 0.01 0.01
0 0.834375 0.265278 0.01 0.01
0 0.801562 0.172222 0.01 0.01
0 0.860156 0.166667 0.01 0.01
0 0.851562 0.111111 0.01 0.01
0 0.801562 0.083333 0.01 0.01
0 0.779688 0.027778 0.01 0.01
