0 0.787500 0.061111 0.01 0.01
0 0.765625 0.202778 0.01 0.01
0 0.642969 0.265278 0.01 0.01
0 0.678125 0.343056 0.01 0.01
0 0.620313 0.340278 0.01 0.01
0 0.670313 0.452778 0.01 0.01
0 0.837500 0.391667 0.01 0.01
0 0.861719 0.308333 0.01 0.01
0 0.864844 0.586111 0.01 0.01
0 0.707812 0.626389 0.01 0.01
0 0.553125 0.498611 0.01 0.01
0 0.398438 0.516667 0.01 0.01
0 0.376563 0.473611 0.01 0.01
0 0.478125 0.677778 0.01 0.01
0 0.445312 0.740278 0.01 0.01
0 0.442969 0.809722 0.01 0.01
0 0.447656 0.940278 0.01 0.01
0 0.400000 0.730556 0.01 0.01
0 0.550000 0.809722 0.01 0.01
0 0.629687 0.855556 0.01 0.01
0 0.707031 0.845833 0.01 0.01
0 0.803906 0.934722 0.01 0.01
0 0.858594 0.858333 0.01 0.01
0 0.869531 0.825000 0.01 0.01
0 0.225781 0.620833 0.01 0.01
0 0.295312 0.287500 0.01 0.01
0 0.266406 0.188889 0.01 0.01
0 0.476562 0.040278 0.01 0.01
