0 0.712486 0.850694 0.01 0.01
0 0.739619 0.856577 0.01 0.01
0 0.763442 0.857753 0.01 0.01
0 0.772707 0.861283 0.01 0.01
0 0.807780 0.844812 0.01 0.01
0 0.813074 0.857753 0.01 0.01
0 0.832927 0.863636 0.01 0.01
0 0.846163 0.844812 0.01 0.01
0 0.866677 0.820106 0.01 0.01
0 0.868663 0.765989 0.01 0.01
0 0.829619 0.797753 0.01 0.01
0 0.834251 0.740106 0.01 0.01
0 0.830280 0.724812 0.01 0.01
0 0.783295 0.724812 0.01 0.01
0 0.750207 0.713047 0.01 0.01
0 0.729030 0.702459 0.01 0.01
0 0.704545 0.698930 0.01 0.01
0 0.680722 0.684812 0.01 0.01
0 0.842854 0.713047 0.01 0.01
0 0.833589 0.640106 0.01 0.01
0 0.808442 0.611871 0.01 0.01
0 0.828295 0.595400 0.01 0.01
0 0.824324 0.573047 0.01 0.01
0 0.830942 0.571871 0.01 0.01
0 0.824324 0.562459 0.01 0.01
0 0.791898 0.501283 0.01 0.01
0 0.863369 0.470694 0.01 0.01
0 0.856089 0.464812 0.01 0.01
0 0.831604 0.388342 0.01 0.01
0 0.799839 0.369518 0.01 0.01
0 0.827633 0.297753 0.01 0.01
0 0.852780 0.254224 0.01 0.01
0 0.832927 0.193047 0.01 0.01
0 0.828957 0.178930 0.01 0.01
0 0.834251 0.171871 0.01 0.01
0 0.808442 0.200106 0.01 0.01
0 0.746236 0.222459 0.01 0.01
0 0.700574 0.136577 0.01 0.01
0 0.744913 0.124812 0.01 0.01
0 0.766089 0.116577 0.01 0.01
0 0.839545 0.133047 0.01 0.01
0 0.834251 0.122459 0.01 0.01
0 0.823001 0.124812 0.01 0.01
0 0.820354 0.114224 0.01 0.01
0 0.825648 0.113047 0.01 0.01
0 0.840207 0.085989 0.01 0.01
0 0.817045 0.098930 0.01 0.01
0 0.791236 0.074224 0.01 0.01
0 0.777339 0.075400 0.01 0.01
0 0.774030 0.085989 0.01 0.01
0 0.768074 0.071871 0.01 0.01
0 0.764766 0.074224 0.01 0.01
0 0.757486 0.067165 0.01 0.01
0 0.739619 0.062459 0.01 0.01
0 0.731677 0.053047 0.01 0.01
0 0.723736 0.071871 0.01 0.01
0 0.716457 0.071871 0.01 0.01
0 0.704545 0.076577 0.01 0.01
0 0.687339 0.081283 0.01 0.01
0 0.672119 0.073047 0.01 0.01
0 0.675427 0.047165 0.01 0.01
0 0.659545 0.073047 0.01 0.01
0 0.650280 0.056577 0.01 0.01
0 0.646310 0.135400 0.01 0.01
0 0.619839 0.161283 0.01 0.01
0 0.593369 0.090694 0.01 0.01
0 0.589398 0.089518 0.01 0.01
0 0.592707 0.074224 0.01 0.01
0 0.602633 0.078930 0.01 0.01
0 0.570869 0.089518 0.01 0.01
0 0.570869 0.160106 0.01 0.01
0 0.534472 0.153047 0.01 0.01
0 0.527192 0.061283 0.01 0.01
0 0.491457 0.061283 0.01 0.01
0 0.472266 0.088342 0.01 0.01
0 0.463001 0.125989 0.01 0.01
0 0.486824 0.151871 0.01 0.01
0 0.476236 0.170694 0.01 0.01
0 0.500722 0.187165 0.01 0.01
0 0.452413 0.057753 0.01 0.01
0 0.437192 0.071871 0.01 0.01
0 0.429913 0.075400 0.01 0.01
0 0.395501 0.062459 0.01 0.01
0 0.372339 0.075400 0.01 0.01
0 0.386898 0.105989 0.01 0.01
0 0.374324 0.122459 0.01 0.01
0 0.359766 0.151871 0.01 0.01
0 0.335942 0.085989 0.01 0.01
0 0.348516 0.063636 0.01 0.01
0 0.308810 0.054224 0.01 0.01
0 0.193001 0.029518 0.01 0.01
0 0.194324 0.050694 0.01 0.01
0 0.269104 0.061283 0.01 0.01
0 0.264472 0.067165 0.01 0.01
0 0.259839 0.103636 0.01 0.01
0 0.248589 0.062459 0.01 0.01
0 0.232045 0.058930 0.01 0.01
0 0.227413 0.063636 0.01 0.01
0 0.220133 0.074224 0.01 0.01
0 0.214177 0.077753 0.01 0.01
0 0.221457 0.101283 0.01 0.01
0 0.212192 0.104812 0.01 0.01
0 0.206236 0.113047 0.01 0.01
0 0.207560 0.103636 0.01 0.01
0 0.204251 0.117753 0.01 0.01
0 0.198295 0.117753 0.01 0.01
0 0.194986 0.105989 0.01 0.01
0 0.185060 0.124812 0.01 0.01
0 0.168516 0.151871 0.01 0.01
0 0.173810 0.170694 0.01 0.01
0 0.200280 0.138930 0.01 0.01
0 0.212192 0.140106 0.01 0.01
0 0.222780 0.157753 0.01 0.01
0 0.294913 0.249518 0.01 0.01
0 0.291604 0.228342 0.01 0.01
0 0.401457 0.215400 0.01 0.01
0 0.427266 0.296577 0.01 0.01
0 0.478222 0.235400 0.01 0.01
0 0.607266 0.229518 0.01 0.01
0 0.590721 0.261283 0.01 0.01
0 0.512633 0.271871 0.01 0.01
0 0.513295 0.349518 0.01 0.01
0 0.511310 0.358930 0.01 0.01
0 0.535795 0.322459 0.01 0.01
0 0.557633 0.324812 0.01 0.01
0 0.582119 0.356577 0.01 0.01
0 0.640354 0.380106 0.01 0.01
0 0.641016 0.401283 0.01 0.01
0 0.650280 0.400106 0.01 0.01
0 0.664177 0.383636 0.01 0.01
0 0.703221 0.444812 0.01 0.01
0 0.659545 0.497753 0.01 0.01
0 0.672119 0.529518 0.01 0.01
0 0.635060 0.570694 0.01 0.01
0 0.609251 0.460106 0.01 0.01
0 0.641016 0.637753 0.01 0.01
0 0.580133 0.622459 0.01 0.01
0 0.591383 0.585989 0.01 0.01
0 0.569545 0.671871 0.01 0.01
0 0.577486 0.700106 0.01 0.01
0 0.586089 0.767165 0.01 0.01
0 0.588074 0.789518 0.01 0.01
0 0.619839 0.788342 0.01 0.01
0 0.584766 0.816577 0.01 0.01
0 0.587413 0.854224 0.01 0.01
0 0.601972 0.855400 0.01 0.01
0 0.259177 0.267165 0.01 0.01
0 0.221457 0.216577 0.01 0.01
0 0.197633 0.228342 0.01 0.01
0 0.195648 0.255400 0.01 0.01
0 0.194986 0.277753 0.01 0.01
0 0.195648 0.305989 0.01 0.01
0 0.186383 0.305989 0.01 0.01
0 0.174472 0.307165 0.01 0.01
0 0.176457 0.388342 0.01 0.01
0 0.183074 0.418930 0.01 0.01
0 0.192339 0.405989 0.01 0.01
0 0.193663 0.393047 0.01 0.01
0 0.208222 0.368341 0.01 0.01
0 0.252560 0.384812 0.01 0.01
0 0.255207 0.434224 0.01 0.01
0 0.277045 0.481283 0.01 0.01
0 0.333295 0.396577 0.01 0.01
0 0.321383 0.548342 0.01 0.01
0 0.375648 0.581283 0.01 0.01
0 0.427927 0.396577 0.01 0.01
0 0.449766 0.430694 0.01 0.01
0 0.455722 0.427165 0.01 0.01
0 0.459030 0.438930 0.01 0.01
0 0.475574 0.405989 0.01 0.01
0 0.484177 0.382459 0.01 0.01
0 0.543074 0.555400 0.01 0.01
0 0.518589 0.576577 0.01 0.01
0 0.493442 0.560106 0.01 0.01
0 0.482192 0.549518 0.01 0.01
0 0.450427 0.543636 0.01 0.01
0 0.464324 0.604812 0.01 0.01
0 0.435869 0.608342 0.01 0.01
0 0.508663 0.670694 0.01 0.01
0 0.522560 0.749518 0.01 0.01
0 0.467633 0.714224 0.01 0.01
0 0.460354 0.717753 0.01 0.01
0 0.529839 0.840106 0.01 0.01
0 0.543736 0.808341 0.01 0.01
0 0.520574 0.850694 0.01 0.01
0 0.495427 0.853047 0.01 0.01
0 0.480207 0.863636 0.01 0.01
0 0.473589 0.850694 0.01 0.01
0 0.456383 0.856577 0.01 0.01
0 0.406751 0.887165 0.01 0.01
0 0.423957 0.836577 0.01 0.01
0 0.400133 0.854224 0.01 0.01
0 0.395501 0.834224 0.01 0.01
0 0.342560 0.851871 0.01 0.01
0 0.331971 0.715400 0.01 0.01
0 0.353810 0.628341 0.01 0.01
0 0.298883 0.717753 0.01 0.01
0 0.287633 0.715400 0.01 0.01
0 0.288957 0.667165 0.01 0.01
0 0.289619 0.618930 0.01 0.01
0 0.277707 0.603636 0.01 0.01
0 0.253222 0.575400 0.01 0.01
0 0.239986 0.625989 0.01 0.01
0 0.255869 0.647165 0.01 0.01
0 0.145354 0.573047 0.01 0.01
0 0.262486 0.851871 0.01 0.01
0 0.266457 0.849518 0.01 0.01
0 0.290280 0.858930 0.01 0.01
0 0.239986 0.857753 0.01 0.01
0 0.239324 0.881283 0.01 0.01
0 0.199619 0.887165 0.01 0.01
0 0.187045 0.898930 0.01 0.01
0 0.178442 0.875400 0.01 0.01
0 0.138074 0.814224 0.01 0.01
0 0.143369 0.774224 0.01 0.01
0 0.196310 0.481283 0.01 0.01
0 0.190354 0.511871 0.01 0.01
0 0.195648 0.593047 0.01 0.01
0 0.191016 0.638930 0.01 0.01
0 0.185722 0.627165 0.01 0.01
0 0.173810 0.627165 0.01 0.01
0 0.157927 0.668342 0.01 0.01
0 0.157927 0.700106 0.01 0.01
0 0.185722 0.705989 0.01 0.01
0 0.193663 0.682459 0.01 0.01
0 0.187045 0.678930 0.01 0.01
0 0.238663 0.722459 0.01 0.01
0 0.245942 0.718930 0.01 0.01
0 0.257854 0.748342 0.01 0.01
0 0.244619 0.774224 0.01 0.01
0 0.200942 0.762459 0.01 0.01
0 0.189692 0.784812 0.01 0.01
0 0.185060 0.763636 0.01 0.01
0 0.196310 0.803636 0.01 0.01
0 0.200942 0.813047 0.01 0.01
0 0.185060 0.828341 0.01 0.01
0 0.209545 0.821283 0.01 0.01
0 0.206236 0.831871 0.01 0.01
0 0.206898 0.845989 0.01 0.01
0 0.210207 0.831871 0.01 0.01
0 0.221457 0.831871 0.01 0.01
0 0.226751 0.835400 0.01 0.01
0 0.529177 0.437753 0.01 0.01
0 0.383589 0.311871 0.01 0.01
