0 0.790625 0.056944 0.01 0.01
0 0.796875 0.073611 0.01 0.01
0 0.800781 0.079167 0.01 0.01
0 0.810156 0.091667 0.01 0.01
0 0.810156 0.102778 0.01 0.01
0 0.814062 0.116667 0.01 0.01
0 0.821875 0.158333 0.01 0.01
0 0.823438 0.137500 0.01 0.01
0 0.802344 0.168056 0.01 0.01
0 0.818750 0.197222 0.01 0.01
0 0.754687 0.112500 0.01 0.01
0 0.771875 0.076389 0.01 0.01
0 0.762500 0.054167 0.01 0.01
0 0.752344 0.052778 0.01 0.01
0 0.746875 0.050000 0.01 0.01
0 0.726562 0.047222 0.01 0.01
0 0.714844 0.054167 0.01 0.01
0 0.700000 0.052778 0.01 0.01
0 0.694531 0.050000 0.01 0.01
0 0.692969 0.055556 0.01 0.01
0 0.675000 0.041667 0.01 0.01
0 0.670313 0.044444 0.01 0.01
0 0.657812 0.056944 0.01 0.01
0 0.627344 0.047222 0.01 0.01
0 0.578125 0.059722 0.01 0.01
0 0.575000 0.080556 0.01 0.01
0 0.523438 0.072222 0.01 0.01
0 0.510156 0.044444 0.01 0.01
0 0.501562 0.054167 0.01 0.01
0 0.489844 0.166667 0.01 0.01
0 0.538281 0.133333 0.01 0.01
0 0.558594 0.134722 0.01 0.01
0 0.587500 0.122222 0.01 0.01
0 0.601562 0.119444 0.01 0.01
0 0.632031 0.122222 0.01 0.01
0 0.657812 0.101389 0.01 0.01
0 0.642969 0.073611 0.01 0.01
0 0.668750 0.070833 0.01 0.01
0 0.687500 0.102778 0.01 0.01
0 0.688281 0.118056 0.01 0.01
0 0.808594 0.048611 0.01 0.01
0 0.792969 0.230556 0.01 0.01
0 0.814062 0.279167 0.01 0.01
0 0.703125 0.272222 0.01 0.01
0 0.583594 0.227778 0.01 0.01
0 0.539062 0.227778 0.01 0.01
0 0.512500 0.248611 0.01 0.01
0 0.510156 0.308333 0.01 0.01
0 0.567187 0.331944 0.01 0.01
0 0.576563 0.325000 0.01 0.01
0 0.657031 0.305556 0.01 0.01
0 0.753125 0.376389 0.01 0.01
0 0.821094 0.336111 0.01 0.01
0 0.796094 0.487500 0.01 0.01
0 0.810156 0.501389 0.01 0.01
0 0.819531 0.523611 0.01 0.01
0 0.846094 0.451389 0.01 0.01
0 0.833594 0.445833 0.01 0.01
0 0.683594 0.504167 0.01 0.01
0 0.660937 0.490278 0.01 0.01
0 0.646875 0.473611 0.01 0.01
0 0.642187 0.452778 0.01 0.01
0 0.653125 0.390278 0.01 0.01
0 0.625781 0.384722 0.01 0.01
0 0.598437 0.437500 0.01 0.01
0 0.536719 0.502778 0.01 0.01
0 0.814062 0.555556 0.01 0.01
0 0.852344 0.605556 0.01 0.01
0 0.849219 0.686111 0.01 0.01
0 0.829687 0.693056 0.01 0.01
0 0.819531 0.708333 0.01 0.01
0 0.823438 0.845833 0.01 0.01
0 0.838281 0.811111 0.01 0.01
0 0.824219 0.781944 0.01 0.01
0 0.817187 0.769444 0.01 0.01
0 0.820312 0.725000 0.01 0.01
0 0.803125 0.784722 0.01 0.01
0 0.792969 0.827778 0.01 0.01
0 0.798437 0.831944 0.01 0.01
0 0.765625 0.829167 0.01 0.01
0 0.760156 0.838889 0.01 0.01
0 0.720312 0.806944 0.01 0.01
0 0.718750 0.840278 0.01 0.01
0 0.694531 0.837500 0.01 0.01
0 0.679688 0.838889 0.01 0.01
0 0.748438 0.706944 0.01 0.01
0 0.764063 0.684722 0.01 0.01
0 0.737500 0.581944 0.01 0.01
0 0.619531 0.680556 0.01 0.01
0 0.568750 0.594444 0.01 0.01
0 0.560156 0.650000 0.01 0.01
0 0.567969 0.670833 0.01 0.01
0 0.561719 0.681944 0.01 0.01
0 0.575781 0.748611 0.01 0.01
0 0.622656 0.756944 0.01 0.01
0 0.691406 0.670833 0.01 0.01
0 0.614062 0.831944 0.01 0.01
0 0.521875 0.862500 0.01 0.01
0 0.510938 0.852778 0.01 0.01
0 0.551562 0.777778 0.01 0.01
0 0.484375 0.831944 0.01 0.01
0 0.503125 0.809722 0.01 0.01
0 0.470313 0.833333 0.01 0.01
0 0.500000 0.661111 0.01 0.01
0 0.505469 0.605556 0.01 0.01
0 0.482031 0.530556 0.01 0.01
0 0.478906 0.504167 0.01 0.01
0 0.440625 0.541667 0.01 0.01
0 0.421094 0.576389 0.01 0.01
0 0.460156 0.581944 0.01 0.01
0 0.460938 0.615278 0.01 0.01
0 0.455469 0.745833 0.01 0.01
0 0.435156 0.777778 0.01 0.01
0 0.447656 0.836111 0.01 0.01
0 0.455469 0.829167 0.01 0.01
0 0.385938 0.806944 0.01 0.01
0 0.383594 0.780556 0.01 0.01
0 0.313281 0.801389 0.01 0.01
0 0.273438 0.827778 0.01 0.01
0 0.250781 0.829167 0.01 0.01
0 0.257812 0.831944 0.01 0.01
0 0.211719 0.850000 0.01 0.01
0 0.193750 0.829167 0.01 0.01
0 0.167969 0.847222 0.01 0.01
0 0.149219 0.868056 0.01 0.01
0 0.128906 0.705556 0.01 0.01
0 0.164062 0.784722 0.01 0.01
0 0.170312 0.770833 0.01 0.01
0 0.179688 0.769444 0.01 0.01
0 0.184375 0.797222 0.01 0.01
0 0.189844 0.787500 0.01 0.01
0 0.193750 0.804167 0.01 0.01
0 0.212500 0.812500 0.01 0.01
0 0.216406 0.763889 0.01 0.01
0 0.179688 0.752778 0.01 0.01
0 0.178125 0.741667 0.01 0.01
0 0.182812 0.712500 0.01 0.01
0 0.197656 0.723611 0.01 0.01
0 0.234375 0.750000 0.01 0.01
0 0.245312 0.734722 0.01 0.01
0 0.231250 0.700000 0.01 0.01
0 0.241406 0.694444 0.01 0.01
0 0.248437 0.697222 0.01 0.01
0 0.322656 0.688889 0.01 0.01
0 0.392188 0.654167 0.01 0.01
0 0.342969 0.598611 0.01 0.01
0 0.367969 0.555556 0.01 0.01
0 0.396875 0.502778 0.01 0.01
0 0.425781 0.491667 0.01 0.01
0 0.377344 0.451389 0.01 0.01
0 0.310156 0.526389 0.01 0.01
0 0.278906 0.655556 0.01 0.01
0 0.282813 0.638889 0.01 0.01
0 0.278125 0.604167 0.01 0.01
0 0.268750 0.584722 0.01 0.01
0 0.239844 0.551389 0.01 0.01
0 0.196875 0.573611 0.01 0.01
0 0.181250 0.575000 0.01 0.01
0 0.179688 0.626389 0.01 0.01
0 0.182812 0.663889 0.01 0.01
0 0.180469 0.650000 0.01 0.01
0 0.162500 0.568056 0.01 0.01
0 0.181250 0.545833 0.01 0.01
0 0.179688 0.502778 0.01 0.01
0 0.184375 0.462500 0.01 0.01
0 0.228125 0.475000 0.01 0.01
0 0.166406 0.404167 0.01 0.01
0 0.183594 0.375000 0.01 0.01
0 0.239063 0.408333 0.01 0.01
0 0.270312 0.405556 0.01 0.01
0 0.242188 0.363889 0.01 0.01
0 0.271094 0.276389 0.01 0.01
0 0.387500 0.358333 0.01 0.01
0 0.412500 0.390278 0.01 0.01
0 0.462500 0.377778 0.01 0.01
0 0.458594 0.356944 0.01 0.01
0 0.472656 0.266667 0.01 0.01
0 0.500781 0.248611 0.01 0.01
0 0.487500 0.233333 0.01 0.01
0 0.476562 0.138889 0.01 0.01
0 0.471875 0.127778 0.01 0.01
0 0.477344 0.034722 0.01 0.01
0 0.438281 0.043056 0.01 0.01
0 0.437500 0.052778 0.01 0.01
0 0.422656 0.034722 0.01 0.01
0 0.406250 0.048611 0.01 0.01
0 0.392188 0.054167 0.01 0.01
0 0.359375 0.050000 0.01 0.01
0 0.348437 0.047222 0.01 0.01
0 0.333594 0.050000 0.01 0.01
0 0.322656 0.063889 0.01 0.01
0 0.356250 0.083333 0.01 0.01
0 0.319531 0.175000 0.01 0.01
0 0.378906 0.233333 0.01 0.01
0 0.422656 0.252778 0.01 0.01
0 0.225781 0.238889 0.01 0.01
0 0.200000 0.254167 0.01 0.01
0 0.183594 0.331944 0.01 0.01
0 0.169531 0.306944 0.01 0.01
0 0.167969 0.277778 0.01 0.01
0 0.182031 0.283333 0.01 0.01
0 0.181250 0.269444 0.01 0.01
0 0.183594 0.258333 0.01 0.01
0 0.178125 0.234722 0.01 0.01
0 0.141406 0.080556 0.01 0.01
0 0.153125 0.083333 0.01 0.01
0 0.153906 0.073611 0.01 0.01
0 0.171875 0.068056 0.01 0.01
0 0.187500 0.054167 0.01 0.01
0 0.192188 0.069444 0.01 0.01
0 0.210938 0.063889 0.01 0.01
0 0.202344 0.076389 0.01 0.01
0 0.189063 0.097222 0.01 0.01
0 0.176563 0.097222 0.01 0.01
0 0.179688 0.108333 0.01 0.01
0 0.184375 0.119444 0.01 0.01
0 0.186719 0.129167 0.01 0.01
0 0.202344 0.133333 0.01 0.01
0 0.210938 0.131944 0.01 0.01
0 0.200000 0.119444 0.01 0.01
0 0.213281 0.106944 0.01 0.01
0 0.240625 0.068056 0.01 0.01
0 0.233594 0.054167 0.01 0.01
0 0.235938 0.050000 0.01 0.01
0 0.231250 0.044444 0.01 0.01
0 0.238281 0.038889 0.01 0.01
0 0.263281 0.052778 0.01 0.01
0 0.269531 0.061111 0.01 0.01
0 0.467969 0.058333 0.01 0.01
