0 0.203125 0.251389 0.01 0.01
0 0.204688 0.154167 0.01 0.01
0 0.209375 0.138889 0.01 0.01
0 0.217187 0.118056 0.01 0.01
0 0.276563 0.083333 0.01 0.01
0 0.266406 0.034722 0.01 0.01
0 0.349219 0.081944 0.01 0.01
0 0.323438 0.122222 0.01 0.01
0 0.350000 0.256944 0.01 0.01
0 0.435937 0.205556 0.01 0.01
0 0.447656 0.131944 0.01 0.01
0 0.425781 0.088889 0.01 0.01
0 0.457812 0.091667 0.01 0.01
0 0.458594 0.113889 0.01 0.01
0 0.525000 0.090278 0.01 0.01
0 0.612500 0.088889 0.01 0.01
0 0.668750 0.093056 0.01 0.01
0 0.685938 0.166667 0.01 0.01
0 0.751562 0.063889 0.01 0.01
0 0.763281 0.093056 0.01 0.01
0 0.808594 0.097222 0.01 0.01
0 0.832031 0.105556 0.01 0.01
0 0.844531 0.125000 0.01 0.01
0 0.878906 0.169444 0.01 0.01
0 0.860156 0.184722 0.01 0.01
0 0.788281 0.184722 0.01 0.01
0 0.764844 0.237500 0.01 0.01
0 0.761719 0.323611 0.01 0.01
0 0.621094 0.193056 0.01 0.01
0 0.591406 0.261111 0.01 0.01
0 0.570312 0.252778 0.01 0.01
0 0.557813 0.254167 0.01 0.01
0 0.558594 0.231944 0.01 0.01
0 0.473437 0.333333 0.01 0.01
0 0.503906 0.422222 0.01 0.01
0 0.542188 0.366667 0.01 0.01
0 0.557813 0.383333 0.01 0.01
0 0.566406 0.365278 0.01 0.01
0 0.619531 0.348611 0.01 0.01
0 0.602344 0.359722 0.01 0.01
0 0.853906 0.413889 0.01 0.01
0 0.814062 0.456944 0.01 0.01
0 0.851562 0.523611 0.01 0.01
0 0.854688 0.602778 0.01 0.01
0 0.876562 0.651389 0.01 0.01
0 0.867969 0.669444 0.01 0.01
0 0.825781 0.705556 0.01 0.01
0 0.779688 0.536111 0.01 0.01
0 0.743750 0.552778 0.01 0.01
0 0.708594 0.508333 0.01 0.01
0 0.606250 0.430556 0.01 0.01
0 0.612500 0.512500 0.01 0.01
0 0.592188 0.526389 0.01 0.01
0 0.537500 0.525000 0.01 0.01
0 0.445312 0.572222 0.01 0.01
0 0.427344 0.602778 0.01 0.01
0 0.420312 0.570833 0.01 0.01
0 0.403125 0.684722 0.01 0.01
0 0.319531 0.569444 0.01 0.01
0 0.217969 0.447222 0.01 0.01
0 0.217187 0.473611 0.01 0.01
0 0.201562 0.604167 0.01 0.01
0 0.200781 0.630556 0.01 0.01
0 0.210938 0.663889 0.01 0.01
0 0.204688 0.666667 0.01 0.01
0 0.212500 0.772222 0.01 0.01
0 0.191406 0.769444 0.01 0.01
0 0.198437 0.808333 0.01 0.01
0 0.200000 0.819444 0.01 0.01
0 0.250781 0.883333 0.01 0.01
0 0.292969 0.888889 0.01 0.01
0 0.282031 0.884722 0.01 0.01
0 0.278125 0.877778 0.01 0.01
0 0.275000 0.747222 0.01 0.01
0 0.303125 0.779167 0.01 0.01
0 0.317187 0.684722 0.01 0.01
0 0.340625 0.831944 0.01 0.01
0 0.308594 0.879167 0.01 0.01
0 0.345313 0.883333 0.01 0.01
0 0.359375 0.888889 0.01 0.01
0 0.402344 0.788889 0.01 0.01
0 0.450000 0.841667 0.01 0.01
0 0.444531 0.700000 0.01 0.01
0 0.504687 0.751389 0.01 0.01
0 0.548437 0.758333 0.01 0.01
0 0.579687 0.661111 0.01 0.01
0 0.615625 0.625000 0.01 0.01
0 0.641406 0.675000 0.01 0.01
0 0.675000 0.708333 0.01 0.01
0 0.686719 0.668056 0.01 0.01
0 0.701563 0.634722 0.01 0.01
0 0.739062 0.779167 0.01 0.01
0 0.753906 0.805556 0.01 0.01
0 0.687500 0.795833 0.01 0.01
0 0.677344 0.772222 0.01 0.01
0 0.650781 0.783333 0.01 0.01
0 0.615625 0.787500 0.01 0.01
0 0.601562 0.750000 0.01 0.01
0 0.613281 0.709722 0.01 0.01
0 0.548437 0.870833 0.01 0.01
0 0.532812 0.868056 0.01 0.01
0 0.528906 0.837500 0.01 0.01
0 0.510156 0.879167 0.01 0.01
0 0.479688 0.902778 0.01 0.01
0 0.476562 0.894444 0.01 0.01
0 0.483594 0.891667 0.01 0.01
0 0.576563 0.900000 0.01 0.01
0 0.610156 0.880556 0.01 0.01
0 0.630469 0.906944 0.01 0.01
0 0.681250 0.870833 0.01 0.01
0 0.708594 0.906944 0.01 0.01
0 0.780469 0.909722 0.01 0.01
0 0.782812 0.901389 0.01 0.01
0 0.798437 0.916667 0.01 0.01
0 0.844531 0.858333 0.01 0.01
