0 0.848148 0.129518 0.01 0.01
0 0.844839 0.097753 0.01 0.01
0 0.826972 0.118930 0.01 0.01
0 0.817707 0.113047 0.01 0.01
0 0.815722 0.102459 0.01 0.01
0 0.819030 0.098930 0.01 0.01
0 0.795869 0.098930 0.01 0.01
0 0.791236 0.090694 0.01 0.01
0 0.786604 0.082459 0.01 0.01
0 0.780648 0.082459 0.01 0.01
0 0.781972 0.091871 0.01 0.01
0 0.742266 0.075400 0.01 0.01
0 0.723074 0.056577 0.01 0.01
0 0.717119 0.073047 0.01 0.01
0 0.722413 0.098930 0.01 0.01
0 0.692633 0.083636 0.01 0.01
0 0.678736 0.083636 0.01 0.01
0 0.689324 0.056577 0.01 0.01
0 0.695280 0.136577 0.01 0.01
0 0.701236 0.144812 0.01 0.01
0 0.691310 0.183636 0.01 0.01
0 0.759472 0.154224 0.01 0.01
0 0.713810 0.222459 0.01 0.01
0 0.804471 0.178930 0.01 0.01
0 0.837560 0.208342 0.01 0.01
0 0.837560 0.224812 0.01 0.01
0 0.841530 0.233047 0.01 0.01
0 0.834251 0.288341 0.01 0.01
0 0.835574 0.308342 0.01 0.01
0 0.811751 0.328342 0.01 0.01
0 0.819030 0.367165 0.01 0.01
0 0.871971 0.351871 0.01 0.01
0 0.819030 0.563636 0.01 0.01
0 0.808442 0.594224 0.01 0.01
0 0.873957 0.642459 0.01 0.01
0 0.838883 0.681283 0.01 0.01
0 0.841530 0.705989 0.01 0.01
0 0.839545 0.736577 0.01 0.01
0 0.845501 0.783636 0.01 0.01
0 0.838883 0.802459 0.01 0.01
0 0.838883 0.822459 0.01 0.01
0 0.828295 0.835400 0.01 0.01
0 0.819030 0.855400 0.01 0.01
0 0.817045 0.869518 0.01 0.01
0 0.831604 0.908341 0.01 0.01
0 0.846163 0.884812 0.01 0.01
0 0.809104 0.842459 0.01 0.01
0 0.776677 0.849518 0.01 0.01
0 0.734324 0.867165 0.01 0.01
0 0.733663 0.808341 0.01 0.01
0 0.681383 0.877753 0.01 0.01
0 0.671457 0.867165 0.01 0.01
0 0.643663 0.865989 0.01 0.01
0 0.631751 0.885989 0.01 0.01
0 0.601972 0.874224 0.01 0.01
0 0.601310 0.921283 0.01 0.01
0 0.712486 0.654224 0.01 0.01
0 0.736971 0.727165 0.01 0.01
0 0.707192 0.708342 0.01 0.01
0 0.756163 0.648341 0.01 0.01
0 0.773369 0.631871 0.01 0.01
0 0.718442 0.556577 0.01 0.01
0 0.662192 0.497753 0.01 0.01
0 0.658883 0.463636 0.01 0.01
0 0.675427 0.418930 0.01 0.01
0 0.681383 0.349518 0.01 0.01
0 0.640354 0.381283 0.01 0.01
0 0.639030 0.415400 0.01 0.01
0 0.619177 0.262459 0.01 0.01
0 0.643001 0.141283 0.01 0.01
0 0.616530 0.088342 0.01 0.01
0 0.606604 0.081283 0.01 0.01
0 0.596016 0.175400 0.01 0.01
0 0.561604 0.153047 0.01 0.01
0 0.547045 0.193047 0.01 0.01
0 0.561604 0.238930 0.01 0.01
0 0.508663 0.185989 0.01 0.01
0 0.556971 0.081283 0.01 0.01
0 0.538442 0.085989 0.01 0.01
0 0.517266 0.084812 0.01 0.01
0 0.491457 0.082459 0.01 0.01
0 0.491457 0.062459 0.01 0.01
0 0.480869 0.078930 0.01 0.01
0 0.475574 0.078930 0.01 0.01
0 0.498736 0.120106 0.01 0.01
0 0.464324 0.160106 0.01 0.01
0 0.457045 0.120106 0.01 0.01
0 0.415354 0.077753 0.01 0.01
0 0.404766 0.074224 0.01 0.01
0 0.403442 0.191871 0.01 0.01
0 0.359104 0.153047 0.01 0.01
0 0.358442 0.131871 0.01 0.01
0 0.336604 0.144812 0.01 0.01
0 0.357119 0.110694 0.01 0.01
0 0.369030 0.085989 0.01 0.01
0 0.343883 0.078930 0.01 0.01
0 0.334619 0.094224 0.01 0.01
0 0.325354 0.076577 0.01 0.01
0 0.300869 0.075400 0.01 0.01
0 0.296236 0.078930 0.01 0.01
0 0.285648 0.082459 0.01 0.01
0 0.275060 0.083636 0.01 0.01
0 0.269766 0.077753 0.01 0.01
0 0.266457 0.088342 0.01 0.01
0 0.295574 0.110694 0.01 0.01
0 0.273736 0.141283 0.01 0.01
0 0.254545 0.147165 0.01 0.01
0 0.218810 0.161283 0.01 0.01
0 0.214177 0.129518 0.01 0.01
0 0.192339 0.136577 0.01 0.01
0 0.202927 0.117753 0.01 0.01
0 0.179766 0.089518 0.01 0.01
0 0.191016 0.049518 0.01 0.01
0 0.206236 0.050694 0.01 0.01
0 0.218148 0.088342 0.01 0.01
0 0.228736 0.049518 0.01 0.01
0 0.251898 0.073047 0.01 0.01
0 0.270427 0.041283 0.01 0.01
0 0.171163 0.242459 0.01 0.01
0 0.155942 0.242459 0.01 0.01
0 0.193001 0.267165 0.01 0.01
0 0.193001 0.285989 0.01 0.01
0 0.189692 0.316577 0.01 0.01
0 0.178442 0.289518 0.01 0.01
0 0.187707 0.336577 0.01 0.01
0 0.216163 0.294224 0.01 0.01
0 0.243957 0.263636 0.01 0.01
0 0.304839 0.280106 0.01 0.01
0 0.295574 0.416577 0.01 0.01
0 0.257192 0.390694 0.01 0.01
0 0.217486 0.391871 0.01 0.01
0 0.198957 0.365989 0.01 0.01
0 0.193001 0.402459 0.01 0.01
0 0.194986 0.427165 0.01 0.01
0 0.227413 0.427165 0.01 0.01
0 0.216163 0.460106 0.01 0.01
0 0.237339 0.461283 0.01 0.01
0 0.230060 0.515400 0.01 0.01
0 0.193663 0.464812 0.01 0.01
0 0.196310 0.495400 0.01 0.01
0 0.192339 0.516577 0.01 0.01
0 0.192339 0.536577 0.01 0.01
0 0.193001 0.544812 0.01 0.01
0 0.159251 0.534224 0.01 0.01
0 0.150648 0.530694 0.01 0.01
0 0.192339 0.594224 0.01 0.01
0 0.189030 0.620106 0.01 0.01
0 0.192339 0.641283 0.01 0.01
0 0.191677 0.661283 0.01 0.01
0 0.191677 0.674224 0.01 0.01
0 0.189692 0.694224 0.01 0.01
0 0.219471 0.685989 0.01 0.01
0 0.236677 0.653047 0.01 0.01
0 0.254545 0.589518 0.01 0.01
0 0.322045 0.587165 0.01 0.01
0 0.331971 0.570694 0.01 0.01
0 0.335942 0.521283 0.01 0.01
0 0.322707 0.495400 0.01 0.01
0 0.367045 0.442459 0.01 0.01
0 0.420648 0.341283 0.01 0.01
0 0.462339 0.313047 0.01 0.01
0 0.504692 0.293047 0.01 0.01
0 0.545060 0.303636 0.01 0.01
0 0.535133 0.364812 0.01 0.01
0 0.513957 0.371871 0.01 0.01
0 0.500722 0.369518 0.01 0.01
0 0.466310 0.323636 0.01 0.01
0 0.480869 0.404812 0.01 0.01
0 0.553663 0.421283 0.01 0.01
0 0.540427 0.497753 0.01 0.01
0 0.515280 0.482459 0.01 0.01
0 0.504030 0.537753 0.01 0.01
0 0.499398 0.537753 0.01 0.01
0 0.495427 0.575400 0.01 0.01
0 0.472266 0.617753 0.01 0.01
0 0.462339 0.625989 0.01 0.01
0 0.436530 0.633047 0.01 0.01
0 0.401457 0.594224 0.01 0.01
0 0.391530 0.578930 0.01 0.01
0 0.415354 0.531871 0.01 0.01
0 0.437854 0.461283 0.01 0.01
0 0.447780 0.410694 0.01 0.01
0 0.589398 0.528342 0.01 0.01
0 0.568222 0.551871 0.01 0.01
0 0.599324 0.540106 0.01 0.01
0 0.637707 0.608342 0.01 0.01
0 0.581457 0.628341 0.01 0.01
0 0.570869 0.670694 0.01 0.01
0 0.581457 0.714224 0.01 0.01
0 0.529839 0.627165 0.01 0.01
0 0.527192 0.669518 0.01 0.01
0 0.516604 0.725989 0.01 0.01
0 0.535795 0.773047 0.01 0.01
0 0.505354 0.782459 0.01 0.01
0 0.497413 0.823636 0.01 0.01
0 0.486163 0.805989 0.01 0.01
0 0.468957 0.814224 0.01 0.01
0 0.435869 0.870694 0.01 0.01
0 0.406089 0.884812 0.01 0.01
0 0.415354 0.810694 0.01 0.01
0 0.394177 0.704812 0.01 0.01
0 0.354472 0.762459 0.01 0.01
0 0.318736 0.748342 0.01 0.01
0 0.306824 0.663636 0.01 0.01
0 0.331971 0.630694 0.01 0.01
0 0.310133 0.867165 0.01 0.01
0 0.298222 0.868342 0.01 0.01
0 0.286972 0.843636 0.01 0.01
0 0.281016 0.871871 0.01 0.01
0 0.286972 0.891871 0.01 0.01
0 0.287633 0.936577 0.01 0.01
0 0.272413 0.873047 0.01 0.01
0 0.257192 0.867165 0.01 0.01
0 0.171163 0.868342 0.01 0.01
0 0.213516 0.850694 0.01 0.01
0 0.206898 0.836577 0.01 0.01
0 0.200280 0.842459 0.01 0.01
0 0.200280 0.834224 0.01 0.01
0 0.193001 0.811871 0.01 0.01
0 0.201604 0.790694 0.01 0.01
0 0.225427 0.810694 0.01 0.01
0 0.229398 0.797753 0.01 0.01
0 0.250574 0.813047 0.01 0.01
0 0.229398 0.750694 0.01 0.01
0 0.246604 0.715400 0.01 0.01
0 0.255869 0.731871 0.01 0.01
0 0.778663 0.780106 0.01 0.01
0 0.194986 0.747165 0.01 0.01
