0 0.478906 0.036111 0.01 0.01
0 0.491406 0.050000 0.01 0.01
0 0.511719 0.047222 0.01 0.01
0 0.515625 0.040278 0.01 0.01
0 0.524219 0.076389 0.01 0.01
0 0.471875 0.112500 0.01 0.01
0 0.491406 0.161111 0.01 0.01
0 0.547656 0.108333 0.01 0.01
0 0.562500 0.134722 0.01 0.01
0 0.590625 0.120833 0.01 0.01
0 0.605469 0.116667 0.01 0.01
0 0.578125 0.075000 0.01 0.01
0 0.582812 0.058333 0.01 0.01
0 0.645312 0.044444 0.01 0.01
0 0.667188 0.095833 0.01 0.01
0 0.665625 0.061111 0.01 0.01
0 0.679688 0.061111 0.01 0.01
0 0.683594 0.052778 0.01 0.01
0 0.675781 0.038889 0.01 0.01
0 0.671875 0.047222 0.01 0.01
0 0.691406 0.080556 0.01 0.01
0 0.691406 0.112500 0.01 0.01
0 0.696875 0.054167 0.01 0.01
0 0.699219 0.048611 0.01 0.01
0 0.718750 0.052778 0.01 0.01
0 0.717188 0.041667 0.01 0.01
0 0.727344 0.047222 0.01 0.01
0 0.753125 0.047222 0.01 0.01
0 0.756250 0.051389 0.01 0.01
0 0.763281 0.052778 0.01 0.01
0 0.753906 0.072222 0.01 0.01
0 0.777344 0.070833 0.01 0.01
0 0.799219 0.051389 0.01 0.01
0 0.819531 0.050000 0.01 0.01
0 0.803906 0.073611 0.01 0.01
0 0.810938 0.088889 0.01 0.01
0 0.814844 0.097222 0.01 0.01
0 0.817187 0.102778 0.01 0.01
0 0.819531 0.113889 0.01 0.01
0 0.828125 0.136111 0.01 0.01
0 0.824219 0.162500 0.01 0.01
0 0.807031 0.169444 0.01 0.01
0 0.822656 0.191667 0.01 0.01
0 0.813281 0.231944 0.01 0.01
0 0.819531 0.276389 0.01 0.01
0 0.619531 0.172222 0.01 0.01
0 0.588281 0.227778 0.01 0.01
0 0.560156 0.218056 0.01 0.01
0 0.514063 0.219444 0.01 0.01
0 0.503125 0.244444 0.01 0.01
0 0.488281 0.230556 0.01 0.01
0 0.481250 0.265278 0.01 0.01
0 0.514063 0.305556 0.01 0.01
0 0.467187 0.376389 0.01 0.01
0 0.466406 0.354167 0.01 0.01
0 0.571094 0.330556 0.01 0.01
0 0.655469 0.305556 0.01 0.01
0 0.707812 0.300000 0.01 0.01
0 0.753125 0.351389 0.01 0.01
0 0.824219 0.337500 0.01 0.01
0 0.797656 0.487500 0.01 0.01
0 0.850781 0.451389 0.01 0.01
0 0.813281 0.501389 0.01 0.01
0 0.822656 0.522222 0.01 0.01
0 0.821875 0.529167 0.01 0.01
0 0.820312 0.551389 0.01 0.01
0 0.757031 0.569444 0.01 0.01
0 0.682031 0.512500 0.01 0.01
0 0.657031 0.508333 0.01 0.01
0 0.650781 0.470833 0.01 0.01
0 0.645312 0.451389 0.01 0.01
0 0.655469 0.390278 0.01 0.01
0 0.656250 0.362500 0.01 0.01
0 0.630469 0.381944 0.01 0.01
0 0.600000 0.431944 0.01 0.01
0 0.544531 0.422222 0.01 0.01
0 0.537500 0.505556 0.01 0.01
0 0.486719 0.533333 0.01 0.01
0 0.478906 0.508333 0.01 0.01
0 0.432813 0.466667 0.01 0.01
0 0.423438 0.576389 0.01 0.01
0 0.450000 0.540278 0.01 0.01
0 0.464063 0.580556 0.01 0.01
0 0.468750 0.562500 0.01 0.01
0 0.507031 0.605556 0.01 0.01
0 0.510156 0.668056 0.01 0.01
0 0.571094 0.590278 0.01 0.01
0 0.561719 0.647222 0.01 0.01
0 0.569531 0.643056 0.01 0.01
0 0.570312 0.670833 0.01 0.01
0 0.621094 0.681944 0.01 0.01
0 0.694531 0.669444 0.01 0.01
0 0.753906 0.702778 0.01 0.01
0 0.770312 0.683333 0.01 0.01
0 0.857031 0.623611 0.01 0.01
0 0.823438 0.697222 0.01 0.01
0 0.823438 0.712500 0.01 0.01
0 0.835938 0.725000 0.01 0.01
0 0.855469 0.701389 0.01 0.01
0 0.817187 0.808333 0.01 0.01
0 0.825000 0.783333 0.01 0.01
0 0.824219 0.762500 0.01 0.01
0 0.845312 0.812500 0.01 0.01
0 0.821875 0.852778 0.01 0.01
0 0.802344 0.818056 0.01 0.01
0 0.769531 0.827778 0.01 0.01
0 0.761719 0.831944 0.01 0.01
0 0.723437 0.806944 0.01 0.01
0 0.698438 0.833333 0.01 0.01
0 0.683594 0.831944 0.01 0.01
0 0.670313 0.811111 0.01 0.01
0 0.614844 0.827778 0.01 0.01
0 0.579687 0.829167 0.01 0.01
0 0.554688 0.777778 0.01 0.01
0 0.579687 0.744444 0.01 0.01
0 0.615625 0.761111 0.01 0.01
0 0.504687 0.861111 0.01 0.01
0 0.515625 0.847222 0.01 0.01
0 0.505469 0.801389 0.01 0.01
0 0.488281 0.829167 0.01 0.01
0 0.479688 0.829167 0.01 0.01
0 0.457812 0.822222 0.01 0.01
0 0.447656 0.826389 0.01 0.01
0 0.457812 0.743056 0.01 0.01
0 0.461719 0.688889 0.01 0.01
0 0.427344 0.786111 0.01 0.01
0 0.145313 0.848611 0.01 0.01
0 0.170312 0.845833 0.01 0.01
0 0.217969 0.847222 0.01 0.01
0 0.236719 0.844444 0.01 0.01
0 0.259375 0.829167 0.01 0.01
0 0.256250 0.822222 0.01 0.01
0 0.277344 0.822222 0.01 0.01
0 0.283594 0.827778 0.01 0.01
0 0.301562 0.802778 0.01 0.01
0 0.390625 0.801389 0.01 0.01
0 0.406250 0.829167 0.01 0.01
0 0.407031 0.747222 0.01 0.01
0 0.371875 0.665278 0.01 0.01
0 0.344531 0.598611 0.01 0.01
0 0.323438 0.688889 0.01 0.01
0 0.282031 0.654167 0.01 0.01
0 0.283594 0.634722 0.01 0.01
0 0.281250 0.602778 0.01 0.01
0 0.271094 0.580556 0.01 0.01
0 0.242969 0.548611 0.01 0.01
0 0.235156 0.694444 0.01 0.01
0 0.244531 0.693056 0.01 0.01
0 0.250000 0.697222 0.01 0.01
0 0.250781 0.733333 0.01 0.01
0 0.238281 0.751389 0.01 0.01
0 0.218750 0.758333 0.01 0.01
0 0.215625 0.811111 0.01 0.01
0 0.198437 0.820833 0.01 0.01
0 0.197656 0.800000 0.01 0.01
0 0.193750 0.786111 0.01 0.01
0 0.189844 0.797222 0.01 0.01
0 0.185937 0.780556 0.01 0.01
0 0.168750 0.793056 0.01 0.01
0 0.171875 0.768056 0.01 0.01
0 0.131250 0.723611 0.01 0.01
0 0.184375 0.750000 0.01 0.01
0 0.180469 0.740278 0.01 0.01
0 0.203125 0.741667 0.01 0.01
0 0.187500 0.709722 0.01 0.01
0 0.185937 0.661111 0.01 0.01
0 0.183594 0.640278 0.01 0.01
0 0.184375 0.625000 0.01 0.01
0 0.181250 0.609722 0.01 0.01
0 0.166406 0.570833 0.01 0.01
0 0.184375 0.579167 0.01 0.01
0 0.186719 0.550000 0.01 0.01
0 0.183594 0.491667 0.01 0.01
0 0.189063 0.462500 0.01 0.01
0 0.231250 0.473611 0.01 0.01
0 0.313281 0.526389 0.01 0.01
0 0.369531 0.556944 0.01 0.01
0 0.402344 0.468056 0.01 0.01
0 0.370313 0.438889 0.01 0.01
0 0.248437 0.413889 0.01 0.01
0 0.271094 0.412500 0.01 0.01
0 0.245312 0.358333 0.01 0.01
0 0.184375 0.373611 0.01 0.01
0 0.171094 0.398611 0.01 0.01
0 0.189063 0.327778 0.01 0.01
0 0.172656 0.300000 0.01 0.01
0 0.170312 0.276389 0.01 0.01
0 0.185156 0.279167 0.01 0.01
0 0.187500 0.255556 0.01 0.01
0 0.183594 0.237500 0.01 0.01
0 0.182812 0.231944 0.01 0.01
0 0.205469 0.252778 0.01 0.01
0 0.219531 0.229167 0.01 0.01
0 0.276563 0.256944 0.01 0.01
0 0.335938 0.345833 0.01 0.01
0 0.392188 0.350000 0.01 0.01
0 0.407031 0.362500 0.01 0.01
0 0.423438 0.251389 0.01 0.01
0 0.364062 0.255556 0.01 0.01
0 0.433594 0.150000 0.01 0.01
0 0.321094 0.170833 0.01 0.01
0 0.363281 0.093056 0.01 0.01
0 0.392188 0.047222 0.01 0.01
0 0.413281 0.043056 0.01 0.01
0 0.425000 0.030556 0.01 0.01
0 0.435156 0.040278 0.01 0.01
0 0.437500 0.048611 0.01 0.01
0 0.363281 0.048611 0.01 0.01
0 0.350000 0.044444 0.01 0.01
0 0.336719 0.038889 0.01 0.01
0 0.326562 0.062500 0.01 0.01
0 0.270312 0.066667 0.01 0.01
0 0.269531 0.052778 0.01 0.01
0 0.247656 0.047222 0.01 0.01
0 0.240625 0.034722 0.01 0.01
0 0.236719 0.043056 0.01 0.01
0 0.239063 0.050000 0.01 0.01
0 0.241406 0.059722 0.01 0.01
0 0.247656 0.056944 0.01 0.01
0 0.212500 0.127778 0.01 0.01
0 0.215625 0.102778 0.01 0.01
0 0.203125 0.115278 0.01 0.01
0 0.182031 0.127778 0.01 0.01
0 0.189063 0.108333 0.01 0.01
0 0.179688 0.091667 0.01 0.01
0 0.185937 0.087500 0.01 0.01
0 0.193750 0.097222 0.01 0.01
0 0.196094 0.063889 0.01 0.01
0 0.204688 0.073611 0.01 0.01
0 0.211719 0.061111 0.01 0.01
0 0.192969 0.054167 0.01 0.01
0 0.178125 0.068056 0.01 0.01
0 0.159375 0.063889 0.01 0.01
0 0.146094 0.076389 0.01 0.01
0 0.153906 0.097222 0.01 0.01
