0 0.211719 0.669444 0.01 0.01
0 0.385156 0.731944 0.01 0.01
0 0.342187 0.940278 0.01 0.01
0 0.477344 0.898611 0.01 0.01
0 0.506250 0.947222 0.01 0.01
0 0.543750 0.816667 0.01 0.01
0 0.481250 0.684722 0.01 0.01
0 0.428125 0.536111 0.01 0.01
0 0.371094 0.540278 0.01 0.01
0 0.392188 0.373611 0.01 0.01
0 0.290625 0.181944 0.01 0.01
0 0.297656 0.045833 0.01 0.01
0 0.498437 0.133333 0.01 0.01
0 0.627344 0.079167 0.01 0.01
0 0.591406 0.076389 0.01 0.01
0 0.699219 0.204167 0.01 0.01
0 0.606250 0.170833 0.01 0.01
0 0.783594 0.119444 0.01 0.01
0 0.784375 0.069444 0.01 0.01
0 0.792969 0.200000 0.01 0.01
0 0.828906 0.256944 0.01 0.01
0 0.852344 0.155556 0.01 0.01
0 0.842188 0.544444 0.01 0.01
0 0.873438 0.577778 0.01 0.01
0 0.853906 0.650000 0.01 0.01
0 0.849219 0.809722 0.01 0.01
0 0.842188 0.868056 0.01 0.01
0 0.770312 0.840278 0.01 0.01
0 0.727344 0.477778 0.01 0.01
0 0.726562 0.447222 0.01 0.01
0 0.633594 0.543056 0.01 0.01
