0 0.803125 0.930556 0.01 0.01
0 0.860156 0.859722 0.01 0.01
0 0.869531 0.790278 0.01 0.01
0 0.864844 0.304167 0.01 0.01
0 0.788281 0.055556 0.01 0.01
0 0.768750 0.200000 0.01 0.01
0 0.646094 0.254167 0.01 0.01
0 0.676562 0.350000 0.01 0.01
0 0.668750 0.450000 0.01 0.01
0 0.618750 0.348611 0.01 0.01
0 0.532031 0.466667 0.01 0.01
0 0.393750 0.523611 0.01 0.01
0 0.371875 0.461111 0.01 0.01
0 0.292969 0.233333 0.01 0.01
0 0.267188 0.233333 0.01 0.01
0 0.475781 0.038889 0.01 0.01
0 0.864062 0.584722 0.01 0.01
0 0.840625 0.388889 0.01 0.01
0 0.708594 0.600000 0.01 0.01
0 0.704687 0.847222 0.01 0.01
0 0.545313 0.805556 0.01 0.01
0 0.613281 0.850000 0.01 0.01
0 0.443750 0.808333 0.01 0.01
0 0.435156 0.761111 0.01 0.01
0 0.478906 0.672222 0.01 0.01
0 0.400000 0.723611 0.01 0.01
0 0.496094 0.556944 0.01 0.01
0 0.228906 0.619444 0.01 0.01
