0 0.857031 0.122222 0.01 0.01
0 0.864844 0.172222 0.01 0.01
0 0.821875 0.229167 0.01 0.01
0 0.785937 0.151389 0.01 0.01
0 0.801562 0.069444 0.01 0.01
0 0.785156 0.033333 0.01 0.01
0 0.692969 0.136111 0.01 0.01
0 0.643750 0.068056 0.01 0.01
0 0.602344 0.194444 0.01 0.01
0 0.521094 0.322222 0.01 0.01
0 0.732813 0.429167 0.01 0.01
0 0.749219 0.419444 0.01 0.01
0 0.817969 0.476389 0.01 0.01
0 0.862500 0.547222 0.01 0.01
0 0.624219 0.554167 0.01 0.01
0 0.410937 0.343056 0.01 0.01
0 0.857031 0.805556 0.01 0.01
0 0.851562 0.861111 0.01 0.01
0 0.787500 0.827778 0.01 0.01
0 0.571875 0.926389 0.01 0.01
0 0.559375 0.856944 0.01 0.01
0 0.512500 0.763889 0.01 0.01
0 0.471875 0.758333 0.01 0.01
0 0.440625 0.647222 0.01 0.01
0 0.385938 0.737500 0.01 0.01
0 0.367188 0.550000 0.01 0.01
0 0.278906 0.902778 0.01 0.01
0 0.235156 0.712500 0.01 0.01
0 0.299219 0.177778 0.01 0.01
0 0.137500 0.059722 0.01 0.01
