0 0.216824 0.137753 0.01 0.01
0 0.217486 0.181283 0.01 0.01
0 0.250574 0.073047 0.01 0.01
0 0.260501 0.140106 0.01 0.01
0 0.253883 0.134224 0.01 0.01
0 0.249251 0.175400 0.01 0.01
0 0.243295 0.210694 0.01 0.01
0 0.238663 0.202459 0.01 0.01
0 0.234030 0.216577 0.01 0.01
0 0.284324 0.117753 0.01 0.01
0 0.320722 0.108342 0.01 0.01
0 0.348516 0.105989 0.01 0.01
0 0.366383 0.120106 0.01 0.01
0 0.301530 0.191871 0.01 0.01
0 0.311457 0.213047 0.01 0.01
0 0.345869 0.276577 0.01 0.01
0 0.378957 0.209518 0.01 0.01
0 0.429913 0.307165 0.01 0.01
0 0.444472 0.240106 0.01 0.01
0 0.447119 0.104812 0.01 0.01
0 0.486163 0.090694 0.01 0.01
0 0.509986 0.115400 0.01 0.01
0 0.516604 0.181283 0.01 0.01
0 0.535795 0.203636 0.01 0.01
0 0.531824 0.287165 0.01 0.01
0 0.572854 0.114224 0.01 0.01
0 0.613222 0.114224 0.01 0.01
0 0.624472 0.123636 0.01 0.01
0 0.611236 0.147165 0.01 0.01
0 0.697927 0.109518 0.01 0.01
0 0.717119 0.110694 0.01 0.01
0 0.740280 0.155400 0.01 0.01
0 0.686677 0.228342 0.01 0.01
0 0.764766 0.113047 0.01 0.01
0 0.778001 0.078930 0.01 0.01
0 0.790574 0.167165 0.01 0.01
0 0.801824 0.114224 0.01 0.01
0 0.808442 0.108342 0.01 0.01
0 0.812413 0.114224 0.01 0.01
0 0.819030 0.117753 0.01 0.01
0 0.845501 0.109518 0.01 0.01
0 0.856751 0.113047 0.01 0.01
0 0.885869 0.065989 0.01 0.01
0 0.882560 0.121283 0.01 0.01
0 0.887854 0.128342 0.01 0.01
0 0.891824 0.134224 0.01 0.01
0 0.911016 0.154224 0.01 0.01
0 0.925574 0.162459 0.01 0.01
0 0.906383 0.168342 0.01 0.01
0 0.907045 0.198930 0.01 0.01
0 0.947413 0.211871 0.01 0.01
0 0.907707 0.333047 0.01 0.01
0 0.854766 0.314224 0.01 0.01
0 0.785280 0.333047 0.01 0.01
0 0.784619 0.281283 0.01 0.01
0 0.799177 0.256577 0.01 0.01
0 0.828295 0.383636 0.01 0.01
0 0.912339 0.564812 0.01 0.01
0 0.920942 0.575400 0.01 0.01
0 0.907707 0.583636 0.01 0.01
0 0.909692 0.640106 0.01 0.01
0 0.909692 0.734224 0.01 0.01
0 0.907707 0.813047 0.01 0.01
0 0.897119 0.822459 0.01 0.01
0 0.908369 0.845989 0.01 0.01
0 0.929545 0.847165 0.01 0.01
0 0.947413 0.862459 0.01 0.01
0 0.908369 0.877753 0.01 0.01
0 0.895795 0.878930 0.01 0.01
0 0.884545 0.936577 0.01 0.01
0 0.854766 0.947165 0.01 0.01
0 0.839545 0.944812 0.01 0.01
0 0.819030 0.863636 0.01 0.01
0 0.838883 0.645989 0.01 0.01
0 0.783295 0.713047 0.01 0.01
0 0.809766 0.609518 0.01 0.01
0 0.765427 0.607165 0.01 0.01
0 0.737633 0.588342 0.01 0.01
0 0.728369 0.588342 0.01 0.01
0 0.715133 0.530694 0.01 0.01
0 0.693957 0.547165 0.01 0.01
0 0.692633 0.494224 0.01 0.01
0 0.688663 0.482459 0.01 0.01
0 0.678074 0.440106 0.01 0.01
0 0.724398 0.435400 0.01 0.01
0 0.590721 0.385989 0.01 0.01
0 0.482854 0.360106 0.01 0.01
0 0.474251 0.395400 0.01 0.01
0 0.478222 0.444812 0.01 0.01
0 0.549030 0.462459 0.01 0.01
0 0.627119 0.517753 0.01 0.01
0 0.663516 0.647165 0.01 0.01
0 0.656236 0.665989 0.01 0.01
0 0.656898 0.703636 0.01 0.01
0 0.725721 0.795400 0.01 0.01
0 0.784619 0.941283 0.01 0.01
0 0.764104 0.950694 0.01 0.01
0 0.739619 0.937753 0.01 0.01
0 0.713810 0.861283 0.01 0.01
0 0.688663 0.876577 0.01 0.01
0 0.676751 0.860106 0.01 0.01
0 0.674766 0.943636 0.01 0.01
0 0.672119 0.967165 0.01 0.01
0 0.646310 0.897753 0.01 0.01
0 0.588736 0.805989 0.01 0.01
0 0.572854 0.761283 0.01 0.01
0 0.566236 0.747165 0.01 0.01
0 0.543074 0.585989 0.01 0.01
0 0.500060 0.536577 0.01 0.01
0 0.474913 0.598930 0.01 0.01
0 0.469619 0.703636 0.01 0.01
0 0.533148 0.810694 0.01 0.01
0 0.523221 0.893047 0.01 0.01
0 0.531824 0.930694 0.01 0.01
0 0.556310 0.929518 0.01 0.01
0 0.492780 0.944812 0.01 0.01
0 0.423295 0.793047 0.01 0.01
0 0.418001 0.849518 0.01 0.01
0 0.389545 0.845989 0.01 0.01
0 0.365060 0.861283 0.01 0.01
0 0.403442 0.920106 0.01 0.01
0 0.396824 0.930694 0.01 0.01
0 0.411383 0.905989 0.01 0.01
0 0.371016 0.937753 0.01 0.01
0 0.349839 0.929518 0.01 0.01
0 0.421971 0.804812 0.01 0.01
0 0.367045 0.783636 0.01 0.01
0 0.370354 0.736577 0.01 0.01
0 0.370354 0.722459 0.01 0.01
0 0.349839 0.705989 0.01 0.01
0 0.322707 0.695400 0.01 0.01
0 0.303516 0.925989 0.01 0.01
0 0.297560 0.900106 0.01 0.01
0 0.285648 0.973047 0.01 0.01
0 0.215501 0.955400 0.01 0.01
0 0.195648 0.935400 0.01 0.01
0 0.187045 0.918930 0.01 0.01
0 0.191016 0.841283 0.01 0.01
0 0.252560 0.901283 0.01 0.01
0 0.252560 0.889518 0.01 0.01
0 0.266457 0.910694 0.01 0.01
0 0.275721 0.867165 0.01 0.01
0 0.257192 0.874224 0.01 0.01
0 0.243295 0.877753 0.01 0.01
0 0.241310 0.853047 0.01 0.01
0 0.253883 0.825989 0.01 0.01
0 0.270427 0.835400 0.01 0.01
0 0.233369 0.824812 0.01 0.01
0 0.238001 0.816577 0.01 0.01
0 0.234030 0.789518 0.01 0.01
0 0.227413 0.784812 0.01 0.01
0 0.238001 0.753047 0.01 0.01
0 0.296236 0.748342 0.01 0.01
0 0.272413 0.651871 0.01 0.01
0 0.314766 0.618930 0.01 0.01
0 0.308148 0.564812 0.01 0.01
0 0.341236 0.556577 0.01 0.01
0 0.339251 0.485989 0.01 0.01
0 0.237339 0.596577 0.01 0.01
0 0.237339 0.611871 0.01 0.01
0 0.237339 0.543636 0.01 0.01
0 0.241972 0.478930 0.01 0.01
0 0.236677 0.417753 0.01 0.01
0 0.239986 0.413047 0.01 0.01
0 0.239986 0.384812 0.01 0.01
0 0.241310 0.304812 0.01 0.01
0 0.236677 0.301283 0.01 0.01
0 0.237339 0.276577 0.01 0.01
0 0.852119 0.697753 0.01 0.01
