0 0.201562 0.029167 0.01 0.01
0 0.295312 0.177778 0.01 0.01
0 0.528906 0.212500 0.01 0.01
0 0.633594 0.075000 0.01 0.01
0 0.646875 0.083333 0.01 0.01
0 0.792188 0.062500 0.01 0.01
0 0.747656 0.423611 0.01 0.01
0 0.734375 0.426389 0.01 0.01
0 0.607813 0.180556 0.01 0.01
0 0.725781 0.140278 0.01 0.01
0 0.410156 0.356944 0.01 0.01
0 0.432031 0.552778 0.01 0.01
0 0.374219 0.548611 0.01 0.01
0 0.631250 0.550000 0.01 0.01
0 0.528906 0.672222 0.01 0.01
0 0.548437 0.831944 0.01 0.01
0 0.469531 0.827778 0.01 0.01
0 0.382031 0.756944 0.01 0.01
0 0.326562 0.912500 0.01 0.01
0 0.224219 0.694444 0.01 0.01
0 0.846875 0.861111 0.01 0.01
0 0.852344 0.813889 0.01 0.01
0 0.771875 0.825000 0.01 0.01
0 0.863281 0.583333 0.01 0.01
0 0.829687 0.504167 0.01 0.01
0 0.854688 0.198611 0.01 0.01
0 0.855469 0.127778 0.01 0.01
0 0.797656 0.200000 0.01 0.01
