0 0.769398 0.850694 0.01 0.01
0 0.754839 0.854224 0.01 0.01
0 0.721751 0.858930 0.01 0.01
0 0.703883 0.861283 0.01 0.01
0 0.718442 0.791871 0.01 0.01
0 0.753516 0.724812 0.01 0.01
0 0.778663 0.797753 0.01 0.01
0 0.842192 0.827165 0.01 0.01
0 0.822339 0.810694 0.01 0.01
0 0.815060 0.803636 0.01 0.01
0 0.816383 0.789518 0.01 0.01
0 0.824324 0.782459 0.01 0.01
0 0.819030 0.774224 0.01 0.01
0 0.822339 0.757753 0.01 0.01
0 0.836898 0.769518 0.01 0.01
0 0.820354 0.717753 0.01 0.01
0 0.691971 0.701283 0.01 0.01
0 0.693295 0.688341 0.01 0.01
0 0.699251 0.631871 0.01 0.01
0 0.740942 0.648341 0.01 0.01
0 0.758148 0.616577 0.01 0.01
0 0.777339 0.590694 0.01 0.01
0 0.851457 0.578930 0.01 0.01
0 0.850795 0.551871 0.01 0.01
0 0.852780 0.530694 0.01 0.01
0 0.817707 0.576577 0.01 0.01
0 0.805133 0.544812 0.01 0.01
0 0.807119 0.524812 0.01 0.01
0 0.812413 0.517753 0.01 0.01
0 0.825648 0.468341 0.01 0.01
0 0.819030 0.402459 0.01 0.01
0 0.737633 0.511871 0.01 0.01
0 0.672780 0.457753 0.01 0.01
0 0.650280 0.490694 0.01 0.01
0 0.616530 0.515400 0.01 0.01
0 0.608589 0.491871 0.01 0.01
0 0.628442 0.405989 0.01 0.01
0 0.652927 0.382459 0.01 0.01
0 0.677413 0.368341 0.01 0.01
0 0.740942 0.356577 0.01 0.01
0 0.751530 0.280106 0.01 0.01
0 0.815722 0.296577 0.01 0.01
0 0.817707 0.271871 0.01 0.01
0 0.820354 0.254224 0.01 0.01
0 0.810427 0.200106 0.01 0.01
0 0.813736 0.176577 0.01 0.01
0 0.817707 0.161283 0.01 0.01
0 0.825648 0.162459 0.01 0.01
0 0.820354 0.140106 0.01 0.01
0 0.813736 0.143636 0.01 0.01
0 0.806457 0.110694 0.01 0.01
0 0.795207 0.100106 0.01 0.01
0 0.781972 0.093047 0.01 0.01
0 0.800501 0.089518 0.01 0.01
0 0.795869 0.083636 0.01 0.01
0 0.797854 0.071871 0.01 0.01
0 0.771383 0.077753 0.01 0.01
0 0.764766 0.074224 0.01 0.01
0 0.756824 0.071871 0.01 0.01
0 0.755501 0.085989 0.01 0.01
0 0.754177 0.021283 0.01 0.01
0 0.733001 0.071871 0.01 0.01
0 0.729692 0.071871 0.01 0.01
0 0.709839 0.067165 0.01 0.01
0 0.707854 0.103636 0.01 0.01
0 0.695942 0.073047 0.01 0.01
0 0.689324 0.062459 0.01 0.01
0 0.656236 0.073047 0.01 0.01
0 0.653589 0.055400 0.01 0.01
0 0.631751 0.069518 0.01 0.01
0 0.599986 0.070694 0.01 0.01
0 0.592707 0.077753 0.01 0.01
0 0.584104 0.078930 0.01 0.01
0 0.576824 0.100106 0.01 0.01
0 0.580795 0.067165 0.01 0.01
0 0.568883 0.067165 0.01 0.01
0 0.609913 0.102459 0.01 0.01
0 0.622486 0.128342 0.01 0.01
0 0.680722 0.144812 0.01 0.01
0 0.695280 0.224812 0.01 0.01
0 0.592707 0.181283 0.01 0.01
0 0.589398 0.248342 0.01 0.01
0 0.543736 0.201283 0.01 0.01
0 0.525869 0.220106 0.01 0.01
0 0.527854 0.243636 0.01 0.01
0 0.504030 0.195400 0.01 0.01
0 0.489472 0.181283 0.01 0.01
0 0.451089 0.211871 0.01 0.01
0 0.436530 0.187165 0.01 0.01
0 0.465648 0.150694 0.01 0.01
0 0.472266 0.145989 0.01 0.01
0 0.508001 0.131871 0.01 0.01
0 0.479545 0.114224 0.01 0.01
0 0.499398 0.062459 0.01 0.01
0 0.456383 0.042459 0.01 0.01
0 0.444472 0.070694 0.01 0.01
0 0.420648 0.058930 0.01 0.01
0 0.407413 0.065989 0.01 0.01
0 0.392854 0.067165 0.01 0.01
0 0.376972 0.068342 0.01 0.01
0 0.371677 0.070694 0.01 0.01
0 0.341236 0.088342 0.01 0.01
0 0.326677 0.055400 0.01 0.01
0 0.316751 0.077753 0.01 0.01
0 0.292266 0.121283 0.01 0.01
0 0.272413 0.078930 0.01 0.01
0 0.262486 0.067165 0.01 0.01
0 0.248589 0.057753 0.01 0.01
0 0.239986 0.076577 0.01 0.01
0 0.236016 0.082459 0.01 0.01
0 0.237339 0.068342 0.01 0.01
0 0.241972 0.065989 0.01 0.01
0 0.234692 0.051871 0.01 0.01
0 0.229398 0.063636 0.01 0.01
0 0.208883 0.075400 0.01 0.01
0 0.191677 0.063636 0.01 0.01
0 0.187707 0.049518 0.01 0.01
0 0.165207 0.062459 0.01 0.01
0 0.149986 0.060106 0.01 0.01
0 0.142045 0.088342 0.01 0.01
0 0.186383 0.097753 0.01 0.01
0 0.193663 0.100106 0.01 0.01
0 0.185060 0.107165 0.01 0.01
0 0.183736 0.124812 0.01 0.01
0 0.185060 0.143636 0.01 0.01
0 0.208883 0.145989 0.01 0.01
0 0.215501 0.138930 0.01 0.01
0 0.181751 0.193047 0.01 0.01
0 0.181751 0.237753 0.01 0.01
0 0.183074 0.271871 0.01 0.01
0 0.181089 0.296577 0.01 0.01
0 0.169839 0.287165 0.01 0.01
0 0.198295 0.269518 0.01 0.01
0 0.222780 0.225989 0.01 0.01
0 0.238001 0.237753 0.01 0.01
0 0.288957 0.228342 0.01 0.01
0 0.367045 0.253047 0.01 0.01
0 0.245280 0.338930 0.01 0.01
0 0.238663 0.389518 0.01 0.01
0 0.234692 0.408342 0.01 0.01
0 0.195648 0.416577 0.01 0.01
0 0.181089 0.397753 0.01 0.01
0 0.187707 0.442459 0.01 0.01
0 0.169177 0.427165 0.01 0.01
0 0.136751 0.381283 0.01 0.01
0 0.142707 0.514224 0.01 0.01
0 0.129472 0.657753 0.01 0.01
0 0.178442 0.536577 0.01 0.01
0 0.180427 0.568341 0.01 0.01
0 0.175133 0.574224 0.01 0.01
0 0.211530 0.493047 0.01 0.01
0 0.220133 0.477753 0.01 0.01
0 0.274398 0.454224 0.01 0.01
0 0.236677 0.561283 0.01 0.01
0 0.239324 0.569518 0.01 0.01
0 0.268442 0.601283 0.01 0.01
0 0.277707 0.621283 0.01 0.01
0 0.254545 0.624812 0.01 0.01
0 0.198295 0.617753 0.01 0.01
0 0.177780 0.620106 0.01 0.01
0 0.175133 0.658930 0.01 0.01
0 0.175795 0.671871 0.01 0.01
0 0.176457 0.684812 0.01 0.01
0 0.175133 0.700106 0.01 0.01
0 0.178442 0.724812 0.01 0.01
0 0.229398 0.715400 0.01 0.01
0 0.236677 0.713047 0.01 0.01
0 0.250574 0.750694 0.01 0.01
0 0.244619 0.758930 0.01 0.01
0 0.237339 0.773047 0.01 0.01
0 0.214177 0.784812 0.01 0.01
0 0.198295 0.769518 0.01 0.01
0 0.176457 0.774224 0.01 0.01
0 0.171824 0.769518 0.01 0.01
0 0.172486 0.750694 0.01 0.01
0 0.171163 0.824812 0.01 0.01
0 0.159251 0.868342 0.01 0.01
0 0.199619 0.905989 0.01 0.01
0 0.193001 0.816577 0.01 0.01
0 0.210869 0.835400 0.01 0.01
0 0.220795 0.863636 0.01 0.01
0 0.230060 0.847165 0.01 0.01
0 0.244619 0.850694 0.01 0.01
0 0.261824 0.850694 0.01 0.01
0 0.266457 0.851871 0.01 0.01
0 0.279692 0.850694 0.01 0.01
0 0.269766 0.811871 0.01 0.01
0 0.328001 0.840106 0.01 0.01
0 0.337266 0.857753 0.01 0.01
0 0.388222 0.843636 0.01 0.01
0 0.409398 0.845989 0.01 0.01
0 0.443148 0.850694 0.01 0.01
0 0.433222 0.843636 0.01 0.01
0 0.467633 0.787165 0.01 0.01
0 0.463001 0.773047 0.01 0.01
0 0.409398 0.767165 0.01 0.01
0 0.408074 0.715400 0.01 0.01
0 0.394839 0.669518 0.01 0.01
0 0.320722 0.636577 0.01 0.01
0 0.310133 0.545989 0.01 0.01
0 0.329986 0.581283 0.01 0.01
0 0.340574 0.621283 0.01 0.01
0 0.359766 0.609518 0.01 0.01
0 0.394839 0.609518 0.01 0.01
0 0.377633 0.556577 0.01 0.01
0 0.392854 0.543636 0.01 0.01
0 0.432560 0.500106 0.01 0.01
0 0.479545 0.868342 0.01 0.01
0 0.511972 0.850694 0.01 0.01
0 0.550354 0.881283 0.01 0.01
0 0.579471 0.850694 0.01 0.01
0 0.601972 0.893047 0.01 0.01
0 0.621824 0.847165 0.01 0.01
0 0.650280 0.891871 0.01 0.01
0 0.652266 0.854224 0.01 0.01
0 0.643663 0.855400 0.01 0.01
0 0.578148 0.768341 0.01 0.01
0 0.531163 0.787165 0.01 0.01
0 0.569545 0.695400 0.01 0.01
0 0.560280 0.662459 0.01 0.01
0 0.570207 0.611871 0.01 0.01
0 0.527192 0.624812 0.01 0.01
0 0.497413 0.682459 0.01 0.01
0 0.458369 0.711871 0.01 0.01
0 0.441163 0.673047 0.01 0.01
0 0.466971 0.662459 0.01 0.01
0 0.485501 0.637753 0.01 0.01
0 0.459030 0.604812 0.01 0.01
0 0.481530 0.555400 0.01 0.01
0 0.484839 0.522459 0.01 0.01
0 0.464986 0.507165 0.01 0.01
0 0.425942 0.380106 0.01 0.01
0 0.361751 0.420106 0.01 0.01
0 0.463663 0.396577 0.01 0.01
0 0.451089 0.324812 0.01 0.01
0 0.429251 0.329518 0.01 0.01
0 0.517266 0.327165 0.01 0.01
0 0.539104 0.333047 0.01 0.01
0 0.563589 0.327165 0.01 0.01
0 0.572854 0.316577 0.01 0.01
0 0.568883 0.350694 0.01 0.01
0 0.554986 0.447165 0.01 0.01
0 0.547707 0.465989 0.01 0.01
