0 0.950722 0.191871 0.01 0.01
0 0.930207 0.161283 0.01 0.01
0 0.916972 0.184812 0.01 0.01
0 0.913663 0.163636 0.01 0.01
0 0.905721 0.164812 0.01 0.01
0 0.914324 0.130694 0.01 0.01
0 0.898442 0.125989 0.01 0.01
0 0.887192 0.107165 0.01 0.01
0 0.875280 0.056577 0.01 0.01
0 0.856751 0.100106 0.01 0.01
0 0.822339 0.115400 0.01 0.01
0 0.819030 0.100106 0.01 0.01
0 0.835574 0.096577 0.01 0.01
0 0.807119 0.100106 0.01 0.01
0 0.795869 0.115400 0.01 0.01
0 0.776016 0.138930 0.01 0.01
0 0.771383 0.100106 0.01 0.01
0 0.760133 0.071871 0.01 0.01
0 0.736971 0.094224 0.01 0.01
0 0.731016 0.125989 0.01 0.01
0 0.709839 0.094224 0.01 0.01
0 0.701898 0.100106 0.01 0.01
0 0.624472 0.116577 0.01 0.01
0 0.614545 0.100106 0.01 0.01
0 0.612560 0.140106 0.01 0.01
0 0.584104 0.107165 0.01 0.01
0 0.577486 0.110694 0.01 0.01
0 0.529839 0.136577 0.01 0.01
0 0.538442 0.194224 0.01 0.01
0 0.511972 0.105989 0.01 0.01
0 0.485501 0.087165 0.01 0.01
0 0.440501 0.097753 0.01 0.01
0 0.380942 0.118930 0.01 0.01
0 0.351824 0.101283 0.01 0.01
0 0.321383 0.097753 0.01 0.01
0 0.296236 0.089518 0.01 0.01
0 0.256530 0.057753 0.01 0.01
0 0.266457 0.115400 0.01 0.01
0 0.259839 0.136577 0.01 0.01
0 0.256530 0.120106 0.01 0.01
0 0.222119 0.121283 0.01 0.01
0 0.212192 0.167165 0.01 0.01
0 0.239324 0.225989 0.01 0.01
0 0.239324 0.204812 0.01 0.01
0 0.247266 0.204812 0.01 0.01
0 0.245942 0.197753 0.01 0.01
0 0.249251 0.169518 0.01 0.01
0 0.290942 0.190694 0.01 0.01
0 0.314104 0.204812 0.01 0.01
0 0.378957 0.208342 0.01 0.01
0 0.440501 0.202459 0.01 0.01
0 0.442486 0.289518 0.01 0.01
0 0.339251 0.264812 0.01 0.01
0 0.259177 0.265989 0.01 0.01
0 0.245942 0.324812 0.01 0.01
0 0.243295 0.380106 0.01 0.01
0 0.245280 0.401283 0.01 0.01
0 0.239324 0.413047 0.01 0.01
0 0.245280 0.430694 0.01 0.01
0 0.335280 0.483636 0.01 0.01
0 0.310795 0.554224 0.01 0.01
0 0.293589 0.574224 0.01 0.01
0 0.244619 0.577753 0.01 0.01
0 0.232045 0.618930 0.01 0.01
0 0.241310 0.638930 0.01 0.01
0 0.271751 0.636577 0.01 0.01
0 0.239986 0.742459 0.01 0.01
0 0.271089 0.740106 0.01 0.01
0 0.238001 0.778930 0.01 0.01
0 0.234692 0.757753 0.01 0.01
0 0.238001 0.802459 0.01 0.01
0 0.235354 0.834224 0.01 0.01
0 0.245280 0.840106 0.01 0.01
0 0.241310 0.816577 0.01 0.01
0 0.196310 0.768341 0.01 0.01
0 0.189030 0.868342 0.01 0.01
0 0.190354 0.881283 0.01 0.01
0 0.222780 0.950694 0.01 0.01
0 0.279692 0.980106 0.01 0.01
0 0.306163 0.918930 0.01 0.01
0 0.289619 0.875400 0.01 0.01
0 0.275721 0.884812 0.01 0.01
0 0.272413 0.894224 0.01 0.01
0 0.271751 0.867165 0.01 0.01
0 0.272413 0.851871 0.01 0.01
0 0.271751 0.824812 0.01 0.01
0 0.259177 0.854224 0.01 0.01
0 0.253883 0.869518 0.01 0.01
0 0.333295 0.809518 0.01 0.01
0 0.309472 0.700106 0.01 0.01
0 0.366383 0.711871 0.01 0.01
0 0.378957 0.733047 0.01 0.01
0 0.369692 0.773047 0.01 0.01
0 0.414030 0.774224 0.01 0.01
0 0.427927 0.795400 0.01 0.01
0 0.398148 0.835400 0.01 0.01
0 0.352486 0.870694 0.01 0.01
0 0.337266 0.908341 0.01 0.01
0 0.327339 0.916577 0.01 0.01
0 0.390207 0.918930 0.01 0.01
0 0.403442 0.909518 0.01 0.01
0 0.416677 0.890694 0.01 0.01
0 0.474913 0.698930 0.01 0.01
0 0.469619 0.628341 0.01 0.01
0 0.468957 0.333047 0.01 0.01
0 0.535133 0.273047 0.01 0.01
0 0.508663 0.357753 0.01 0.01
0 0.482854 0.430694 0.01 0.01
0 0.596677 0.420106 0.01 0.01
0 0.590721 0.373047 0.01 0.01
0 0.556971 0.514224 0.01 0.01
0 0.551016 0.571871 0.01 0.01
0 0.504692 0.528342 0.01 0.01
0 0.626457 0.508341 0.01 0.01
0 0.492780 0.928342 0.01 0.01
0 0.533810 0.917753 0.01 0.01
0 0.535795 0.898930 0.01 0.01
0 0.552339 0.910694 0.01 0.01
0 0.560280 0.841283 0.01 0.01
0 0.592045 0.791871 0.01 0.01
0 0.570207 0.776577 0.01 0.01
0 0.569545 0.730694 0.01 0.01
0 0.654251 0.695400 0.01 0.01
0 0.607266 0.949518 0.01 0.01
0 0.646310 0.937753 0.01 0.01
0 0.647633 0.884812 0.01 0.01
0 0.680060 0.847165 0.01 0.01
0 0.702560 0.860106 0.01 0.01
0 0.709177 0.841283 0.01 0.01
0 0.744913 0.930694 0.01 0.01
0 0.771383 0.941283 0.01 0.01
0 0.785280 0.929518 0.01 0.01
0 0.840207 0.930694 0.01 0.01
0 0.853442 0.941283 0.01 0.01
0 0.860060 0.898930 0.01 0.01
0 0.824324 0.856577 0.01 0.01
0 0.748222 0.745989 0.01 0.01
0 0.691971 0.736577 0.01 0.01
0 0.787266 0.767165 0.01 0.01
0 0.815060 0.697753 0.01 0.01
0 0.850133 0.685989 0.01 0.01
0 0.951383 0.884812 0.01 0.01
0 0.922927 0.888342 0.01 0.01
0 0.907045 0.845989 0.01 0.01
0 0.915648 0.838930 0.01 0.01
0 0.915648 0.822459 0.01 0.01
0 0.911016 0.803636 0.01 0.01
0 0.900427 0.809518 0.01 0.01
0 0.911016 0.784812 0.01 0.01
0 0.914324 0.633047 0.01 0.01
0 0.923589 0.580106 0.01 0.01
0 0.916972 0.581283 0.01 0.01
0 0.911016 0.570694 0.01 0.01
0 0.911016 0.333047 0.01 0.01
0 0.860721 0.310694 0.01 0.01
0 0.810427 0.261283 0.01 0.01
0 0.769398 0.278930 0.01 0.01
0 0.790574 0.324812 0.01 0.01
0 0.697266 0.210694 0.01 0.01
0 0.725721 0.422459 0.01 0.01
0 0.704545 0.451871 0.01 0.01
0 0.698589 0.480106 0.01 0.01
0 0.692633 0.475400 0.01 0.01
0 0.701236 0.536577 0.01 0.01
0 0.728369 0.521283 0.01 0.01
0 0.731016 0.575400 0.01 0.01
0 0.688663 0.633047 0.01 0.01
0 0.760795 0.593047 0.01 0.01
0 0.812413 0.596577 0.01 0.01
0 0.831604 0.518930 0.01 0.01
