0 0.796094 0.087500 0.01 0.01
0 0.790625 0.070833 0.01 0.01
0 0.785937 0.072222 0.01 0.01
0 0.764063 0.088889 0.01 0.01
0 0.754687 0.069444 0.01 0.01
0 0.757812 0.056944 0.01 0.01
0 0.764844 0.052778 0.01 0.01
0 0.767187 0.061111 0.01 0.01
0 0.749219 0.018056 0.01 0.01
0 0.799219 0.054167 0.01 0.01
0 0.746875 0.054167 0.01 0.01
0 0.730469 0.059722 0.01 0.01
0 0.721094 0.062500 0.01 0.01
0 0.711719 0.034722 0.01 0.01
0 0.686719 0.091667 0.01 0.01
0 0.672656 0.113889 0.01 0.01
0 0.719531 0.111111 0.01 0.01
0 0.655469 0.058333 0.01 0.01
0 0.642187 0.051389 0.01 0.01
0 0.621094 0.077778 0.01 0.01
0 0.599219 0.061111 0.01 0.01
0 0.593750 0.062500 0.01 0.01
0 0.588281 0.055556 0.01 0.01
0 0.582031 0.068056 0.01 0.01
0 0.577344 0.059722 0.01 0.01
0 0.569531 0.077778 0.01 0.01
0 0.507031 0.072222 0.01 0.01
0 0.503125 0.062500 0.01 0.01
0 0.511719 0.040278 0.01 0.01
0 0.627344 0.056944 0.01 0.01
0 0.807031 0.100000 0.01 0.01
0 0.814844 0.125000 0.01 0.01
0 0.823438 0.147222 0.01 0.01
0 0.817187 0.155556 0.01 0.01
0 0.814062 0.168056 0.01 0.01
0 0.811719 0.191667 0.01 0.01
0 0.821875 0.194444 0.01 0.01
0 0.819531 0.218056 0.01 0.01
0 0.806250 0.263889 0.01 0.01
0 0.814844 0.286111 0.01 0.01
0 0.664062 0.215278 0.01 0.01
0 0.614062 0.230556 0.01 0.01
0 0.597656 0.237500 0.01 0.01
0 0.566406 0.202778 0.01 0.01
0 0.542969 0.193056 0.01 0.01
0 0.814844 0.348611 0.01 0.01
0 0.767187 0.351389 0.01 0.01
0 0.746094 0.362500 0.01 0.01
0 0.678125 0.327778 0.01 0.01
0 0.654688 0.372222 0.01 0.01
0 0.627344 0.394444 0.01 0.01
0 0.590625 0.350000 0.01 0.01
0 0.576563 0.308333 0.01 0.01
0 0.546094 0.259722 0.01 0.01
0 0.520312 0.263889 0.01 0.01
0 0.519531 0.318056 0.01 0.01
0 0.535156 0.313889 0.01 0.01
0 0.564062 0.351389 0.01 0.01
0 0.548437 0.455556 0.01 0.01
0 0.566406 0.444444 0.01 0.01
0 0.612500 0.505556 0.01 0.01
0 0.608594 0.534722 0.01 0.01
0 0.649219 0.476389 0.01 0.01
0 0.674219 0.447222 0.01 0.01
0 0.716406 0.526389 0.01 0.01
0 0.748438 0.518056 0.01 0.01
0 0.795313 0.456944 0.01 0.01
0 0.853906 0.466667 0.01 0.01
0 0.849219 0.526389 0.01 0.01
0 0.851562 0.563889 0.01 0.01
0 0.822656 0.566667 0.01 0.01
0 0.804688 0.540278 0.01 0.01
0 0.806250 0.509722 0.01 0.01
0 0.810938 0.509722 0.01 0.01
0 0.790625 0.665278 0.01 0.01
0 0.735937 0.616667 0.01 0.01
0 0.696875 0.622222 0.01 0.01
0 0.693750 0.679167 0.01 0.01
0 0.699219 0.686111 0.01 0.01
0 0.753906 0.711111 0.01 0.01
0 0.800781 0.702778 0.01 0.01
0 0.834375 0.730556 0.01 0.01
0 0.825000 0.748611 0.01 0.01
0 0.820312 0.752778 0.01 0.01
0 0.817969 0.772222 0.01 0.01
0 0.814062 0.795833 0.01 0.01
0 0.842969 0.818056 0.01 0.01
0 0.770312 0.837500 0.01 0.01
0 0.744531 0.841667 0.01 0.01
0 0.733594 0.844444 0.01 0.01
0 0.728125 0.841667 0.01 0.01
0 0.731250 0.816667 0.01 0.01
0 0.717188 0.780556 0.01 0.01
0 0.696094 0.881944 0.01 0.01
0 0.652344 0.840278 0.01 0.01
0 0.636719 0.838889 0.01 0.01
0 0.629687 0.848611 0.01 0.01
0 0.596875 0.886111 0.01 0.01
0 0.560156 0.877778 0.01 0.01
0 0.582031 0.840278 0.01 0.01
0 0.530469 0.844444 0.01 0.01
0 0.536719 0.770833 0.01 0.01
0 0.578906 0.759722 0.01 0.01
0 0.570312 0.681944 0.01 0.01
0 0.561719 0.645833 0.01 0.01
0 0.570312 0.601389 0.01 0.01
0 0.528906 0.633333 0.01 0.01
0 0.510938 0.701389 0.01 0.01
0 0.497656 0.673611 0.01 0.01
0 0.478125 0.727778 0.01 0.01
0 0.471875 0.773611 0.01 0.01
0 0.476562 0.851389 0.01 0.01
0 0.448438 0.843056 0.01 0.01
0 0.435937 0.840278 0.01 0.01
0 0.411719 0.841667 0.01 0.01
0 0.341406 0.859722 0.01 0.01
0 0.311719 0.841667 0.01 0.01
0 0.278906 0.841667 0.01 0.01
0 0.267188 0.841667 0.01 0.01
0 0.252344 0.843056 0.01 0.01
0 0.242188 0.848611 0.01 0.01
0 0.228906 0.845833 0.01 0.01
0 0.218750 0.855556 0.01 0.01
0 0.208594 0.891667 0.01 0.01
0 0.157813 0.858333 0.01 0.01
0 0.171875 0.793056 0.01 0.01
0 0.187500 0.790278 0.01 0.01
0 0.192969 0.811111 0.01 0.01
0 0.211719 0.826389 0.01 0.01
0 0.212500 0.819444 0.01 0.01
0 0.215625 0.777778 0.01 0.01
0 0.200781 0.765278 0.01 0.01
0 0.171094 0.761111 0.01 0.01
0 0.172656 0.734722 0.01 0.01
0 0.178125 0.713889 0.01 0.01
0 0.181250 0.686111 0.01 0.01
0 0.176563 0.680556 0.01 0.01
0 0.170312 0.643056 0.01 0.01
0 0.130469 0.634722 0.01 0.01
0 0.176563 0.623611 0.01 0.01
0 0.172656 0.601389 0.01 0.01
0 0.182031 0.591667 0.01 0.01
0 0.178906 0.569444 0.01 0.01
0 0.179688 0.559722 0.01 0.01
0 0.228906 0.593056 0.01 0.01
0 0.239844 0.562500 0.01 0.01
0 0.268750 0.595833 0.01 0.01
0 0.278906 0.616667 0.01 0.01
0 0.322656 0.627778 0.01 0.01
0 0.311719 0.566667 0.01 0.01
0 0.311719 0.541667 0.01 0.01
0 0.376563 0.545833 0.01 0.01
0 0.388281 0.570833 0.01 0.01
0 0.382812 0.569444 0.01 0.01
0 0.373437 0.602778 0.01 0.01
0 0.394531 0.611111 0.01 0.01
0 0.399219 0.663889 0.01 0.01
0 0.381250 0.722222 0.01 0.01
0 0.417188 0.677778 0.01 0.01
0 0.459375 0.693056 0.01 0.01
0 0.483594 0.616667 0.01 0.01
0 0.459375 0.588889 0.01 0.01
0 0.484375 0.541667 0.01 0.01
0 0.483594 0.512500 0.01 0.01
0 0.482031 0.504167 0.01 0.01
0 0.450781 0.481944 0.01 0.01
0 0.240625 0.772222 0.01 0.01
0 0.245312 0.748611 0.01 0.01
0 0.247656 0.722222 0.01 0.01
0 0.234375 0.708333 0.01 0.01
0 0.280469 0.708333 0.01 0.01
0 0.222656 0.509722 0.01 0.01
0 0.178906 0.523611 0.01 0.01
0 0.159375 0.491667 0.01 0.01
0 0.180469 0.477778 0.01 0.01
0 0.182031 0.448611 0.01 0.01
0 0.172656 0.431944 0.01 0.01
0 0.182031 0.386111 0.01 0.01
0 0.187500 0.369444 0.01 0.01
0 0.218750 0.344444 0.01 0.01
0 0.238281 0.370833 0.01 0.01
0 0.228906 0.426389 0.01 0.01
0 0.219531 0.443056 0.01 0.01
0 0.207031 0.458333 0.01 0.01
0 0.282813 0.466667 0.01 0.01
0 0.347656 0.431944 0.01 0.01
0 0.426562 0.394444 0.01 0.01
0 0.465625 0.388889 0.01 0.01
0 0.453906 0.323611 0.01 0.01
0 0.432031 0.345833 0.01 0.01
0 0.422656 0.255556 0.01 0.01
0 0.373437 0.269444 0.01 0.01
0 0.180469 0.305556 0.01 0.01
0 0.181250 0.291667 0.01 0.01
0 0.182812 0.269444 0.01 0.01
0 0.200000 0.261111 0.01 0.01
0 0.175781 0.234722 0.01 0.01
0 0.182031 0.179167 0.01 0.01
0 0.207813 0.141667 0.01 0.01
0 0.215625 0.137500 0.01 0.01
0 0.227344 0.234722 0.01 0.01
0 0.246875 0.220833 0.01 0.01
0 0.306250 0.226389 0.01 0.01
0 0.489062 0.205556 0.01 0.01
0 0.491406 0.170833 0.01 0.01
0 0.487500 0.161111 0.01 0.01
0 0.471094 0.145833 0.01 0.01
0 0.461719 0.154167 0.01 0.01
0 0.478906 0.100000 0.01 0.01
0 0.450781 0.036111 0.01 0.01
0 0.446094 0.058333 0.01 0.01
0 0.440625 0.061111 0.01 0.01
0 0.422656 0.041667 0.01 0.01
0 0.382812 0.054167 0.01 0.01
0 0.368750 0.061111 0.01 0.01
0 0.328906 0.041667 0.01 0.01
0 0.303906 0.059722 0.01 0.01
0 0.299219 0.100000 0.01 0.01
0 0.285937 0.051389 0.01 0.01
0 0.272656 0.055556 0.01 0.01
0 0.272656 0.063889 0.01 0.01
0 0.251563 0.043056 0.01 0.01
0 0.250000 0.056944 0.01 0.01
0 0.241406 0.059722 0.01 0.01
0 0.235938 0.055556 0.01 0.01
0 0.229687 0.068056 0.01 0.01
0 0.227344 0.051389 0.01 0.01
0 0.222656 0.062500 0.01 0.01
0 0.207031 0.070833 0.01 0.01
0 0.193750 0.043056 0.01 0.01
0 0.196094 0.031944 0.01 0.01
0 0.167187 0.047222 0.01 0.01
0 0.151562 0.048611 0.01 0.01
0 0.146875 0.072222 0.01 0.01
0 0.181250 0.120833 0.01 0.01
0 0.192188 0.113889 0.01 0.01
0 0.189844 0.105556 0.01 0.01
0 0.185937 0.106944 0.01 0.01
0 0.186719 0.090278 0.01 0.01
