0 0.868001 0.868342 0.01 0.01
0 0.871971 0.810694 0.01 0.01
0 0.838883 0.856577 0.01 0.01
0 0.826972 0.905989 0.01 0.01
0 0.799177 0.922459 0.01 0.01
0 0.811089 0.870694 0.01 0.01
0 0.809766 0.857753 0.01 0.01
0 0.778001 0.877753 0.01 0.01
0 0.762780 0.868342 0.01 0.01
0 0.783295 0.853047 0.01 0.01
0 0.749545 0.878930 0.01 0.01
0 0.709839 0.891871 0.01 0.01
0 0.723074 0.829518 0.01 0.01
0 0.683369 0.774224 0.01 0.01
0 0.704545 0.713047 0.01 0.01
0 0.767413 0.724812 0.01 0.01
0 0.780648 0.724812 0.01 0.01
0 0.836898 0.744812 0.01 0.01
0 0.836236 0.740106 0.01 0.01
0 0.832927 0.810694 0.01 0.01
0 0.821016 0.700106 0.01 0.01
0 0.836898 0.651871 0.01 0.01
0 0.833589 0.604812 0.01 0.01
0 0.819030 0.591871 0.01 0.01
0 0.828957 0.584812 0.01 0.01
0 0.836236 0.578930 0.01 0.01
0 0.796530 0.514224 0.01 0.01
0 0.857413 0.481283 0.01 0.01
0 0.866677 0.460106 0.01 0.01
0 0.836898 0.417753 0.01 0.01
0 0.807780 0.381283 0.01 0.01
0 0.829619 0.309518 0.01 0.01
0 0.836236 0.270694 0.01 0.01
0 0.856751 0.265989 0.01 0.01
0 0.808442 0.216577 0.01 0.01
0 0.839545 0.180106 0.01 0.01
0 0.835574 0.163636 0.01 0.01
0 0.844177 0.157753 0.01 0.01
0 0.834913 0.133047 0.01 0.01
0 0.827633 0.133047 0.01 0.01
0 0.824324 0.121283 0.01 0.01
0 0.846163 0.113047 0.01 0.01
0 0.845501 0.090694 0.01 0.01
0 0.810427 0.098930 0.01 0.01
0 0.809104 0.090694 0.01 0.01
0 0.799177 0.114224 0.01 0.01
0 0.784619 0.082459 0.01 0.01
0 0.775354 0.082459 0.01 0.01
0 0.768736 0.081283 0.01 0.01
0 0.767413 0.093047 0.01 0.01
0 0.752192 0.078930 0.01 0.01
0 0.743589 0.078930 0.01 0.01
0 0.723074 0.076577 0.01 0.01
0 0.719766 0.081283 0.01 0.01
0 0.710501 0.062459 0.01 0.01
0 0.703883 0.090694 0.01 0.01
0 0.699251 0.078930 0.01 0.01
0 0.691310 0.085989 0.01 0.01
0 0.672119 0.075400 0.01 0.01
0 0.657560 0.087165 0.01 0.01
0 0.653589 0.068342 0.01 0.01
0 0.645648 0.129518 0.01 0.01
0 0.681383 0.148342 0.01 0.01
0 0.738957 0.180106 0.01 0.01
0 0.750869 0.140106 0.01 0.01
0 0.644986 0.227165 0.01 0.01
0 0.632413 0.168342 0.01 0.01
0 0.623148 0.168342 0.01 0.01
0 0.570207 0.168342 0.01 0.01
0 0.572192 0.103636 0.01 0.01
0 0.586089 0.093047 0.01 0.01
0 0.594692 0.083636 0.01 0.01
0 0.605280 0.091871 0.01 0.01
0 0.560280 0.071871 0.01 0.01
0 0.531163 0.138930 0.01 0.01
0 0.528516 0.075400 0.01 0.01
0 0.492780 0.074224 0.01 0.01
0 0.486824 0.085989 0.01 0.01
0 0.466310 0.068342 0.01 0.01
0 0.463663 0.135400 0.01 0.01
0 0.482854 0.157753 0.01 0.01
0 0.485501 0.173047 0.01 0.01
0 0.502045 0.198930 0.01 0.01
0 0.437854 0.088342 0.01 0.01
0 0.429913 0.087165 0.01 0.01
0 0.385574 0.134224 0.01 0.01
0 0.377633 0.117753 0.01 0.01
0 0.374986 0.082459 0.01 0.01
0 0.396163 0.071871 0.01 0.01
0 0.357119 0.141283 0.01 0.01
0 0.338589 0.100106 0.01 0.01
0 0.339913 0.076577 0.01 0.01
0 0.290280 0.065989 0.01 0.01
0 0.277707 0.074224 0.01 0.01
0 0.264472 0.081283 0.01 0.01
0 0.251236 0.075400 0.01 0.01
0 0.248589 0.078930 0.01 0.01
0 0.247927 0.093047 0.01 0.01
0 0.235354 0.084812 0.01 0.01
0 0.233369 0.063636 0.01 0.01
0 0.211530 0.034224 0.01 0.01
0 0.201604 0.061283 0.01 0.01
0 0.201604 0.081283 0.01 0.01
0 0.213516 0.090694 0.01 0.01
0 0.220133 0.089518 0.01 0.01
0 0.227413 0.093047 0.01 0.01
0 0.219471 0.098930 0.01 0.01
0 0.222119 0.107165 0.01 0.01
0 0.209545 0.124812 0.01 0.01
0 0.209545 0.135400 0.01 0.01
0 0.202927 0.128342 0.01 0.01
0 0.200280 0.138930 0.01 0.01
0 0.199619 0.145989 0.01 0.01
0 0.200280 0.153047 0.01 0.01
0 0.187045 0.138930 0.01 0.01
0 0.192339 0.129518 0.01 0.01
0 0.194986 0.165989 0.01 0.01
0 0.213516 0.154224 0.01 0.01
0 0.224104 0.165989 0.01 0.01
0 0.175133 0.185989 0.01 0.01
0 0.171163 0.183636 0.01 0.01
0 0.199619 0.210694 0.01 0.01
0 0.200280 0.230694 0.01 0.01
0 0.194324 0.243636 0.01 0.01
0 0.196310 0.269518 0.01 0.01
0 0.198957 0.285989 0.01 0.01
0 0.194986 0.311871 0.01 0.01
0 0.187045 0.311871 0.01 0.01
0 0.173810 0.317753 0.01 0.01
0 0.177780 0.387165 0.01 0.01
0 0.193001 0.341283 0.01 0.01
0 0.194324 0.397753 0.01 0.01
0 0.195648 0.415400 0.01 0.01
0 0.183074 0.442459 0.01 0.01
0 0.195648 0.490694 0.01 0.01
0 0.197633 0.521283 0.01 0.01
0 0.196310 0.605989 0.01 0.01
0 0.144692 0.628341 0.01 0.01
0 0.169177 0.685989 0.01 0.01
0 0.187707 0.651871 0.01 0.01
0 0.190354 0.670694 0.01 0.01
0 0.196310 0.697753 0.01 0.01
0 0.190354 0.708342 0.01 0.01
0 0.185060 0.760106 0.01 0.01
0 0.189692 0.774224 0.01 0.01
0 0.191016 0.787165 0.01 0.01
0 0.149986 0.740106 0.01 0.01
0 0.155942 0.781283 0.01 0.01
0 0.148663 0.790694 0.01 0.01
0 0.140722 0.808341 0.01 0.01
0 0.177780 0.903636 0.01 0.01
0 0.181089 0.882459 0.01 0.01
0 0.193001 0.851871 0.01 0.01
0 0.193001 0.813047 0.01 0.01
0 0.198295 0.827165 0.01 0.01
0 0.204913 0.863636 0.01 0.01
0 0.211530 0.900106 0.01 0.01
0 0.210869 0.845989 0.01 0.01
0 0.215501 0.845989 0.01 0.01
0 0.225427 0.842459 0.01 0.01
0 0.237339 0.869518 0.01 0.01
0 0.242633 0.865989 0.01 0.01
0 0.272413 0.891871 0.01 0.01
0 0.279692 0.858930 0.01 0.01
0 0.273074 0.860106 0.01 0.01
0 0.292266 0.869518 0.01 0.01
0 0.247927 0.784812 0.01 0.01
0 0.239986 0.735400 0.01 0.01
0 0.247927 0.735400 0.01 0.01
0 0.257854 0.749518 0.01 0.01
0 0.265133 0.734224 0.01 0.01
0 0.273074 0.717753 0.01 0.01
0 0.231383 0.678930 0.01 0.01
0 0.253883 0.583636 0.01 0.01
0 0.267119 0.643636 0.01 0.01
0 0.292927 0.654224 0.01 0.01
0 0.280354 0.616577 0.01 0.01
0 0.333295 0.725989 0.01 0.01
0 0.365722 0.861283 0.01 0.01
0 0.372339 0.905989 0.01 0.01
0 0.384913 0.857753 0.01 0.01
0 0.397486 0.841283 0.01 0.01
0 0.423957 0.853047 0.01 0.01
0 0.463001 0.871871 0.01 0.01
0 0.476898 0.865989 0.01 0.01
0 0.482854 0.874224 0.01 0.01
0 0.497413 0.865989 0.01 0.01
0 0.529177 0.871871 0.01 0.01
0 0.578810 0.874224 0.01 0.01
0 0.589398 0.870694 0.01 0.01
0 0.598001 0.834224 0.01 0.01
0 0.598001 0.787165 0.01 0.01
0 0.589398 0.784812 0.01 0.01
0 0.568222 0.850694 0.01 0.01
0 0.531163 0.830694 0.01 0.01
0 0.518589 0.820106 0.01 0.01
0 0.536457 0.773047 0.01 0.01
0 0.580133 0.709518 0.01 0.01
0 0.577486 0.678930 0.01 0.01
0 0.654251 0.611871 0.01 0.01
0 0.715133 0.549518 0.01 0.01
0 0.715795 0.473047 0.01 0.01
0 0.662192 0.510694 0.01 0.01
0 0.621163 0.574224 0.01 0.01
0 0.611236 0.468341 0.01 0.01
0 0.643663 0.417753 0.01 0.01
0 0.648295 0.417753 0.01 0.01
0 0.652927 0.415400 0.01 0.01
0 0.668148 0.397753 0.01 0.01
0 0.588736 0.367165 0.01 0.01
0 0.559619 0.309518 0.01 0.01
0 0.592707 0.248342 0.01 0.01
0 0.509986 0.281283 0.01 0.01
0 0.518589 0.373047 0.01 0.01
0 0.512633 0.371871 0.01 0.01
0 0.492780 0.333047 0.01 0.01
0 0.491457 0.382459 0.01 0.01
0 0.478222 0.415400 0.01 0.01
0 0.454398 0.396577 0.01 0.01
0 0.446457 0.421283 0.01 0.01
0 0.427266 0.407165 0.01 0.01
0 0.431236 0.304812 0.01 0.01
0 0.385574 0.293047 0.01 0.01
0 0.402119 0.214224 0.01 0.01
0 0.273074 0.230694 0.01 0.01
0 0.294913 0.229518 0.01 0.01
0 0.283663 0.320106 0.01 0.01
0 0.269766 0.357753 0.01 0.01
0 0.318736 0.355400 0.01 0.01
0 0.238001 0.423636 0.01 0.01
0 0.283001 0.517753 0.01 0.01
0 0.324030 0.553047 0.01 0.01
0 0.351824 0.634224 0.01 0.01
0 0.376972 0.590694 0.01 0.01
0 0.413369 0.473047 0.01 0.01
0 0.433222 0.498930 0.01 0.01
0 0.438516 0.618930 0.01 0.01
0 0.427927 0.696577 0.01 0.01
0 0.467633 0.615400 0.01 0.01
0 0.480869 0.564812 0.01 0.01
0 0.497413 0.570694 0.01 0.01
0 0.539766 0.555400 0.01 0.01
0 0.560280 0.628341 0.01 0.01
0 0.515280 0.625989 0.01 0.01
0 0.510648 0.684812 0.01 0.01
