0 0.780648 0.145989 0.01 0.01
0 0.783957 0.076577 0.01 0.01
0 0.785280 0.178930 0.01 0.01
0 0.850133 0.197753 0.01 0.01
0 0.823001 0.314224 0.01 0.01
0 0.847486 0.576577 0.01 0.01
0 0.848148 0.694224 0.01 0.01
0 0.848148 0.849518 0.01 0.01
0 0.839545 0.884812 0.01 0.01
0 0.756163 0.844812 0.01 0.01
0 0.639030 0.551871 0.01 0.01
0 0.719104 0.496577 0.01 0.01
0 0.715133 0.462459 0.01 0.01
0 0.676089 0.284812 0.01 0.01
0 0.633074 0.144812 0.01 0.01
0 0.611236 0.153047 0.01 0.01
0 0.543074 0.069518 0.01 0.01
0 0.457045 0.096577 0.01 0.01
0 0.395501 0.051871 0.01 0.01
0 0.391530 0.034224 0.01 0.01
0 0.294913 0.200106 0.01 0.01
0 0.292266 0.237753 0.01 0.01
0 0.383589 0.397753 0.01 0.01
0 0.371677 0.548342 0.01 0.01
0 0.386236 0.747165 0.01 0.01
0 0.457707 0.740106 0.01 0.01
0 0.466310 0.689518 0.01 0.01
0 0.543074 0.834224 0.01 0.01
0 0.496089 0.925989 0.01 0.01
0 0.459692 0.956577 0.01 0.01
0 0.359104 0.917753 0.01 0.01
0 0.209545 0.671871 0.01 0.01
