0 0.785942 0.076577 0.01 0.01
0 0.779986 0.137753 0.01 0.01
0 0.788589 0.188341 0.01 0.01
0 0.851457 0.184812 0.01 0.01
0 0.824324 0.296577 0.01 0.01
0 0.681383 0.262459 0.01 0.01
0 0.627119 0.120106 0.01 0.01
0 0.557633 0.069518 0.01 0.01
0 0.464986 0.100106 0.01 0.01
0 0.365060 0.047165 0.01 0.01
0 0.365722 0.030694 0.01 0.01
0 0.289619 0.193047 0.01 0.01
0 0.382927 0.385989 0.01 0.01
0 0.369030 0.551871 0.01 0.01
0 0.204251 0.668342 0.01 0.01
0 0.347854 0.925989 0.01 0.01
0 0.384913 0.736577 0.01 0.01
0 0.464986 0.688341 0.01 0.01
0 0.459692 0.714224 0.01 0.01
0 0.541751 0.835400 0.01 0.01
0 0.484177 0.924812 0.01 0.01
0 0.467633 0.950694 0.01 0.01
0 0.628442 0.553047 0.01 0.01
0 0.719104 0.493047 0.01 0.01
0 0.716457 0.458930 0.01 0.01
0 0.847486 0.568341 0.01 0.01
0 0.871971 0.585989 0.01 0.01
0 0.848810 0.688341 0.01 0.01
0 0.847486 0.829518 0.01 0.01
0 0.837560 0.876577 0.01 0.01
0 0.765427 0.838930 0.01 0.01
