0 0.229687 0.098611 0.01 0.01
0 0.233594 0.176389 0.01 0.01
0 0.239844 0.175000 0.01 0.01
0 0.258594 0.152778 0.01 0.01
0 0.275000 0.173611 0.01 0.01
0 0.325781 0.127778 0.01 0.01
0 0.350000 0.133333 0.01 0.01
0 0.378125 0.127778 0.01 0.01
0 0.230469 0.247222 0.01 0.01
0 0.229687 0.372222 0.01 0.01
0 0.263281 0.259722 0.01 0.01
0 0.439063 0.323611 0.01 0.01
0 0.535156 0.277778 0.01 0.01
0 0.530469 0.251389 0.01 0.01
0 0.495313 0.187500 0.01 0.01
0 0.523438 0.136111 0.01 0.01
0 0.545313 0.155556 0.01 0.01
0 0.560938 0.265278 0.01 0.01
0 0.567187 0.277778 0.01 0.01
0 0.588281 0.261111 0.01 0.01
0 0.614062 0.331944 0.01 0.01
0 0.612500 0.272222 0.01 0.01
0 0.622656 0.223611 0.01 0.01
0 0.642969 0.169444 0.01 0.01
0 0.660156 0.155556 0.01 0.01
0 0.714844 0.143056 0.01 0.01
0 0.737500 0.125000 0.01 0.01
0 0.801562 0.098611 0.01 0.01
0 0.835938 0.151389 0.01 0.01
0 0.853906 0.170833 0.01 0.01
0 0.866406 0.165278 0.01 0.01
0 0.863281 0.202778 0.01 0.01
0 0.729688 0.312500 0.01 0.01
0 0.740625 0.326389 0.01 0.01
0 0.882031 0.355556 0.01 0.01
0 0.864844 0.309722 0.01 0.01
0 0.875781 0.298611 0.01 0.01
0 0.871094 0.258333 0.01 0.01
0 0.864844 0.219444 0.01 0.01
0 0.897656 0.266667 0.01 0.01
0 0.866406 0.631944 0.01 0.01
0 0.868750 0.593056 0.01 0.01
0 0.825000 0.586111 0.01 0.01
0 0.777344 0.534722 0.01 0.01
0 0.756250 0.605556 0.01 0.01
0 0.700781 0.547222 0.01 0.01
0 0.711719 0.493056 0.01 0.01
0 0.660937 0.477778 0.01 0.01
0 0.637500 0.404167 0.01 0.01
0 0.675000 0.355556 0.01 0.01
0 0.603906 0.580556 0.01 0.01
0 0.526563 0.462500 0.01 0.01
0 0.516406 0.441667 0.01 0.01
0 0.288281 0.526389 0.01 0.01
0 0.244531 0.566667 0.01 0.01
0 0.234375 0.636111 0.01 0.01
0 0.225000 0.686111 0.01 0.01
0 0.390625 0.561111 0.01 0.01
0 0.421094 0.608333 0.01 0.01
0 0.482031 0.581944 0.01 0.01
0 0.527344 0.602778 0.01 0.01
0 0.560938 0.623611 0.01 0.01
0 0.539062 0.663889 0.01 0.01
0 0.538281 0.738889 0.01 0.01
0 0.527344 0.700000 0.01 0.01
0 0.568750 0.775000 0.01 0.01
0 0.580469 0.701389 0.01 0.01
0 0.612500 0.694444 0.01 0.01
0 0.643750 0.719444 0.01 0.01
0 0.689062 0.737500 0.01 0.01
0 0.744531 0.766667 0.01 0.01
0 0.753125 0.802778 0.01 0.01
0 0.778906 0.811111 0.01 0.01
0 0.866406 0.741667 0.01 0.01
0 0.868750 0.825000 0.01 0.01
0 0.901563 0.881944 0.01 0.01
0 0.897656 0.923611 0.01 0.01
0 0.871094 0.895833 0.01 0.01
0 0.851562 0.904167 0.01 0.01
0 0.849219 0.915278 0.01 0.01
0 0.801562 0.947222 0.01 0.01
0 0.791406 0.950000 0.01 0.01
0 0.789844 0.909722 0.01 0.01
0 0.769531 0.926389 0.01 0.01
0 0.763281 0.943056 0.01 0.01
0 0.745313 0.916667 0.01 0.01
0 0.755469 0.887500 0.01 0.01
0 0.752344 0.850000 0.01 0.01
0 0.654688 0.825000 0.01 0.01
0 0.635938 0.823611 0.01 0.01
0 0.642969 0.923611 0.01 0.01
0 0.557031 0.912500 0.01 0.01
0 0.531250 0.908333 0.01 0.01
0 0.472656 0.783333 0.01 0.01
0 0.432031 0.731944 0.01 0.01
0 0.435937 0.858333 0.01 0.01
0 0.454688 0.911111 0.01 0.01
0 0.391406 0.927778 0.01 0.01
0 0.378906 0.906944 0.01 0.01
0 0.414062 0.833333 0.01 0.01
0 0.379687 0.822222 0.01 0.01
0 0.378906 0.733333 0.01 0.01
0 0.346875 0.797222 0.01 0.01
0 0.302344 0.780556 0.01 0.01
0 0.367188 0.909722 0.01 0.01
0 0.356250 0.911111 0.01 0.01
0 0.324219 0.906944 0.01 0.01
0 0.299219 0.902778 0.01 0.01
0 0.290625 0.908333 0.01 0.01
0 0.254687 0.958333 0.01 0.01
0 0.217187 0.943056 0.01 0.01
0 0.215625 0.879167 0.01 0.01
0 0.245312 0.881944 0.01 0.01
0 0.232812 0.876389 0.01 0.01
0 0.228125 0.859722 0.01 0.01
0 0.227344 0.847222 0.01 0.01
0 0.219531 0.827778 0.01 0.01
0 0.214062 0.809722 0.01 0.01
0 0.222656 0.772222 0.01 0.01
