0 0.773438 0.848611 0.01 0.01
0 0.845312 0.836111 0.01 0.01
0 0.816406 0.806944 0.01 0.01
0 0.823438 0.802778 0.01 0.01
0 0.821094 0.781944 0.01 0.01
0 0.824219 0.780556 0.01 0.01
0 0.824219 0.751389 0.01 0.01
0 0.801562 0.736111 0.01 0.01
0 0.803125 0.722222 0.01 0.01
0 0.808594 0.722222 0.01 0.01
0 0.854688 0.595833 0.01 0.01
0 0.828906 0.577778 0.01 0.01
0 0.807031 0.561111 0.01 0.01
0 0.809375 0.522222 0.01 0.01
0 0.813281 0.519444 0.01 0.01
0 0.853125 0.506944 0.01 0.01
0 0.853906 0.433333 0.01 0.01
0 0.818750 0.355556 0.01 0.01
0 0.815625 0.294444 0.01 0.01
0 0.801562 0.279167 0.01 0.01
0 0.771094 0.268056 0.01 0.01
0 0.821875 0.245833 0.01 0.01
0 0.816406 0.220833 0.01 0.01
0 0.817969 0.206944 0.01 0.01
0 0.821875 0.169444 0.01 0.01
0 0.829687 0.151389 0.01 0.01
0 0.817187 0.138889 0.01 0.01
0 0.817187 0.125000 0.01 0.01
0 0.794531 0.138889 0.01 0.01
0 0.801562 0.091667 0.01 0.01
0 0.804688 0.059722 0.01 0.01
0 0.791406 0.076389 0.01 0.01
0 0.775000 0.083333 0.01 0.01
0 0.766406 0.076389 0.01 0.01
0 0.767187 0.063889 0.01 0.01
0 0.763281 0.062500 0.01 0.01
0 0.754687 0.065278 0.01 0.01
0 0.753125 0.081944 0.01 0.01
0 0.750781 0.070833 0.01 0.01
0 0.746094 0.043056 0.01 0.01
0 0.732813 0.073611 0.01 0.01
0 0.725000 0.093056 0.01 0.01
0 0.732813 0.138889 0.01 0.01
0 0.676562 0.137500 0.01 0.01
0 0.677344 0.118056 0.01 0.01
0 0.657812 0.076389 0.01 0.01
0 0.635156 0.087500 0.01 0.01
0 0.635938 0.059722 0.01 0.01
0 0.621875 0.073611 0.01 0.01
0 0.602344 0.075000 0.01 0.01
0 0.575781 0.084722 0.01 0.01
0 0.574219 0.065278 0.01 0.01
0 0.581250 0.062500 0.01 0.01
0 0.565625 0.068056 0.01 0.01
0 0.562500 0.070833 0.01 0.01
0 0.511719 0.101389 0.01 0.01
0 0.513281 0.050000 0.01 0.01
0 0.479688 0.113889 0.01 0.01
0 0.469531 0.068056 0.01 0.01
0 0.478906 0.054167 0.01 0.01
0 0.446875 0.076389 0.01 0.01
0 0.444531 0.056944 0.01 0.01
0 0.420312 0.069444 0.01 0.01
0 0.420312 0.058333 0.01 0.01
0 0.395312 0.072222 0.01 0.01
0 0.470313 0.172222 0.01 0.01
0 0.452344 0.193056 0.01 0.01
0 0.493750 0.180556 0.01 0.01
0 0.485938 0.166667 0.01 0.01
0 0.478906 0.243056 0.01 0.01
0 0.528125 0.209722 0.01 0.01
0 0.532812 0.263889 0.01 0.01
0 0.591406 0.243056 0.01 0.01
0 0.640625 0.226389 0.01 0.01
0 0.675000 0.334722 0.01 0.01
0 0.747656 0.858333 0.01 0.01
0 0.740625 0.865278 0.01 0.01
0 0.732031 0.898611 0.01 0.01
0 0.704687 0.858333 0.01 0.01
0 0.754687 0.719444 0.01 0.01
0 0.719531 0.793056 0.01 0.01
0 0.706250 0.700000 0.01 0.01
0 0.696094 0.688889 0.01 0.01
0 0.697656 0.637500 0.01 0.01
0 0.735937 0.629167 0.01 0.01
0 0.755501 0.555400 0.01 0.01
0 0.748883 0.453047 0.01 0.01
0 0.754839 0.430694 0.01 0.01
0 0.765427 0.417753 0.01 0.01
0 0.709177 0.431871 0.01 0.01
0 0.672119 0.445989 0.01 0.01
0 0.648957 0.491871 0.01 0.01
0 0.654251 0.384812 0.01 0.01
0 0.627780 0.403636 0.01 0.01
0 0.612560 0.384812 0.01 0.01
0 0.605280 0.355400 0.01 0.01
0 0.556310 0.320106 0.01 0.01
0 0.564251 0.308342 0.01 0.01
0 0.558295 0.367165 0.01 0.01
0 0.525207 0.345989 0.01 0.01
0 0.534472 0.318930 0.01 0.01
0 0.498736 0.302459 0.01 0.01
0 0.460354 0.343636 0.01 0.01
0 0.464986 0.403636 0.01 0.01
0 0.427266 0.421283 0.01 0.01
0 0.430574 0.367165 0.01 0.01
0 0.401457 0.337753 0.01 0.01
0 0.380942 0.288341 0.01 0.01
0 0.464986 0.491871 0.01 0.01
0 0.484839 0.527165 0.01 0.01
0 0.484177 0.558930 0.01 0.01
0 0.494104 0.524812 0.01 0.01
0 0.560280 0.461283 0.01 0.01
0 0.606604 0.533047 0.01 0.01
0 0.608589 0.547165 0.01 0.01
0 0.572854 0.611871 0.01 0.01
0 0.561604 0.656577 0.01 0.01
0 0.570869 0.695400 0.01 0.01
0 0.562927 0.743636 0.01 0.01
0 0.582119 0.780106 0.01 0.01
0 0.626457 0.860106 0.01 0.01
0 0.641677 0.849518 0.01 0.01
0 0.652266 0.849518 0.01 0.01
0 0.587413 0.854224 0.01 0.01
0 0.578810 0.884812 0.01 0.01
0 0.568222 0.894224 0.01 0.01
0 0.545060 0.858930 0.01 0.01
0 0.529839 0.783636 0.01 0.01
0 0.523221 0.690694 0.01 0.01
0 0.515280 0.669518 0.01 0.01
0 0.482192 0.733047 0.01 0.01
0 0.472927 0.796577 0.01 0.01
0 0.466971 0.768341 0.01 0.01
0 0.471604 0.853047 0.01 0.01
0 0.455060 0.858930 0.01 0.01
0 0.427266 0.858930 0.01 0.01
0 0.418001 0.822459 0.01 0.01
0 0.481530 0.614224 0.01 0.01
0 0.463001 0.608342 0.01 0.01
0 0.428589 0.669518 0.01 0.01
0 0.409398 0.685989 0.01 0.01
0 0.403442 0.704812 0.01 0.01
0 0.369692 0.718930 0.01 0.01
0 0.377633 0.622459 0.01 0.01
0 0.393516 0.618930 0.01 0.01
0 0.388883 0.588342 0.01 0.01
0 0.382927 0.568341 0.01 0.01
0 0.353148 0.474224 0.01 0.01
0 0.315427 0.557753 0.01 0.01
0 0.308810 0.585989 0.01 0.01
0 0.292266 0.596577 0.01 0.01
0 0.292266 0.513047 0.01 0.01
0 0.320722 0.640106 0.01 0.01
0 0.280354 0.634224 0.01 0.01
0 0.266457 0.609518 0.01 0.01
0 0.270427 0.715400 0.01 0.01
0 0.237339 0.720106 0.01 0.01
0 0.244619 0.741283 0.01 0.01
0 0.238001 0.774224 0.01 0.01
0 0.238001 0.803636 0.01 0.01
0 0.246604 0.805989 0.01 0.01
0 0.218148 0.794224 0.01 0.01
0 0.214177 0.803636 0.01 0.01
0 0.212854 0.841283 0.01 0.01
0 0.214177 0.876577 0.01 0.01
0 0.226089 0.921283 0.01 0.01
0 0.230722 0.867165 0.01 0.01
0 0.235354 0.862459 0.01 0.01
0 0.247266 0.858930 0.01 0.01
0 0.267119 0.862459 0.01 0.01
0 0.278369 0.853047 0.01 0.01
0 0.312780 0.870694 0.01 0.01
0 0.321383 0.863636 0.01 0.01
0 0.313442 0.857753 0.01 0.01
0 0.158589 0.855400 0.01 0.01
0 0.196310 0.825989 0.01 0.01
0 0.192339 0.809518 0.01 0.01
0 0.177119 0.798930 0.01 0.01
0 0.181089 0.768341 0.01 0.01
0 0.181089 0.734224 0.01 0.01
0 0.177119 0.704812 0.01 0.01
0 0.182413 0.703636 0.01 0.01
0 0.175133 0.680106 0.01 0.01
0 0.165869 0.650694 0.01 0.01
0 0.137413 0.628341 0.01 0.01
0 0.175795 0.642459 0.01 0.01
0 0.176457 0.607165 0.01 0.01
0 0.187707 0.605989 0.01 0.01
0 0.185722 0.618930 0.01 0.01
0 0.244619 0.581283 0.01 0.01
0 0.207560 0.588342 0.01 0.01
0 0.181751 0.570694 0.01 0.01
0 0.218810 0.536577 0.01 0.01
0 0.193663 0.534224 0.01 0.01
0 0.175795 0.541283 0.01 0.01
0 0.193663 0.521283 0.01 0.01
0 0.183736 0.505989 0.01 0.01
0 0.181089 0.496577 0.01 0.01
0 0.173148 0.451871 0.01 0.01
0 0.202927 0.449518 0.01 0.01
0 0.180427 0.403636 0.01 0.01
0 0.191677 0.397753 0.01 0.01
0 0.201604 0.383636 0.01 0.01
0 0.227413 0.449518 0.01 0.01
0 0.238663 0.405989 0.01 0.01
0 0.247266 0.345989 0.01 0.01
0 0.136751 0.351871 0.01 0.01
0 0.181089 0.340106 0.01 0.01
0 0.181751 0.305989 0.01 0.01
0 0.181751 0.284812 0.01 0.01
0 0.184398 0.281283 0.01 0.01
0 0.199619 0.285989 0.01 0.01
0 0.175133 0.267165 0.01 0.01
0 0.175795 0.248342 0.01 0.01
0 0.226751 0.271871 0.01 0.01
0 0.272413 0.215400 0.01 0.01
0 0.319398 0.240106 0.01 0.01
0 0.168516 0.058930 0.01 0.01
0 0.180427 0.129518 0.01 0.01
0 0.165869 0.071871 0.01 0.01
0 0.349177 0.103636 0.01 0.01
0 0.340574 0.061283 0.01 0.01
0 0.331310 0.101283 0.01 0.01
0 0.316751 0.070694 0.01 0.01
0 0.206898 0.150694 0.01 0.01
0 0.215501 0.150694 0.01 0.01
0 0.181089 0.177753 0.01 0.01
0 0.177780 0.151871 0.01 0.01
0 0.193663 0.129518 0.01 0.01
0 0.194986 0.104812 0.01 0.01
0 0.189030 0.105989 0.01 0.01
0 0.193663 0.057753 0.01 0.01
0 0.200280 0.049518 0.01 0.01
0 0.206236 0.078930 0.01 0.01
0 0.216824 0.090694 0.01 0.01
0 0.228736 0.083636 0.01 0.01
0 0.228736 0.070694 0.01 0.01
0 0.236016 0.068342 0.01 0.01
0 0.249251 0.068342 0.01 0.01
0 0.261163 0.074224 0.01 0.01
0 0.270427 0.082459 0.01 0.01
0 0.265795 0.062459 0.01 0.01
0 0.273074 0.070694 0.01 0.01
0 0.273736 0.060106 0.01 0.01
0 0.281016 0.070694 0.01 0.01
0 0.308810 0.076577 0.01 0.01
0 0.304177 0.118930 0.01 0.01
0 0.579471 0.480106 0.01 0.01
