0 0.223438 0.047222 0.01 0.01
0 0.250781 0.118056 0.01 0.01
0 0.234375 0.129167 0.01 0.01
0 0.229687 0.140278 0.01 0.01
0 0.222656 0.156944 0.01 0.01
0 0.221875 0.195833 0.01 0.01
0 0.271875 0.156944 0.01 0.01
0 0.301562 0.086111 0.01 0.01
0 0.271094 0.341667 0.01 0.01
0 0.381250 0.254167 0.01 0.01
0 0.376563 0.226389 0.01 0.01
0 0.403125 0.147222 0.01 0.01
0 0.428125 0.112500 0.01 0.01
0 0.474219 0.163889 0.01 0.01
0 0.481250 0.152778 0.01 0.01
0 0.506250 0.205556 0.01 0.01
0 0.521094 0.238889 0.01 0.01
0 0.526563 0.215278 0.01 0.01
0 0.554688 0.169444 0.01 0.01
0 0.530469 0.100000 0.01 0.01
0 0.592188 0.254167 0.01 0.01
0 0.580469 0.230556 0.01 0.01
0 0.598437 0.220833 0.01 0.01
0 0.636719 0.127778 0.01 0.01
0 0.590625 0.100000 0.01 0.01
0 0.689844 0.176389 0.01 0.01
0 0.739062 0.102778 0.01 0.01
0 0.779688 0.118056 0.01 0.01
0 0.817969 0.109722 0.01 0.01
0 0.830469 0.115278 0.01 0.01
0 0.851562 0.127778 0.01 0.01
0 0.853906 0.138889 0.01 0.01
0 0.867188 0.155556 0.01 0.01
0 0.867969 0.193056 0.01 0.01
0 0.871875 0.206944 0.01 0.01
0 0.874219 0.258333 0.01 0.01
0 0.858594 0.279167 0.01 0.01
0 0.852344 0.212500 0.01 0.01
0 0.788281 0.244444 0.01 0.01
0 0.814844 0.329167 0.01 0.01
0 0.869531 0.484722 0.01 0.01
0 0.864844 0.605556 0.01 0.01
0 0.818750 0.563889 0.01 0.01
0 0.770312 0.505556 0.01 0.01
0 0.757031 0.584722 0.01 0.01
0 0.725781 0.650000 0.01 0.01
0 0.717188 0.640278 0.01 0.01
0 0.682813 0.643056 0.01 0.01
0 0.630469 0.702778 0.01 0.01
0 0.640625 0.788889 0.01 0.01
0 0.613281 0.879167 0.01 0.01
0 0.722656 0.895833 0.01 0.01
0 0.728906 0.908333 0.01 0.01
0 0.736719 0.866667 0.01 0.01
0 0.752344 0.901389 0.01 0.01
0 0.761719 0.918056 0.01 0.01
0 0.773438 0.908333 0.01 0.01
0 0.783594 0.929167 0.01 0.01
0 0.828125 0.855556 0.01 0.01
0 0.828906 0.863889 0.01 0.01
0 0.851562 0.844444 0.01 0.01
0 0.851562 0.866667 0.01 0.01
0 0.884375 0.919444 0.01 0.01
0 0.893750 0.880556 0.01 0.01
0 0.859375 0.713889 0.01 0.01
0 0.875000 0.673611 0.01 0.01
0 0.769531 0.822222 0.01 0.01
0 0.774219 0.783333 0.01 0.01
0 0.747656 0.770833 0.01 0.01
0 0.743750 0.743056 0.01 0.01
0 0.552344 0.912500 0.01 0.01
0 0.560156 0.893056 0.01 0.01
0 0.567187 0.854167 0.01 0.01
0 0.586719 0.727778 0.01 0.01
0 0.610156 0.663889 0.01 0.01
0 0.613281 0.647222 0.01 0.01
0 0.575000 0.666667 0.01 0.01
0 0.560156 0.631944 0.01 0.01
0 0.510156 0.751389 0.01 0.01
0 0.525000 0.645833 0.01 0.01
0 0.586719 0.541667 0.01 0.01
0 0.589063 0.477778 0.01 0.01
0 0.641406 0.426389 0.01 0.01
0 0.657812 0.438889 0.01 0.01
0 0.628125 0.380556 0.01 0.01
0 0.525781 0.468056 0.01 0.01
0 0.407813 0.443056 0.01 0.01
0 0.487500 0.548611 0.01 0.01
0 0.476562 0.576389 0.01 0.01
0 0.444531 0.594444 0.01 0.01
0 0.442969 0.655556 0.01 0.01
0 0.365625 0.525000 0.01 0.01
0 0.270312 0.597222 0.01 0.01
0 0.214062 0.644444 0.01 0.01
0 0.207813 0.701389 0.01 0.01
0 0.212500 0.740278 0.01 0.01
0 0.211719 0.756944 0.01 0.01
0 0.212500 0.766667 0.01 0.01
0 0.204688 0.777778 0.01 0.01
0 0.221875 0.811111 0.01 0.01
0 0.186719 0.873611 0.01 0.01
0 0.228125 0.845833 0.01 0.01
0 0.248437 0.890278 0.01 0.01
0 0.263281 0.877778 0.01 0.01
0 0.279687 0.881944 0.01 0.01
0 0.300781 0.870833 0.01 0.01
0 0.317969 0.861111 0.01 0.01
0 0.360156 0.880556 0.01 0.01
0 0.369531 0.880556 0.01 0.01
0 0.387500 0.901389 0.01 0.01
0 0.427344 0.883333 0.01 0.01
0 0.451562 0.883333 0.01 0.01
0 0.476562 0.806944 0.01 0.01
0 0.364844 0.801389 0.01 0.01
0 0.349219 0.776389 0.01 0.01
0 0.334375 0.772222 0.01 0.01
0 0.349219 0.737500 0.01 0.01
0 0.307813 0.729167 0.01 0.01
0 0.296875 0.748611 0.01 0.01
0 0.251563 0.763889 0.01 0.01
0 0.377344 0.701389 0.01 0.01
