0 0.227344 0.106944 0.01 0.01
0 0.228906 0.181944 0.01 0.01
0 0.229687 0.251389 0.01 0.01
0 0.226562 0.347222 0.01 0.01
0 0.250781 0.180556 0.01 0.01
0 0.256250 0.159722 0.01 0.01
0 0.273438 0.181944 0.01 0.01
0 0.348437 0.138889 0.01 0.01
0 0.351562 0.131944 0.01 0.01
0 0.399219 0.136111 0.01 0.01
0 0.429688 0.340278 0.01 0.01
0 0.380469 0.347222 0.01 0.01
0 0.490625 0.188889 0.01 0.01
0 0.532812 0.284722 0.01 0.01
0 0.528125 0.258333 0.01 0.01
0 0.520312 0.193056 0.01 0.01
0 0.526563 0.141667 0.01 0.01
0 0.567969 0.280556 0.01 0.01
0 0.564844 0.270833 0.01 0.01
0 0.589063 0.268056 0.01 0.01
0 0.609375 0.277778 0.01 0.01
0 0.621875 0.233333 0.01 0.01
0 0.633594 0.173611 0.01 0.01
0 0.652344 0.155556 0.01 0.01
0 0.714063 0.151389 0.01 0.01
0 0.753125 0.133333 0.01 0.01
0 0.801562 0.109722 0.01 0.01
0 0.838281 0.162500 0.01 0.01
0 0.853906 0.186111 0.01 0.01
0 0.865625 0.173611 0.01 0.01
0 0.863281 0.208333 0.01 0.01
0 0.864844 0.223611 0.01 0.01
0 0.867188 0.255556 0.01 0.01
0 0.896875 0.268056 0.01 0.01
0 0.871094 0.297222 0.01 0.01
0 0.863281 0.313889 0.01 0.01
0 0.880469 0.352778 0.01 0.01
0 0.746875 0.336111 0.01 0.01
0 0.729688 0.323611 0.01 0.01
0 0.625000 0.351389 0.01 0.01
0 0.514063 0.445833 0.01 0.01
0 0.522656 0.466667 0.01 0.01
0 0.629687 0.422222 0.01 0.01
0 0.660156 0.481944 0.01 0.01
0 0.596875 0.566667 0.01 0.01
0 0.709375 0.559722 0.01 0.01
0 0.721094 0.515278 0.01 0.01
0 0.775781 0.543056 0.01 0.01
0 0.758594 0.629167 0.01 0.01
0 0.823438 0.594444 0.01 0.01
0 0.867188 0.593056 0.01 0.01
0 0.862500 0.640278 0.01 0.01
0 0.864844 0.750000 0.01 0.01
0 0.865625 0.861111 0.01 0.01
0 0.871094 0.897222 0.01 0.01
0 0.899219 0.902778 0.01 0.01
0 0.890625 0.927778 0.01 0.01
0 0.847656 0.916667 0.01 0.01
0 0.845312 0.929167 0.01 0.01
0 0.804688 0.954167 0.01 0.01
0 0.797656 0.950000 0.01 0.01
0 0.790625 0.959722 0.01 0.01
0 0.757812 0.956944 0.01 0.01
0 0.760156 0.940278 0.01 0.01
0 0.785937 0.901389 0.01 0.01
0 0.762500 0.873611 0.01 0.01
0 0.745313 0.901389 0.01 0.01
0 0.744531 0.927778 0.01 0.01
0 0.776563 0.822222 0.01 0.01
0 0.751562 0.808333 0.01 0.01
0 0.741406 0.777778 0.01 0.01
0 0.687500 0.729167 0.01 0.01
0 0.641406 0.726389 0.01 0.01
0 0.599219 0.672222 0.01 0.01
0 0.557813 0.627778 0.01 0.01
0 0.522656 0.608333 0.01 0.01
0 0.540625 0.669444 0.01 0.01
0 0.577344 0.704167 0.01 0.01
0 0.654688 0.830556 0.01 0.01
0 0.629687 0.851389 0.01 0.01
0 0.641406 0.931944 0.01 0.01
0 0.644531 0.970833 0.01 0.01
0 0.556250 0.925000 0.01 0.01
0 0.511719 0.883333 0.01 0.01
0 0.451562 0.919444 0.01 0.01
0 0.572656 0.795833 0.01 0.01
0 0.548437 0.772222 0.01 0.01
0 0.470313 0.788889 0.01 0.01
0 0.422656 0.825000 0.01 0.01
0 0.442969 0.862500 0.01 0.01
0 0.425000 0.758333 0.01 0.01
0 0.378125 0.741667 0.01 0.01
0 0.422656 0.613889 0.01 0.01
0 0.370313 0.583333 0.01 0.01
0 0.376563 0.833333 0.01 0.01
0 0.385938 0.940278 0.01 0.01
0 0.377344 0.915278 0.01 0.01
0 0.367188 0.919444 0.01 0.01
0 0.357812 0.918056 0.01 0.01
0 0.319531 0.916667 0.01 0.01
0 0.296875 0.912500 0.01 0.01
0 0.288281 0.911111 0.01 0.01
0 0.255469 0.962500 0.01 0.01
0 0.343750 0.808333 0.01 0.01
0 0.301562 0.788889 0.01 0.01
0 0.239063 0.897222 0.01 0.01
0 0.232812 0.886111 0.01 0.01
0 0.214062 0.955556 0.01 0.01
0 0.211719 0.886111 0.01 0.01
0 0.225000 0.869444 0.01 0.01
0 0.225781 0.855556 0.01 0.01
0 0.217187 0.841667 0.01 0.01
0 0.217969 0.780556 0.01 0.01
0 0.224219 0.693056 0.01 0.01
0 0.222656 0.598611 0.01 0.01
0 0.250781 0.604167 0.01 0.01
0 0.278906 0.548611 0.01 0.01
