0 0.253125 0.033333 0.01 0.01
0 0.289062 0.180556 0.01 0.01
0 0.507031 0.165278 0.01 0.01
0 0.606250 0.176389 0.01 0.01
0 0.614062 0.081944 0.01 0.01
0 0.631250 0.076389 0.01 0.01
0 0.711719 0.176389 0.01 0.01
0 0.398438 0.373611 0.01 0.01
0 0.428125 0.533333 0.01 0.01
0 0.372656 0.544444 0.01 0.01
0 0.214062 0.683333 0.01 0.01
0 0.500781 0.655556 0.01 0.01
0 0.635156 0.544444 0.01 0.01
0 0.543750 0.841667 0.01 0.01
0 0.469531 0.872222 0.01 0.01
0 0.380469 0.744444 0.01 0.01
0 0.522656 0.944444 0.01 0.01
0 0.842969 0.868056 0.01 0.01
0 0.851562 0.809722 0.01 0.01
0 0.771094 0.831944 0.01 0.01
0 0.857813 0.622222 0.01 0.01
0 0.840625 0.534722 0.01 0.01
0 0.739062 0.454167 0.01 0.01
0 0.727344 0.434722 0.01 0.01
0 0.788281 0.100000 0.01 0.01
0 0.789062 0.069444 0.01 0.01
0 0.850781 0.131944 0.01 0.01
0 0.792969 0.205556 0.01 0.01
0 0.839844 0.229167 0.01 0.01
