0 0.807031 0.075000 0.01 0.01
0 0.803906 0.068056 0.01 0.01
0 0.808594 0.051389 0.01 0.01
0 0.826563 0.050000 0.01 0.01
0 0.815625 0.081944 0.01 0.01
0 0.817969 0.098611 0.01 0.01
0 0.818750 0.105556 0.01 0.01
0 0.821875 0.112500 0.01 0.01
0 0.826563 0.134722 0.01 0.01
0 0.825000 0.154167 0.01 0.01
0 0.825000 0.170833 0.01 0.01
0 0.809375 0.168056 0.01 0.01
0 0.777344 0.059722 0.01 0.01
0 0.764844 0.052778 0.01 0.01
0 0.758594 0.047222 0.01 0.01
0 0.746875 0.040278 0.01 0.01
0 0.725781 0.047222 0.01 0.01
0 0.721094 0.052778 0.01 0.01
0 0.699219 0.048611 0.01 0.01
0 0.691406 0.044444 0.01 0.01
0 0.678125 0.040278 0.01 0.01
0 0.646875 0.043056 0.01 0.01
0 0.664844 0.062500 0.01 0.01
0 0.676562 0.095833 0.01 0.01
0 0.694531 0.115278 0.01 0.01
0 0.606250 0.115278 0.01 0.01
0 0.598437 0.098611 0.01 0.01
0 0.583594 0.063889 0.01 0.01
0 0.586719 0.055556 0.01 0.01
0 0.558594 0.090278 0.01 0.01
0 0.539062 0.040278 0.01 0.01
0 0.517969 0.087500 0.01 0.01
0 0.517969 0.044444 0.01 0.01
0 0.503125 0.038889 0.01 0.01
0 0.481250 0.030556 0.01 0.01
0 0.468750 0.090278 0.01 0.01
0 0.437500 0.043056 0.01 0.01
0 0.432031 0.038889 0.01 0.01
0 0.428125 0.029167 0.01 0.01
0 0.415625 0.044444 0.01 0.01
0 0.368750 0.043056 0.01 0.01
0 0.349219 0.041667 0.01 0.01
0 0.341406 0.038889 0.01 0.01
0 0.328125 0.058333 0.01 0.01
0 0.323438 0.150000 0.01 0.01
0 0.418750 0.238889 0.01 0.01
0 0.481250 0.212500 0.01 0.01
0 0.493750 0.159722 0.01 0.01
0 0.521875 0.186111 0.01 0.01
0 0.564062 0.131944 0.01 0.01
0 0.608594 0.200000 0.01 0.01
0 0.578125 0.208333 0.01 0.01
0 0.589063 0.226389 0.01 0.01
0 0.576563 0.318056 0.01 0.01
0 0.517187 0.300000 0.01 0.01
0 0.490625 0.275000 0.01 0.01
0 0.505469 0.241667 0.01 0.01
0 0.411719 0.326389 0.01 0.01
0 0.396094 0.351389 0.01 0.01
0 0.351562 0.336111 0.01 0.01
0 0.349219 0.272222 0.01 0.01
0 0.471875 0.350000 0.01 0.01
0 0.468750 0.372222 0.01 0.01
0 0.652344 0.304167 0.01 0.01
0 0.634375 0.375000 0.01 0.01
0 0.658594 0.384722 0.01 0.01
0 0.658594 0.358333 0.01 0.01
0 0.729688 0.338889 0.01 0.01
0 0.753125 0.306944 0.01 0.01
0 0.819531 0.273611 0.01 0.01
0 0.832031 0.220833 0.01 0.01
0 0.824219 0.337500 0.01 0.01
0 0.798437 0.477778 0.01 0.01
0 0.810938 0.491667 0.01 0.01
0 0.823438 0.516667 0.01 0.01
0 0.822656 0.530556 0.01 0.01
0 0.821875 0.548611 0.01 0.01
0 0.771875 0.562500 0.01 0.01
0 0.681250 0.536111 0.01 0.01
0 0.644531 0.534722 0.01 0.01
0 0.655469 0.470833 0.01 0.01
0 0.648438 0.448611 0.01 0.01
0 0.601562 0.430556 0.01 0.01
0 0.540625 0.502778 0.01 0.01
0 0.491406 0.529167 0.01 0.01
0 0.482031 0.513889 0.01 0.01
0 0.473437 0.509722 0.01 0.01
0 0.453906 0.536111 0.01 0.01
0 0.439844 0.427778 0.01 0.01
0 0.414844 0.422222 0.01 0.01
0 0.364062 0.429167 0.01 0.01
0 0.858594 0.654167 0.01 0.01
0 0.855469 0.451389 0.01 0.01
0 0.844531 0.444444 0.01 0.01
0 0.826563 0.663889 0.01 0.01
0 0.770312 0.683333 0.01 0.01
0 0.756250 0.704167 0.01 0.01
0 0.826563 0.705556 0.01 0.01
0 0.858594 0.713889 0.01 0.01
0 0.839844 0.751389 0.01 0.01
0 0.826563 0.758333 0.01 0.01
0 0.809375 0.781944 0.01 0.01
0 0.812500 0.790278 0.01 0.01
0 0.814844 0.805556 0.01 0.01
0 0.820312 0.818056 0.01 0.01
0 0.848437 0.809722 0.01 0.01
0 0.815625 0.862500 0.01 0.01
0 0.773438 0.825000 0.01 0.01
0 0.764844 0.829167 0.01 0.01
0 0.693750 0.830556 0.01 0.01
0 0.732813 0.819444 0.01 0.01
0 0.718750 0.836111 0.01 0.01
0 0.685938 0.831944 0.01 0.01
0 0.645312 0.775000 0.01 0.01
0 0.613281 0.827778 0.01 0.01
0 0.586719 0.825000 0.01 0.01
0 0.567969 0.779167 0.01 0.01
0 0.580469 0.745833 0.01 0.01
0 0.600781 0.768056 0.01 0.01
0 0.625000 0.679167 0.01 0.01
0 0.571094 0.668056 0.01 0.01
0 0.567187 0.644444 0.01 0.01
0 0.575781 0.588889 0.01 0.01
0 0.577344 0.584722 0.01 0.01
0 0.696875 0.666667 0.01 0.01
0 0.480469 0.858333 0.01 0.01
0 0.489844 0.825000 0.01 0.01
0 0.505469 0.801389 0.01 0.01
0 0.489062 0.793056 0.01 0.01
0 0.464844 0.826389 0.01 0.01
0 0.453906 0.827778 0.01 0.01
0 0.425781 0.829167 0.01 0.01
0 0.424219 0.808333 0.01 0.01
0 0.390625 0.804167 0.01 0.01
0 0.284375 0.826389 0.01 0.01
0 0.274219 0.804167 0.01 0.01
0 0.262500 0.826389 0.01 0.01
0 0.257031 0.819444 0.01 0.01
0 0.227344 0.837500 0.01 0.01
0 0.225000 0.840278 0.01 0.01
0 0.218750 0.805556 0.01 0.01
0 0.201562 0.812500 0.01 0.01
0 0.206250 0.798611 0.01 0.01
0 0.200000 0.793056 0.01 0.01
0 0.194531 0.801389 0.01 0.01
0 0.196875 0.790278 0.01 0.01
0 0.192969 0.780556 0.01 0.01
0 0.185156 0.738889 0.01 0.01
0 0.171094 0.762500 0.01 0.01
0 0.135156 0.730556 0.01 0.01
0 0.142188 0.831944 0.01 0.01
0 0.173438 0.840278 0.01 0.01
0 0.176563 0.812500 0.01 0.01
0 0.205469 0.751389 0.01 0.01
0 0.221875 0.759722 0.01 0.01
0 0.239063 0.744444 0.01 0.01
0 0.255469 0.723611 0.01 0.01
0 0.257812 0.715278 0.01 0.01
0 0.246094 0.687500 0.01 0.01
0 0.236719 0.691667 0.01 0.01
0 0.189063 0.706944 0.01 0.01
0 0.190625 0.659722 0.01 0.01
0 0.184375 0.634722 0.01 0.01
0 0.186719 0.616667 0.01 0.01
0 0.183594 0.595833 0.01 0.01
0 0.157031 0.587500 0.01 0.01
0 0.171875 0.570833 0.01 0.01
0 0.187500 0.547222 0.01 0.01
0 0.182812 0.470833 0.01 0.01
0 0.186719 0.454167 0.01 0.01
0 0.215625 0.494444 0.01 0.01
0 0.246875 0.545833 0.01 0.01
0 0.271875 0.580556 0.01 0.01
0 0.277344 0.593056 0.01 0.01
0 0.283594 0.633333 0.01 0.01
0 0.289062 0.648611 0.01 0.01
0 0.326562 0.686111 0.01 0.01
0 0.354688 0.663889 0.01 0.01
0 0.431250 0.697222 0.01 0.01
0 0.450000 0.763889 0.01 0.01
0 0.462500 0.687500 0.01 0.01
0 0.516406 0.666667 0.01 0.01
0 0.508594 0.608333 0.01 0.01
0 0.465625 0.575000 0.01 0.01
0 0.426562 0.572222 0.01 0.01
0 0.371875 0.556944 0.01 0.01
0 0.346094 0.594444 0.01 0.01
0 0.314844 0.516667 0.01 0.01
0 0.267188 0.419444 0.01 0.01
0 0.257031 0.416667 0.01 0.01
0 0.246094 0.358333 0.01 0.01
0 0.187500 0.372222 0.01 0.01
0 0.172656 0.390278 0.01 0.01
0 0.185937 0.331944 0.01 0.01
0 0.175781 0.291667 0.01 0.01
0 0.169531 0.270833 0.01 0.01
0 0.185937 0.273611 0.01 0.01
0 0.190625 0.261111 0.01 0.01
0 0.189063 0.251389 0.01 0.01
0 0.186719 0.231944 0.01 0.01
0 0.205469 0.245833 0.01 0.01
0 0.207031 0.211111 0.01 0.01
0 0.280469 0.237500 0.01 0.01
0 0.215625 0.127778 0.01 0.01
0 0.228125 0.093056 0.01 0.01
0 0.268750 0.066667 0.01 0.01
0 0.271875 0.047222 0.01 0.01
0 0.252344 0.052778 0.01 0.01
0 0.250000 0.040278 0.01 0.01
0 0.239844 0.044444 0.01 0.01
0 0.235938 0.038889 0.01 0.01
0 0.234375 0.033333 0.01 0.01
0 0.227344 0.052778 0.01 0.01
0 0.214844 0.059722 0.01 0.01
0 0.208594 0.063889 0.01 0.01
0 0.208594 0.073611 0.01 0.01
0 0.212500 0.088889 0.01 0.01
0 0.206250 0.112500 0.01 0.01
0 0.192969 0.105556 0.01 0.01
0 0.195312 0.090278 0.01 0.01
0 0.192188 0.090278 0.01 0.01
0 0.182812 0.070833 0.01 0.01
0 0.178906 0.075000 0.01 0.01
0 0.150000 0.076389 0.01 0.01
0 0.156250 0.112500 0.01 0.01
0 0.176563 0.127778 0.01 0.01
0 0.170312 0.034722 0.01 0.01
0 0.196094 0.052778 0.01 0.01
0 0.195312 0.073611 0.01 0.01
