0 0.224219 0.045833 0.01 0.01
0 0.250000 0.112500 0.01 0.01
0 0.233594 0.133333 0.01 0.01
0 0.228125 0.141667 0.01 0.01
0 0.221094 0.159722 0.01 0.01
0 0.224219 0.195833 0.01 0.01
0 0.272656 0.159722 0.01 0.01
0 0.302344 0.087500 0.01 0.01
0 0.375781 0.226389 0.01 0.01
0 0.382812 0.254167 0.01 0.01
0 0.275000 0.344444 0.01 0.01
0 0.409375 0.440278 0.01 0.01
0 0.401563 0.144444 0.01 0.01
0 0.427344 0.112500 0.01 0.01
0 0.474219 0.163889 0.01 0.01
0 0.478125 0.151389 0.01 0.01
0 0.503125 0.209722 0.01 0.01
0 0.524219 0.211111 0.01 0.01
0 0.521094 0.241667 0.01 0.01
0 0.554688 0.168056 0.01 0.01
0 0.530469 0.101389 0.01 0.01
0 0.592188 0.097222 0.01 0.01
0 0.635938 0.125000 0.01 0.01
0 0.597656 0.220833 0.01 0.01
0 0.590625 0.250000 0.01 0.01
0 0.579687 0.231944 0.01 0.01
0 0.687500 0.175000 0.01 0.01
0 0.812500 0.326389 0.01 0.01
0 0.857031 0.279167 0.01 0.01
0 0.873438 0.262500 0.01 0.01
0 0.871094 0.211111 0.01 0.01
0 0.866406 0.200000 0.01 0.01
0 0.852344 0.215278 0.01 0.01
0 0.789062 0.245833 0.01 0.01
0 0.739062 0.100000 0.01 0.01
0 0.778125 0.116667 0.01 0.01
0 0.815625 0.111111 0.01 0.01
0 0.831250 0.122222 0.01 0.01
0 0.852344 0.130556 0.01 0.01
0 0.854688 0.141667 0.01 0.01
0 0.866406 0.156944 0.01 0.01
0 0.867969 0.480556 0.01 0.01
0 0.863281 0.602778 0.01 0.01
0 0.818750 0.562500 0.01 0.01
0 0.771094 0.505556 0.01 0.01
0 0.758594 0.579167 0.01 0.01
0 0.725000 0.647222 0.01 0.01
0 0.717969 0.647222 0.01 0.01
0 0.682813 0.645833 0.01 0.01
0 0.658594 0.441667 0.01 0.01
0 0.646094 0.430556 0.01 0.01
0 0.632031 0.381944 0.01 0.01
0 0.590625 0.480556 0.01 0.01
0 0.578906 0.458333 0.01 0.01
0 0.525000 0.470833 0.01 0.01
0 0.589063 0.536111 0.01 0.01
0 0.489062 0.548611 0.01 0.01
0 0.478906 0.572222 0.01 0.01
0 0.446094 0.600000 0.01 0.01
0 0.364844 0.523611 0.01 0.01
0 0.442969 0.656944 0.01 0.01
0 0.562500 0.633333 0.01 0.01
0 0.573438 0.662500 0.01 0.01
0 0.607813 0.663889 0.01 0.01
0 0.612500 0.650000 0.01 0.01
0 0.630469 0.702778 0.01 0.01
0 0.875000 0.676389 0.01 0.01
0 0.859375 0.715278 0.01 0.01
0 0.851562 0.843056 0.01 0.01
0 0.852344 0.868056 0.01 0.01
0 0.893750 0.881944 0.01 0.01
0 0.888281 0.916667 0.01 0.01
0 0.824219 0.861111 0.01 0.01
0 0.784375 0.930556 0.01 0.01
0 0.772656 0.908333 0.01 0.01
0 0.764844 0.919444 0.01 0.01
0 0.753125 0.904167 0.01 0.01
0 0.730469 0.906944 0.01 0.01
0 0.722656 0.898611 0.01 0.01
0 0.737500 0.865278 0.01 0.01
0 0.767969 0.820833 0.01 0.01
0 0.774219 0.784722 0.01 0.01
0 0.751562 0.775000 0.01 0.01
0 0.746094 0.741667 0.01 0.01
0 0.641406 0.787500 0.01 0.01
0 0.614844 0.879167 0.01 0.01
0 0.566406 0.850000 0.01 0.01
0 0.560938 0.891667 0.01 0.01
0 0.553906 0.915278 0.01 0.01
0 0.511719 0.748611 0.01 0.01
0 0.588281 0.725000 0.01 0.01
0 0.475000 0.808333 0.01 0.01
0 0.452344 0.883333 0.01 0.01
0 0.428906 0.881944 0.01 0.01
0 0.385156 0.901389 0.01 0.01
0 0.372656 0.883333 0.01 0.01
0 0.358594 0.881944 0.01 0.01
0 0.322656 0.863889 0.01 0.01
0 0.302344 0.872222 0.01 0.01
0 0.279687 0.879167 0.01 0.01
0 0.264844 0.880556 0.01 0.01
0 0.250781 0.890278 0.01 0.01
0 0.187500 0.869444 0.01 0.01
0 0.228906 0.845833 0.01 0.01
0 0.219531 0.818056 0.01 0.01
0 0.204688 0.781944 0.01 0.01
0 0.211719 0.766667 0.01 0.01
0 0.211719 0.759722 0.01 0.01
0 0.211719 0.745833 0.01 0.01
0 0.209375 0.698611 0.01 0.01
0 0.212500 0.641667 0.01 0.01
0 0.269531 0.595833 0.01 0.01
0 0.248437 0.763889 0.01 0.01
0 0.296875 0.744444 0.01 0.01
0 0.307031 0.726389 0.01 0.01
0 0.335938 0.769444 0.01 0.01
0 0.348437 0.777778 0.01 0.01
0 0.366406 0.806944 0.01 0.01
0 0.349219 0.743056 0.01 0.01
0 0.377344 0.705556 0.01 0.01
