0 0.840207 0.845989 0.01 0.01
0 0.811089 0.820106 0.01 0.01
0 0.809104 0.810694 0.01 0.01
0 0.811751 0.803636 0.01 0.01
0 0.807119 0.795400 0.01 0.01
0 0.819692 0.795400 0.01 0.01
0 0.833589 0.794224 0.01 0.01
0 0.790574 0.803636 0.01 0.01
0 0.764766 0.857753 0.01 0.01
0 0.749545 0.858930 0.01 0.01
0 0.718442 0.867165 0.01 0.01
0 0.693957 0.868342 0.01 0.01
0 0.650942 0.860106 0.01 0.01
0 0.624472 0.891871 0.01 0.01
0 0.608589 0.891871 0.01 0.01
0 0.614545 0.856577 0.01 0.01
0 0.627119 0.841283 0.01 0.01
0 0.713810 0.803636 0.01 0.01
0 0.680722 0.710694 0.01 0.01
0 0.689986 0.696577 0.01 0.01
0 0.703883 0.645989 0.01 0.01
0 0.736310 0.671871 0.01 0.01
0 0.747560 0.730694 0.01 0.01
0 0.824986 0.733047 0.01 0.01
0 0.783295 0.663636 0.01 0.01
0 0.768074 0.549518 0.01 0.01
0 0.812413 0.578930 0.01 0.01
0 0.799177 0.560106 0.01 0.01
0 0.803810 0.533047 0.01 0.01
0 0.808442 0.528342 0.01 0.01
0 0.740280 0.510694 0.01 0.01
0 0.725721 0.509518 0.01 0.01
0 0.843516 0.541283 0.01 0.01
0 0.846163 0.555400 0.01 0.01
0 0.846163 0.609518 0.01 0.01
0 0.822339 0.473047 0.01 0.01
0 0.813074 0.414224 0.01 0.01
0 0.810427 0.297753 0.01 0.01
0 0.799177 0.260106 0.01 0.01
0 0.816383 0.270694 0.01 0.01
0 0.807119 0.207165 0.01 0.01
0 0.811089 0.188341 0.01 0.01
0 0.817707 0.175400 0.01 0.01
0 0.811089 0.173047 0.01 0.01
0 0.812413 0.148342 0.01 0.01
0 0.810427 0.129518 0.01 0.01
0 0.801163 0.122459 0.01 0.01
0 0.804471 0.100106 0.01 0.01
0 0.801163 0.102459 0.01 0.01
0 0.795869 0.108342 0.01 0.01
0 0.795207 0.084812 0.01 0.01
0 0.772707 0.105989 0.01 0.01
0 0.766751 0.084812 0.01 0.01
0 0.760133 0.082459 0.01 0.01
0 0.751530 0.082459 0.01 0.01
0 0.743589 0.088342 0.01 0.01
0 0.747560 0.031871 0.01 0.01
0 0.731016 0.078930 0.01 0.01
0 0.725721 0.083636 0.01 0.01
0 0.710501 0.085989 0.01 0.01
0 0.709839 0.073047 0.01 0.01
0 0.697927 0.073047 0.01 0.01
0 0.693295 0.077753 0.01 0.01
0 0.676751 0.090694 0.01 0.01
0 0.662854 0.074224 0.01 0.01
0 0.662192 0.065989 0.01 0.01
0 0.684030 0.151871 0.01 0.01
0 0.750869 0.228342 0.01 0.01
0 0.710501 0.243636 0.01 0.01
0 0.735648 0.356577 0.01 0.01
0 0.675427 0.376577 0.01 0.01
0 0.650280 0.391871 0.01 0.01
0 0.625133 0.415400 0.01 0.01
0 0.644986 0.496577 0.01 0.01
0 0.672119 0.482459 0.01 0.01
0 0.618516 0.509518 0.01 0.01
0 0.605280 0.497753 0.01 0.01
0 0.591383 0.585989 0.01 0.01
0 0.545722 0.496577 0.01 0.01
0 0.550354 0.434224 0.01 0.01
0 0.564913 0.356577 0.01 0.01
0 0.570869 0.324812 0.01 0.01
0 0.549030 0.334224 0.01 0.01
0 0.535795 0.337753 0.01 0.01
0 0.515280 0.336577 0.01 0.01
0 0.586751 0.254224 0.01 0.01
0 0.612560 0.187165 0.01 0.01
0 0.625133 0.088342 0.01 0.01
0 0.623810 0.073047 0.01 0.01
0 0.607927 0.113047 0.01 0.01
0 0.604619 0.078930 0.01 0.01
0 0.588736 0.088342 0.01 0.01
0 0.582119 0.088342 0.01 0.01
0 0.572854 0.104812 0.01 0.01
0 0.571530 0.074224 0.01 0.01
0 0.556971 0.071871 0.01 0.01
0 0.509324 0.073047 0.01 0.01
0 0.480207 0.068342 0.01 0.01
0 0.459692 0.049518 0.01 0.01
0 0.478222 0.120106 0.01 0.01
0 0.465648 0.148342 0.01 0.01
0 0.468295 0.155400 0.01 0.01
0 0.439177 0.155400 0.01 0.01
0 0.437192 0.200106 0.01 0.01
0 0.484177 0.185989 0.01 0.01
0 0.515280 0.195400 0.01 0.01
0 0.511972 0.183636 0.01 0.01
0 0.521898 0.223636 0.01 0.01
0 0.554324 0.191871 0.01 0.01
0 0.449766 0.318930 0.01 0.01
0 0.427927 0.323636 0.01 0.01
0 0.430574 0.380106 0.01 0.01
0 0.463001 0.397753 0.01 0.01
0 0.483516 0.528342 0.01 0.01
0 0.477560 0.554224 0.01 0.01
0 0.449104 0.528342 0.01 0.01
0 0.418001 0.510694 0.01 0.01
0 0.397486 0.529518 0.01 0.01
0 0.376310 0.562459 0.01 0.01
0 0.365060 0.418930 0.01 0.01
0 0.359766 0.235400 0.01 0.01
0 0.424619 0.075400 0.01 0.01
0 0.418663 0.063636 0.01 0.01
0 0.400795 0.076577 0.01 0.01
0 0.391530 0.076577 0.01 0.01
0 0.374986 0.081283 0.01 0.01
0 0.371677 0.093047 0.01 0.01
0 0.343221 0.103636 0.01 0.01
0 0.318736 0.090694 0.01 0.01
0 0.324692 0.069518 0.01 0.01
0 0.284324 0.124812 0.01 0.01
0 0.259839 0.074224 0.01 0.01
0 0.253222 0.070694 0.01 0.01
0 0.245942 0.073047 0.01 0.01
0 0.239324 0.071871 0.01 0.01
0 0.234030 0.074224 0.01 0.01
0 0.233369 0.084812 0.01 0.01
0 0.231383 0.089518 0.01 0.01
0 0.228736 0.065989 0.01 0.01
0 0.210869 0.077753 0.01 0.01
0 0.204251 0.088342 0.01 0.01
0 0.187045 0.074224 0.01 0.01
0 0.179766 0.068342 0.01 0.01
0 0.158589 0.081283 0.01 0.01
0 0.144692 0.085989 0.01 0.01
0 0.148001 0.096577 0.01 0.01
0 0.186383 0.103636 0.01 0.01
0 0.192339 0.108342 0.01 0.01
0 0.183736 0.115400 0.01 0.01
0 0.185060 0.133047 0.01 0.01
0 0.183736 0.154224 0.01 0.01
0 0.179766 0.193047 0.01 0.01
0 0.206236 0.157753 0.01 0.01
0 0.216163 0.154224 0.01 0.01
0 0.216824 0.210694 0.01 0.01
0 0.177780 0.245989 0.01 0.01
0 0.182413 0.280106 0.01 0.01
0 0.179766 0.305989 0.01 0.01
0 0.166530 0.329518 0.01 0.01
0 0.195648 0.280106 0.01 0.01
0 0.224766 0.270694 0.01 0.01
0 0.268442 0.256577 0.01 0.01
0 0.293589 0.233047 0.01 0.01
0 0.236677 0.393047 0.01 0.01
0 0.259839 0.350694 0.01 0.01
0 0.264472 0.464812 0.01 0.01
0 0.230060 0.421283 0.01 0.01
0 0.183736 0.393047 0.01 0.01
0 0.179766 0.400106 0.01 0.01
0 0.169177 0.437753 0.01 0.01
0 0.189692 0.449518 0.01 0.01
0 0.202266 0.491871 0.01 0.01
0 0.218148 0.482459 0.01 0.01
0 0.155280 0.524812 0.01 0.01
0 0.125501 0.669518 0.01 0.01
0 0.177780 0.529518 0.01 0.01
0 0.175795 0.568341 0.01 0.01
0 0.171163 0.593047 0.01 0.01
0 0.203589 0.640106 0.01 0.01
0 0.169839 0.662459 0.01 0.01
0 0.177119 0.688341 0.01 0.01
0 0.172486 0.694224 0.01 0.01
0 0.173810 0.674224 0.01 0.01
0 0.167854 0.720106 0.01 0.01
0 0.175795 0.731871 0.01 0.01
0 0.172486 0.744812 0.01 0.01
0 0.172486 0.763636 0.01 0.01
0 0.169177 0.778930 0.01 0.01
0 0.174472 0.781283 0.01 0.01
0 0.173148 0.843636 0.01 0.01
0 0.156604 0.867165 0.01 0.01
0 0.187707 0.905989 0.01 0.01
0 0.189692 0.824812 0.01 0.01
0 0.204251 0.849518 0.01 0.01
0 0.207560 0.840106 0.01 0.01
0 0.196310 0.773047 0.01 0.01
0 0.211530 0.794224 0.01 0.01
0 0.230722 0.777753 0.01 0.01
0 0.243295 0.764812 0.01 0.01
0 0.228074 0.724812 0.01 0.01
0 0.231383 0.711871 0.01 0.01
0 0.264472 0.769518 0.01 0.01
0 0.271089 0.837753 0.01 0.01
0 0.275721 0.857753 0.01 0.01
0 0.263148 0.854224 0.01 0.01
0 0.243295 0.847165 0.01 0.01
0 0.228736 0.850694 0.01 0.01
0 0.220133 0.868342 0.01 0.01
0 0.324692 0.845989 0.01 0.01
0 0.350501 0.857753 0.01 0.01
0 0.403442 0.860106 0.01 0.01
0 0.411383 0.828341 0.01 0.01
0 0.434545 0.851871 0.01 0.01
0 0.443148 0.847165 0.01 0.01
0 0.486824 0.873047 0.01 0.01
0 0.502045 0.860106 0.01 0.01
0 0.547045 0.871871 0.01 0.01
0 0.575501 0.854224 0.01 0.01
0 0.574177 0.775400 0.01 0.01
0 0.531824 0.789518 0.01 0.01
0 0.476898 0.794224 0.01 0.01
0 0.447119 0.797753 0.01 0.01
0 0.420648 0.795400 0.01 0.01
0 0.388883 0.761283 0.01 0.01
0 0.456383 0.724812 0.01 0.01
0 0.430574 0.681283 0.01 0.01
0 0.437192 0.636577 0.01 0.01
0 0.455060 0.611871 0.01 0.01
0 0.486824 0.713047 0.01 0.01
0 0.483516 0.655400 0.01 0.01
0 0.519251 0.630694 0.01 0.01
0 0.566236 0.622459 0.01 0.01
0 0.556310 0.663636 0.01 0.01
0 0.564913 0.698930 0.01 0.01
0 0.375648 0.656577 0.01 0.01
0 0.392854 0.608342 0.01 0.01
0 0.342560 0.655400 0.01 0.01
0 0.343221 0.617753 0.01 0.01
0 0.314766 0.649518 0.01 0.01
0 0.311457 0.573047 0.01 0.01
0 0.304839 0.555400 0.01 0.01
0 0.274398 0.637753 0.01 0.01
0 0.253883 0.645989 0.01 0.01
0 0.265795 0.614224 0.01 0.01
0 0.236016 0.577753 0.01 0.01
