0 0.152344 0.037500 0.01 0.01
0 0.294531 0.181944 0.01 0.01
0 0.532812 0.261111 0.01 0.01
0 0.407031 0.354167 0.01 0.01
0 0.634375 0.072222 0.01 0.01
0 0.363281 0.554167 0.01 0.01
0 0.222656 0.702778 0.01 0.01
0 0.429688 0.600000 0.01 0.01
0 0.380469 0.762500 0.01 0.01
0 0.464844 0.793056 0.01 0.01
0 0.521094 0.715278 0.01 0.01
0 0.548437 0.837500 0.01 0.01
0 0.307813 0.922222 0.01 0.01
0 0.561719 0.930556 0.01 0.01
0 0.846875 0.863889 0.01 0.01
0 0.853906 0.805556 0.01 0.01
0 0.777344 0.829167 0.01 0.01
0 0.626562 0.552778 0.01 0.01
0 0.732031 0.427778 0.01 0.01
0 0.747656 0.427778 0.01 0.01
0 0.823438 0.501389 0.01 0.01
0 0.857031 0.573611 0.01 0.01
0 0.800781 0.209722 0.01 0.01
0 0.860156 0.191667 0.01 0.01
0 0.850781 0.125000 0.01 0.01
0 0.785156 0.051389 0.01 0.01
0 0.746094 0.138889 0.01 0.01
0 0.660937 0.100000 0.01 0.01
0 0.796875 0.068056 0.01 0.01
