0 0.872633 0.830694 0.01 0.01
0 0.864692 0.862459 0.01 0.01
0 0.838222 0.867165 0.01 0.01
0 0.817045 0.860106 0.01 0.01
0 0.807119 0.853047 0.01 0.01
0 0.793222 0.858930 0.01 0.01
0 0.796530 0.903636 0.01 0.01
0 0.815060 0.903636 0.01 0.01
0 0.776016 0.870694 0.01 0.01
0 0.757486 0.878930 0.01 0.01
0 0.760795 0.862459 0.01 0.01
0 0.731016 0.820106 0.01 0.01
0 0.762780 0.717753 0.01 0.01
0 0.775354 0.710694 0.01 0.01
0 0.830280 0.804812 0.01 0.01
0 0.832927 0.748342 0.01 0.01
0 0.831604 0.736577 0.01 0.01
0 0.854104 0.730694 0.01 0.01
0 0.819692 0.694224 0.01 0.01
0 0.836236 0.643636 0.01 0.01
0 0.831604 0.605989 0.01 0.01
0 0.819692 0.593047 0.01 0.01
0 0.829619 0.578930 0.01 0.01
0 0.829619 0.564812 0.01 0.01
0 0.606604 0.836577 0.01 0.01
0 0.654913 0.824812 0.01 0.01
0 0.698589 0.894224 0.01 0.01
0 0.587413 0.863636 0.01 0.01
0 0.593369 0.787165 0.01 0.01
0 0.582780 0.782459 0.01 0.01
0 0.578148 0.710694 0.01 0.01
0 0.572192 0.681283 0.01 0.01
0 0.540427 0.780106 0.01 0.01
0 0.554324 0.843636 0.01 0.01
0 0.547707 0.873047 0.01 0.01
0 0.531163 0.863636 0.01 0.01
0 0.513957 0.825989 0.01 0.01
0 0.500722 0.804812 0.01 0.01
0 0.494766 0.863636 0.01 0.01
0 0.481530 0.870694 0.01 0.01
0 0.474913 0.860106 0.01 0.01
0 0.462339 0.869518 0.01 0.01
0 0.423295 0.847165 0.01 0.01
0 0.398810 0.842459 0.01 0.01
0 0.367045 0.863636 0.01 0.01
0 0.362413 0.849518 0.01 0.01
0 0.335942 0.900106 0.01 0.01
0 0.299545 0.884812 0.01 0.01
0 0.290280 0.863636 0.01 0.01
0 0.283663 0.863636 0.01 0.01
0 0.277045 0.856577 0.01 0.01
0 0.245942 0.873047 0.01 0.01
0 0.241310 0.861283 0.01 0.01
0 0.213516 0.907165 0.01 0.01
0 0.222119 0.841283 0.01 0.01
0 0.219471 0.844812 0.01 0.01
0 0.210869 0.845989 0.01 0.01
0 0.201604 0.863636 0.01 0.01
0 0.178442 0.881283 0.01 0.01
0 0.165869 0.883636 0.01 0.01
0 0.189692 0.844812 0.01 0.01
0 0.197633 0.818930 0.01 0.01
0 0.193663 0.810694 0.01 0.01
0 0.194986 0.788342 0.01 0.01
0 0.187707 0.765989 0.01 0.01
0 0.183074 0.771871 0.01 0.01
0 0.154619 0.813047 0.01 0.01
0 0.146016 0.795400 0.01 0.01
0 0.138736 0.800106 0.01 0.01
0 0.141383 0.749518 0.01 0.01
0 0.139398 0.662459 0.01 0.01
0 0.164545 0.710694 0.01 0.01
0 0.189030 0.710694 0.01 0.01
0 0.193663 0.693047 0.01 0.01
0 0.189030 0.696577 0.01 0.01
0 0.187045 0.657753 0.01 0.01
0 0.194324 0.604812 0.01 0.01
0 0.222119 0.711871 0.01 0.01
0 0.236677 0.727165 0.01 0.01
0 0.245942 0.731871 0.01 0.01
0 0.252560 0.747165 0.01 0.01
0 0.244619 0.782459 0.01 0.01
0 0.261163 0.722459 0.01 0.01
0 0.261163 0.704812 0.01 0.01
0 0.251236 0.624812 0.01 0.01
0 0.252560 0.585989 0.01 0.01
0 0.278369 0.621283 0.01 0.01
0 0.288957 0.647165 0.01 0.01
0 0.329986 0.728342 0.01 0.01
0 0.721751 0.576577 0.01 0.01
0 0.653589 0.600106 0.01 0.01
0 0.617854 0.564812 0.01 0.01
0 0.658883 0.508341 0.01 0.01
0 0.608589 0.467165 0.01 0.01
0 0.641016 0.414224 0.01 0.01
0 0.652266 0.415400 0.01 0.01
0 0.665501 0.395400 0.01 0.01
0 0.670795 0.440106 0.01 0.01
0 0.713148 0.480106 0.01 0.01
0 0.789251 0.509518 0.01 0.01
0 0.854766 0.474224 0.01 0.01
0 0.863369 0.442459 0.01 0.01
0 0.837560 0.431871 0.01 0.01
0 0.828295 0.350694 0.01 0.01
0 0.828295 0.304812 0.01 0.01
0 0.830280 0.274224 0.01 0.01
0 0.856089 0.244812 0.01 0.01
0 0.807119 0.208342 0.01 0.01
0 0.836236 0.176577 0.01 0.01
0 0.842192 0.154224 0.01 0.01
0 0.832927 0.141283 0.01 0.01
0 0.828957 0.130694 0.01 0.01
0 0.837560 0.093047 0.01 0.01
0 0.842192 0.084812 0.01 0.01
0 0.821016 0.115400 0.01 0.01
0 0.817045 0.102459 0.01 0.01
0 0.807780 0.096577 0.01 0.01
0 0.798516 0.101283 0.01 0.01
0 0.791236 0.082459 0.01 0.01
0 0.776677 0.089518 0.01 0.01
0 0.773369 0.076577 0.01 0.01
0 0.748883 0.076577 0.01 0.01
0 0.748883 0.136577 0.01 0.01
0 0.723074 0.145989 0.01 0.01
0 0.674766 0.153047 0.01 0.01
0 0.669472 0.135400 0.01 0.01
0 0.619177 0.178930 0.01 0.01
0 0.619839 0.164812 0.01 0.01
0 0.646310 0.074224 0.01 0.01
0 0.648957 0.061283 0.01 0.01
0 0.665501 0.057753 0.01 0.01
0 0.666163 0.065989 0.01 0.01
0 0.684030 0.081283 0.01 0.01
0 0.695280 0.077753 0.01 0.01
0 0.699251 0.084812 0.01 0.01
0 0.715133 0.082459 0.01 0.01
0 0.727707 0.067165 0.01 0.01
0 0.731677 0.074224 0.01 0.01
0 0.601310 0.081283 0.01 0.01
0 0.588074 0.070694 0.01 0.01
0 0.577486 0.094224 0.01 0.01
0 0.570869 0.082459 0.01 0.01
0 0.564251 0.067165 0.01 0.01
0 0.570869 0.163636 0.01 0.01
0 0.591383 0.241283 0.01 0.01
0 0.660869 0.267165 0.01 0.01
0 0.582119 0.361283 0.01 0.01
0 0.561604 0.287165 0.01 0.01
0 0.511310 0.278930 0.01 0.01
0 0.499398 0.196577 0.01 0.01
0 0.523221 0.110694 0.01 0.01
0 0.525869 0.069518 0.01 0.01
0 0.483516 0.082459 0.01 0.01
0 0.490795 0.063636 0.01 0.01
0 0.476236 0.061283 0.01 0.01
0 0.478222 0.140106 0.01 0.01
0 0.459692 0.133047 0.01 0.01
0 0.437854 0.081283 0.01 0.01
0 0.422633 0.076577 0.01 0.01
0 0.398148 0.075400 0.01 0.01
0 0.405427 0.149518 0.01 0.01
0 0.375648 0.115400 0.01 0.01
0 0.363736 0.113047 0.01 0.01
0 0.339251 0.096577 0.01 0.01
0 0.335942 0.070694 0.01 0.01
0 0.349177 0.074224 0.01 0.01
0 0.401457 0.217753 0.01 0.01
0 0.429251 0.305989 0.01 0.01
0 0.384251 0.288341 0.01 0.01
0 0.476898 0.323636 0.01 0.01
0 0.509986 0.365989 0.01 0.01
0 0.516604 0.363636 0.01 0.01
0 0.490133 0.384812 0.01 0.01
0 0.475574 0.415400 0.01 0.01
0 0.458369 0.393047 0.01 0.01
0 0.451751 0.363636 0.01 0.01
0 0.427266 0.411871 0.01 0.01
0 0.508663 0.444812 0.01 0.01
0 0.489472 0.483636 0.01 0.01
0 0.545722 0.525989 0.01 0.01
0 0.552339 0.623636 0.01 0.01
0 0.509324 0.687165 0.01 0.01
0 0.483516 0.711871 0.01 0.01
0 0.485501 0.647165 0.01 0.01
0 0.465648 0.611871 0.01 0.01
0 0.480869 0.560106 0.01 0.01
0 0.494766 0.570694 0.01 0.01
0 0.434545 0.614224 0.01 0.01
0 0.400133 0.664812 0.01 0.01
0 0.351824 0.637753 0.01 0.01
0 0.376972 0.591871 0.01 0.01
0 0.384251 0.497753 0.01 0.01
0 0.410060 0.460106 0.01 0.01
0 0.322707 0.548342 0.01 0.01
0 0.285648 0.529518 0.01 0.01
0 0.314104 0.350694 0.01 0.01
0 0.281016 0.343636 0.01 0.01
0 0.265133 0.338930 0.01 0.01
0 0.292927 0.229518 0.01 0.01
0 0.265133 0.225989 0.01 0.01
0 0.236016 0.396577 0.01 0.01
0 0.191016 0.515400 0.01 0.01
0 0.192339 0.478930 0.01 0.01
0 0.177780 0.448341 0.01 0.01
0 0.193001 0.417753 0.01 0.01
0 0.192339 0.389518 0.01 0.01
0 0.192339 0.360106 0.01 0.01
0 0.176457 0.363636 0.01 0.01
0 0.173810 0.307165 0.01 0.01
0 0.193663 0.313047 0.01 0.01
0 0.185722 0.304812 0.01 0.01
0 0.196310 0.293047 0.01 0.01
0 0.194986 0.263636 0.01 0.01
0 0.191677 0.240106 0.01 0.01
0 0.195648 0.231871 0.01 0.01
0 0.194986 0.203636 0.01 0.01
0 0.165207 0.193047 0.01 0.01
0 0.169177 0.193047 0.01 0.01
0 0.191677 0.171871 0.01 0.01
0 0.197633 0.153047 0.01 0.01
0 0.198957 0.149518 0.01 0.01
0 0.198295 0.138930 0.01 0.01
0 0.192339 0.134224 0.01 0.01
0 0.183736 0.147165 0.01 0.01
0 0.220795 0.163636 0.01 0.01
0 0.212192 0.153047 0.01 0.01
0 0.212192 0.143636 0.01 0.01
0 0.217486 0.136577 0.01 0.01
0 0.191016 0.091871 0.01 0.01
0 0.200942 0.056577 0.01 0.01
0 0.210869 0.028342 0.01 0.01
0 0.219471 0.110694 0.01 0.01
0 0.220133 0.096577 0.01 0.01
0 0.215501 0.096577 0.01 0.01
0 0.210207 0.093047 0.01 0.01
0 0.219471 0.089518 0.01 0.01
0 0.224104 0.087165 0.01 0.01
0 0.230722 0.083636 0.01 0.01
0 0.243295 0.087165 0.01 0.01
0 0.245942 0.076577 0.01 0.01
0 0.262486 0.081283 0.01 0.01
0 0.234692 0.063636 0.01 0.01
0 0.275060 0.073047 0.01 0.01
0 0.272413 0.058930 0.01 0.01
0 0.705869 0.708342 0.01 0.01
0 0.201604 0.830694 0.01 0.01
0 0.425942 0.783636 0.01 0.01
