0 0.946089 0.190694 0.01 0.01
0 0.930869 0.157753 0.01 0.01
0 0.914986 0.180106 0.01 0.01
0 0.911016 0.161283 0.01 0.01
0 0.913001 0.136577 0.01 0.01
0 0.897119 0.121283 0.01 0.01
0 0.888516 0.107165 0.01 0.01
0 0.879913 0.057753 0.01 0.01
0 0.859398 0.102459 0.01 0.01
0 0.868663 0.135400 0.01 0.01
0 0.836236 0.094224 0.01 0.01
0 0.824986 0.113047 0.01 0.01
0 0.821016 0.102459 0.01 0.01
0 0.807780 0.102459 0.01 0.01
0 0.794545 0.116577 0.01 0.01
0 0.778663 0.141283 0.01 0.01
0 0.772045 0.093047 0.01 0.01
0 0.758810 0.063636 0.01 0.01
0 0.738957 0.085989 0.01 0.01
0 0.729030 0.117753 0.01 0.01
0 0.709839 0.091871 0.01 0.01
0 0.697266 0.104812 0.01 0.01
0 0.697266 0.203636 0.01 0.01
0 0.613883 0.136577 0.01 0.01
0 0.622486 0.116577 0.01 0.01
0 0.617192 0.104812 0.01 0.01
0 0.582780 0.103636 0.01 0.01
0 0.572192 0.105989 0.01 0.01
0 0.528516 0.136577 0.01 0.01
0 0.511972 0.100106 0.01 0.01
0 0.485501 0.087165 0.01 0.01
0 0.437854 0.097753 0.01 0.01
0 0.379619 0.116577 0.01 0.01
0 0.353148 0.096577 0.01 0.01
0 0.323369 0.103636 0.01 0.01
0 0.293589 0.087165 0.01 0.01
0 0.267119 0.116577 0.01 0.01
0 0.257854 0.120106 0.01 0.01
0 0.260501 0.138930 0.01 0.01
0 0.221457 0.117753 0.01 0.01
0 0.217486 0.163636 0.01 0.01
0 0.251236 0.168342 0.01 0.01
0 0.245942 0.203636 0.01 0.01
0 0.244619 0.196577 0.01 0.01
0 0.238663 0.204812 0.01 0.01
0 0.241310 0.227165 0.01 0.01
0 0.259839 0.260106 0.01 0.01
0 0.291604 0.190694 0.01 0.01
0 0.279692 0.227165 0.01 0.01
0 0.311457 0.201283 0.01 0.01
0 0.339913 0.267165 0.01 0.01
0 0.376972 0.204812 0.01 0.01
0 0.442486 0.198930 0.01 0.01
0 0.441163 0.289518 0.01 0.01
0 0.470942 0.329518 0.01 0.01
0 0.507339 0.360106 0.01 0.01
0 0.535133 0.276577 0.01 0.01
0 0.536457 0.196577 0.01 0.01
0 0.764104 0.277753 0.01 0.01
0 0.789251 0.325989 0.01 0.01
0 0.810427 0.253047 0.01 0.01
0 0.859398 0.307165 0.01 0.01
0 0.912339 0.325989 0.01 0.01
0 0.925574 0.580106 0.01 0.01
0 0.916310 0.571871 0.01 0.01
0 0.913001 0.573047 0.01 0.01
0 0.913663 0.628341 0.01 0.01
0 0.910354 0.780106 0.01 0.01
0 0.899104 0.809518 0.01 0.01
0 0.913001 0.802459 0.01 0.01
0 0.915648 0.821283 0.01 0.01
0 0.916310 0.837753 0.01 0.01
0 0.922927 0.884812 0.01 0.01
0 0.952045 0.882459 0.01 0.01
0 0.858074 0.937753 0.01 0.01
0 0.839545 0.929518 0.01 0.01
0 0.861383 0.896577 0.01 0.01
0 0.825648 0.851871 0.01 0.01
0 0.785280 0.929518 0.01 0.01
0 0.774030 0.944812 0.01 0.01
0 0.742266 0.924812 0.01 0.01
0 0.742266 0.924812 0.01 0.01
0 0.722413 0.905989 0.01 0.01
0 0.711824 0.841283 0.01 0.01
0 0.697927 0.857753 0.01 0.01
0 0.678736 0.850694 0.01 0.01
0 0.754177 0.750694 0.01 0.01
0 0.785280 0.769518 0.01 0.01
0 0.821677 0.693047 0.01 0.01
0 0.813736 0.594224 0.01 0.01
0 0.831604 0.514224 0.01 0.01
0 0.850795 0.688341 0.01 0.01
0 0.760133 0.591871 0.01 0.01
0 0.731016 0.577753 0.01 0.01
0 0.727707 0.527165 0.01 0.01
0 0.697266 0.538930 0.01 0.01
0 0.694619 0.485989 0.01 0.01
0 0.692633 0.475400 0.01 0.01
0 0.702560 0.453047 0.01 0.01
0 0.725060 0.425989 0.01 0.01
0 0.595354 0.422459 0.01 0.01
0 0.593369 0.371871 0.01 0.01
0 0.558295 0.518930 0.01 0.01
0 0.551016 0.575400 0.01 0.01
0 0.508001 0.530694 0.01 0.01
0 0.480869 0.427165 0.01 0.01
0 0.242633 0.328342 0.01 0.01
0 0.242633 0.380106 0.01 0.01
0 0.242633 0.401283 0.01 0.01
0 0.241972 0.416577 0.01 0.01
0 0.243957 0.443636 0.01 0.01
0 0.332633 0.491871 0.01 0.01
0 0.326677 0.354224 0.01 0.01
0 0.310795 0.555400 0.01 0.01
0 0.292266 0.571871 0.01 0.01
0 0.273074 0.643636 0.01 0.01
0 0.241972 0.645989 0.01 0.01
0 0.228736 0.615400 0.01 0.01
0 0.243295 0.580106 0.01 0.01
0 0.306163 0.694224 0.01 0.01
0 0.268442 0.740106 0.01 0.01
0 0.243295 0.737753 0.01 0.01
0 0.230060 0.754224 0.01 0.01
0 0.239986 0.771871 0.01 0.01
0 0.196310 0.769518 0.01 0.01
0 0.191016 0.871871 0.01 0.01
0 0.189692 0.883636 0.01 0.01
0 0.221457 0.948342 0.01 0.01
0 0.281016 0.975400 0.01 0.01
0 0.235354 0.793047 0.01 0.01
0 0.239324 0.814224 0.01 0.01
0 0.234692 0.827165 0.01 0.01
0 0.245280 0.842459 0.01 0.01
0 0.259177 0.844812 0.01 0.01
0 0.271089 0.824812 0.01 0.01
0 0.273736 0.849518 0.01 0.01
0 0.273736 0.867165 0.01 0.01
0 0.273736 0.878930 0.01 0.01
0 0.271089 0.887165 0.01 0.01
0 0.252560 0.868342 0.01 0.01
0 0.290280 0.873047 0.01 0.01
0 0.301530 0.918930 0.01 0.01
0 0.327339 0.914224 0.01 0.01
0 0.334619 0.908341 0.01 0.01
0 0.352486 0.870694 0.01 0.01
0 0.336604 0.822459 0.01 0.01
0 0.370354 0.773047 0.01 0.01
0 0.378957 0.721283 0.01 0.01
0 0.366383 0.711871 0.01 0.01
0 0.412707 0.771871 0.01 0.01
0 0.425280 0.794224 0.01 0.01
0 0.395501 0.830694 0.01 0.01
0 0.394839 0.917753 0.01 0.01
0 0.402119 0.907165 0.01 0.01
0 0.423957 0.883636 0.01 0.01
0 0.474913 0.690694 0.01 0.01
0 0.468957 0.622459 0.01 0.01
0 0.568883 0.736577 0.01 0.01
0 0.572192 0.775400 0.01 0.01
0 0.593369 0.802459 0.01 0.01
0 0.550354 0.907165 0.01 0.01
0 0.560280 0.849518 0.01 0.01
0 0.538442 0.893047 0.01 0.01
0 0.533148 0.916577 0.01 0.01
0 0.494104 0.930694 0.01 0.01
0 0.607266 0.951871 0.01 0.01
0 0.644324 0.941283 0.01 0.01
0 0.650280 0.878930 0.01 0.01
0 0.652266 0.689518 0.01 0.01
0 0.692633 0.731871 0.01 0.01
0 0.685354 0.634224 0.01 0.01
