0 0.850133 0.921283 0.01 0.01
0 0.850795 0.913047 0.01 0.01
0 0.821016 0.869518 0.01 0.01
0 0.825648 0.849518 0.01 0.01
0 0.837560 0.849518 0.01 0.01
0 0.842192 0.855400 0.01 0.01
0 0.850795 0.844812 0.01 0.01
0 0.845501 0.818930 0.01 0.01
0 0.865354 0.810694 0.01 0.01
0 0.846824 0.754224 0.01 0.01
0 0.845501 0.696577 0.01 0.01
0 0.853442 0.690694 0.01 0.01
0 0.882560 0.648341 0.01 0.01
0 0.840207 0.604812 0.01 0.01
0 0.830942 0.574224 0.01 0.01
0 0.837560 0.551871 0.01 0.01
0 0.799839 0.514224 0.01 0.01
0 0.782633 0.633047 0.01 0.01
0 0.764766 0.656577 0.01 0.01
0 0.791898 0.875400 0.01 0.01
0 0.785280 0.890694 0.01 0.01
0 0.771383 0.891871 0.01 0.01
0 0.793222 0.782459 0.01 0.01
0 0.743589 0.882459 0.01 0.01
0 0.746898 0.821283 0.01 0.01
0 0.706530 0.888342 0.01 0.01
0 0.692633 0.857753 0.01 0.01
0 0.679398 0.887165 0.01 0.01
0 0.674104 0.878930 0.01 0.01
0 0.648295 0.887165 0.01 0.01
0 0.610574 0.931871 0.01 0.01
0 0.603957 0.896577 0.01 0.01
0 0.609913 0.887165 0.01 0.01
0 0.609913 0.851871 0.01 0.01
0 0.718442 0.722459 0.01 0.01
0 0.746898 0.747165 0.01 0.01
0 0.719766 0.664812 0.01 0.01
0 0.685354 0.580106 0.01 0.01
0 0.738957 0.556577 0.01 0.01
0 0.670795 0.515400 0.01 0.01
0 0.675427 0.445989 0.01 0.01
0 0.684692 0.434224 0.01 0.01
0 0.684030 0.416577 0.01 0.01
0 0.647633 0.436577 0.01 0.01
0 0.643663 0.417753 0.01 0.01
0 0.696604 0.363636 0.01 0.01
0 0.877266 0.398930 0.01 0.01
0 0.879251 0.363636 0.01 0.01
0 0.828957 0.371871 0.01 0.01
0 0.842192 0.322459 0.01 0.01
0 0.842192 0.290694 0.01 0.01
0 0.846824 0.247165 0.01 0.01
0 0.852119 0.237753 0.01 0.01
0 0.841530 0.222459 0.01 0.01
0 0.858074 0.154224 0.01 0.01
0 0.856089 0.105989 0.01 0.01
0 0.835574 0.135400 0.01 0.01
0 0.827633 0.125989 0.01 0.01
0 0.820354 0.128342 0.01 0.01
0 0.821677 0.117753 0.01 0.01
0 0.827633 0.114224 0.01 0.01
0 0.793883 0.094224 0.01 0.01
0 0.789251 0.096577 0.01 0.01
0 0.787266 0.116577 0.01 0.01
0 0.798516 0.213047 0.01 0.01
0 0.767413 0.170694 0.01 0.01
0 0.742927 0.234224 0.01 0.01
0 0.697927 0.194224 0.01 0.01
0 0.707192 0.155400 0.01 0.01
0 0.702560 0.147165 0.01 0.01
0 0.733663 0.130694 0.01 0.01
0 0.764766 0.089518 0.01 0.01
0 0.736971 0.091871 0.01 0.01
0 0.739619 0.073047 0.01 0.01
0 0.718442 0.083636 0.01 0.01
0 0.714472 0.090694 0.01 0.01
0 0.702560 0.069518 0.01 0.01
0 0.695942 0.083636 0.01 0.01
0 0.678074 0.089518 0.01 0.01
0 0.657560 0.134224 0.01 0.01
0 0.628442 0.104812 0.01 0.01
0 0.617854 0.091871 0.01 0.01
0 0.635722 0.204812 0.01 0.01
0 0.626457 0.277753 0.01 0.01
0 0.590060 0.260106 0.01 0.01
0 0.569545 0.173047 0.01 0.01
0 0.553001 0.188341 0.01 0.01
0 0.515280 0.201283 0.01 0.01
0 0.475574 0.178930 0.01 0.01
0 0.468957 0.115400 0.01 0.01
0 0.504692 0.136577 0.01 0.01
0 0.490133 0.100106 0.01 0.01
0 0.494766 0.091871 0.01 0.01
0 0.504692 0.094224 0.01 0.01
0 0.515942 0.065989 0.01 0.01
0 0.533810 0.097753 0.01 0.01
0 0.555648 0.091871 0.01 0.01
0 0.565574 0.102459 0.01 0.01
0 0.566898 0.091871 0.01 0.01
0 0.554324 0.318930 0.01 0.01
0 0.535133 0.376577 0.01 0.01
0 0.545060 0.380106 0.01 0.01
0 0.562266 0.404812 0.01 0.01
0 0.566898 0.428342 0.01 0.01
0 0.553663 0.509518 0.01 0.01
0 0.610574 0.533047 0.01 0.01
0 0.621163 0.558930 0.01 0.01
0 0.649619 0.623636 0.01 0.01
0 0.589398 0.640106 0.01 0.01
0 0.580795 0.689518 0.01 0.01
0 0.590721 0.720106 0.01 0.01
0 0.557633 0.795400 0.01 0.01
0 0.507339 0.831871 0.01 0.01
0 0.493442 0.818930 0.01 0.01
0 0.481530 0.842459 0.01 0.01
0 0.447780 0.887165 0.01 0.01
0 0.431898 0.897753 0.01 0.01
0 0.421310 0.820106 0.01 0.01
0 0.516604 0.809518 0.01 0.01
0 0.556971 0.842459 0.01 0.01
0 0.525207 0.735400 0.01 0.01
0 0.525207 0.685989 0.01 0.01
0 0.528516 0.634224 0.01 0.01
0 0.503369 0.589518 0.01 0.01
0 0.504692 0.545989 0.01 0.01
0 0.516604 0.551871 0.01 0.01
0 0.529177 0.522459 0.01 0.01
0 0.529839 0.462459 0.01 0.01
0 0.486824 0.425989 0.01 0.01
0 0.503369 0.375400 0.01 0.01
0 0.509324 0.314224 0.01 0.01
0 0.482192 0.341283 0.01 0.01
0 0.455722 0.334224 0.01 0.01
0 0.437192 0.345989 0.01 0.01
0 0.454398 0.427165 0.01 0.01
0 0.449104 0.480106 0.01 0.01
0 0.388883 0.462459 0.01 0.01
0 0.398148 0.594224 0.01 0.01
0 0.408074 0.610694 0.01 0.01
0 0.460354 0.640106 0.01 0.01
0 0.482854 0.633047 0.01 0.01
0 0.480207 0.705989 0.01 0.01
0 0.446457 0.736577 0.01 0.01
0 0.386236 0.790694 0.01 0.01
0 0.389545 0.740106 0.01 0.01
0 0.320722 0.734224 0.01 0.01
0 0.310795 0.667165 0.01 0.01
0 0.341236 0.654224 0.01 0.01
0 0.329986 0.605989 0.01 0.01
0 0.337266 0.588342 0.01 0.01
0 0.339251 0.508341 0.01 0.01
0 0.331971 0.508341 0.01 0.01
0 0.314104 0.481283 0.01 0.01
0 0.321383 0.896577 0.01 0.01
0 0.303516 0.878930 0.01 0.01
0 0.303516 0.896577 0.01 0.01
0 0.294913 0.857753 0.01 0.01
0 0.291604 0.888342 0.01 0.01
0 0.280354 0.884812 0.01 0.01
0 0.266457 0.881283 0.01 0.01
0 0.269104 0.903636 0.01 0.01
0 0.289619 0.940106 0.01 0.01
0 0.224766 0.867165 0.01 0.01
0 0.218810 0.853047 0.01 0.01
0 0.209545 0.843636 0.01 0.01
0 0.208883 0.856577 0.01 0.01
0 0.202927 0.829518 0.01 0.01
0 0.208222 0.809518 0.01 0.01
0 0.229398 0.834224 0.01 0.01
0 0.238001 0.813047 0.01 0.01
0 0.259177 0.829518 0.01 0.01
0 0.181751 0.890694 0.01 0.01
0 0.203589 0.768341 0.01 0.01
0 0.222119 0.744812 0.01 0.01
0 0.237339 0.758930 0.01 0.01
0 0.259839 0.744812 0.01 0.01
0 0.263148 0.728342 0.01 0.01
0 0.241310 0.677753 0.01 0.01
0 0.197633 0.716577 0.01 0.01
0 0.199619 0.689518 0.01 0.01
0 0.200280 0.677753 0.01 0.01
0 0.202927 0.661283 0.01 0.01
0 0.281677 0.673047 0.01 0.01
0 0.262486 0.608342 0.01 0.01
0 0.213516 0.605989 0.01 0.01
0 0.198295 0.616577 0.01 0.01
0 0.171163 0.584812 0.01 0.01
0 0.159251 0.576577 0.01 0.01
0 0.201604 0.570694 0.01 0.01
0 0.207560 0.551871 0.01 0.01
0 0.200280 0.543636 0.01 0.01
0 0.197633 0.513047 0.01 0.01
0 0.202266 0.511871 0.01 0.01
0 0.225427 0.525989 0.01 0.01
0 0.220795 0.497753 0.01 0.01
0 0.249251 0.473047 0.01 0.01
0 0.238663 0.414224 0.01 0.01
0 0.202266 0.460106 0.01 0.01
0 0.204251 0.444812 0.01 0.01
0 0.204251 0.413047 0.01 0.01
0 0.224766 0.370694 0.01 0.01
0 0.259839 0.389518 0.01 0.01
0 0.200942 0.349518 0.01 0.01
0 0.191016 0.342459 0.01 0.01
0 0.167854 0.277753 0.01 0.01
0 0.194986 0.298930 0.01 0.01
0 0.203589 0.307165 0.01 0.01
0 0.212854 0.295400 0.01 0.01
0 0.198957 0.288341 0.01 0.01
0 0.224104 0.302459 0.01 0.01
0 0.236677 0.271871 0.01 0.01
0 0.309472 0.293047 0.01 0.01
0 0.390207 0.209518 0.01 0.01
0 0.424619 0.091871 0.01 0.01
0 0.414692 0.089518 0.01 0.01
0 0.378957 0.101283 0.01 0.01
0 0.359104 0.136577 0.01 0.01
0 0.347854 0.143636 0.01 0.01
0 0.343883 0.160106 0.01 0.01
0 0.349839 0.108342 0.01 0.01
0 0.345207 0.116577 0.01 0.01
0 0.340574 0.089518 0.01 0.01
0 0.332633 0.097753 0.01 0.01
0 0.317413 0.089518 0.01 0.01
0 0.304839 0.097753 0.01 0.01
0 0.302192 0.113047 0.01 0.01
0 0.295574 0.096577 0.01 0.01
0 0.278369 0.090694 0.01 0.01
0 0.269104 0.098930 0.01 0.01
0 0.273736 0.057753 0.01 0.01
0 0.254545 0.097753 0.01 0.01
0 0.245942 0.104812 0.01 0.01
0 0.264472 0.154224 0.01 0.01
0 0.261824 0.170694 0.01 0.01
0 0.228074 0.169518 0.01 0.01
0 0.222780 0.145989 0.01 0.01
0 0.227413 0.115400 0.01 0.01
0 0.224766 0.056577 0.01 0.01
0 0.212854 0.074224 0.01 0.01
0 0.193001 0.067165 0.01 0.01
0 0.191677 0.097753 0.01 0.01
0 0.202927 0.133047 0.01 0.01
0 0.204913 0.144812 0.01 0.01
0 0.202927 0.151871 0.01 0.01
0 0.200280 0.168342 0.01 0.01
