0 0.251563 0.012500 0.01 0.01
0 0.221875 0.152778 0.01 0.01
0 0.223438 0.126389 0.01 0.01
0 0.228125 0.113889 0.01 0.01
0 0.272656 0.058333 0.01 0.01
0 0.280469 0.063889 0.01 0.01
0 0.366406 0.108333 0.01 0.01
0 0.378906 0.173611 0.01 0.01
0 0.379687 0.088889 0.01 0.01
0 0.409375 0.069444 0.01 0.01
0 0.485156 0.256944 0.01 0.01
0 0.500000 0.229167 0.01 0.01
0 0.523438 0.254167 0.01 0.01
0 0.506250 0.198611 0.01 0.01
0 0.498437 0.154167 0.01 0.01
0 0.526563 0.088889 0.01 0.01
0 0.535156 0.073611 0.01 0.01
0 0.586719 0.077778 0.01 0.01
0 0.596875 0.190278 0.01 0.01
0 0.603906 0.227778 0.01 0.01
0 0.593750 0.250000 0.01 0.01
0 0.667969 0.241667 0.01 0.01
0 0.646875 0.086111 0.01 0.01
0 0.304688 0.130556 0.01 0.01
0 0.745313 0.076389 0.01 0.01
0 0.796094 0.073611 0.01 0.01
0 0.815625 0.072222 0.01 0.01
0 0.818750 0.081944 0.01 0.01
0 0.855469 0.080556 0.01 0.01
0 0.855469 0.097222 0.01 0.01
0 0.862500 0.127778 0.01 0.01
0 0.838281 0.166667 0.01 0.01
0 0.872656 0.154167 0.01 0.01
0 0.875000 0.173611 0.01 0.01
0 0.883594 0.206944 0.01 0.01
0 0.870313 0.272222 0.01 0.01
0 0.846094 0.331944 0.01 0.01
0 0.819531 0.286111 0.01 0.01
0 0.867969 0.393056 0.01 0.01
0 0.652344 0.404167 0.01 0.01
0 0.619531 0.337500 0.01 0.01
0 0.614844 0.345833 0.01 0.01
0 0.589063 0.406944 0.01 0.01
0 0.380469 0.448611 0.01 0.01
0 0.302344 0.377778 0.01 0.01
0 0.214062 0.568056 0.01 0.01
0 0.207813 0.648611 0.01 0.01
0 0.207813 0.705556 0.01 0.01
0 0.208594 0.744444 0.01 0.01
0 0.213281 0.787500 0.01 0.01
0 0.182812 0.811111 0.01 0.01
0 0.253125 0.848611 0.01 0.01
0 0.263281 0.855556 0.01 0.01
0 0.273438 0.858333 0.01 0.01
0 0.297656 0.851389 0.01 0.01
0 0.273438 0.826389 0.01 0.01
0 0.296094 0.727778 0.01 0.01
0 0.265625 0.683333 0.01 0.01
0 0.254687 0.626389 0.01 0.01
0 0.303125 0.600000 0.01 0.01
0 0.336719 0.675000 0.01 0.01
0 0.341406 0.712500 0.01 0.01
0 0.348437 0.754167 0.01 0.01
0 0.330469 0.756944 0.01 0.01
0 0.335938 0.800000 0.01 0.01
0 0.362500 0.793056 0.01 0.01
0 0.361719 0.859722 0.01 0.01
0 0.383594 0.847222 0.01 0.01
0 0.428125 0.876389 0.01 0.01
0 0.405469 0.662500 0.01 0.01
0 0.453125 0.612500 0.01 0.01
0 0.481250 0.612500 0.01 0.01
0 0.478906 0.575000 0.01 0.01
0 0.471094 0.559722 0.01 0.01
0 0.558594 0.466667 0.01 0.01
0 0.565625 0.547222 0.01 0.01
0 0.597656 0.590278 0.01 0.01
0 0.625000 0.605556 0.01 0.01
0 0.609375 0.640278 0.01 0.01
0 0.583594 0.638889 0.01 0.01
0 0.534375 0.634722 0.01 0.01
0 0.623438 0.669444 0.01 0.01
0 0.621094 0.690278 0.01 0.01
0 0.657812 0.697222 0.01 0.01
0 0.672656 0.702778 0.01 0.01
0 0.632031 0.759722 0.01 0.01
0 0.560156 0.831944 0.01 0.01
0 0.532031 0.819444 0.01 0.01
0 0.510938 0.791667 0.01 0.01
0 0.524219 0.837500 0.01 0.01
0 0.524219 0.862500 0.01 0.01
0 0.500000 0.869444 0.01 0.01
0 0.486719 0.843056 0.01 0.01
0 0.643750 0.876389 0.01 0.01
0 0.674219 0.848611 0.01 0.01
0 0.700781 0.851389 0.01 0.01
0 0.715625 0.861111 0.01 0.01
0 0.721875 0.897222 0.01 0.01
0 0.744531 0.883333 0.01 0.01
0 0.755469 0.888889 0.01 0.01
0 0.803125 0.901389 0.01 0.01
0 0.861719 0.938889 0.01 0.01
0 0.848437 0.851389 0.01 0.01
0 0.861719 0.805556 0.01 0.01
0 0.885156 0.791667 0.01 0.01
0 0.867188 0.772222 0.01 0.01
0 0.778125 0.804167 0.01 0.01
0 0.778125 0.756944 0.01 0.01
0 0.734375 0.748611 0.01 0.01
0 0.746875 0.644444 0.01 0.01
0 0.760156 0.601389 0.01 0.01
0 0.778906 0.481944 0.01 0.01
0 0.825000 0.530556 0.01 0.01
0 0.867188 0.580556 0.01 0.01
0 0.854688 0.690278 0.01 0.01
0 0.871094 0.520833 0.01 0.01
