0 0.837560 0.844812 0.01 0.01
0 0.834913 0.796577 0.01 0.01
0 0.823001 0.737753 0.01 0.01
0 0.811089 0.776577 0.01 0.01
0 0.811089 0.820106 0.01 0.01
0 0.815060 0.808341 0.01 0.01
0 0.809766 0.809518 0.01 0.01
0 0.819030 0.797753 0.01 0.01
0 0.787266 0.803636 0.01 0.01
0 0.765427 0.855400 0.01 0.01
0 0.748883 0.862459 0.01 0.01
0 0.716457 0.867165 0.01 0.01
0 0.692633 0.865989 0.01 0.01
0 0.626457 0.896577 0.01 0.01
0 0.607927 0.898930 0.01 0.01
0 0.614545 0.861283 0.01 0.01
0 0.641016 0.855400 0.01 0.01
0 0.652266 0.860106 0.01 0.01
0 0.713148 0.795400 0.01 0.01
0 0.682045 0.708342 0.01 0.01
0 0.689986 0.700106 0.01 0.01
0 0.695942 0.642459 0.01 0.01
0 0.738957 0.671871 0.01 0.01
0 0.748222 0.728342 0.01 0.01
0 0.779986 0.657753 0.01 0.01
0 0.846163 0.611871 0.01 0.01
0 0.848810 0.544812 0.01 0.01
0 0.840207 0.542459 0.01 0.01
0 0.813736 0.581283 0.01 0.01
0 0.800501 0.551871 0.01 0.01
0 0.768736 0.561283 0.01 0.01
0 0.803148 0.533047 0.01 0.01
0 0.808442 0.530694 0.01 0.01
0 0.820354 0.469518 0.01 0.01
0 0.813074 0.415400 0.01 0.01
0 0.811089 0.309518 0.01 0.01
0 0.810427 0.282459 0.01 0.01
0 0.817045 0.269518 0.01 0.01
0 0.750869 0.237753 0.01 0.01
0 0.709839 0.238930 0.01 0.01
0 0.736310 0.355400 0.01 0.01
0 0.807780 0.208342 0.01 0.01
0 0.810427 0.188341 0.01 0.01
0 0.816383 0.176577 0.01 0.01
0 0.809766 0.168342 0.01 0.01
0 0.811751 0.149518 0.01 0.01
0 0.813074 0.125989 0.01 0.01
0 0.803148 0.117753 0.01 0.01
0 0.796530 0.109518 0.01 0.01
0 0.798516 0.105989 0.01 0.01
0 0.802486 0.097753 0.01 0.01
0 0.795207 0.082459 0.01 0.01
0 0.770722 0.103636 0.01 0.01
0 0.764766 0.081283 0.01 0.01
0 0.759472 0.078930 0.01 0.01
0 0.750207 0.081283 0.01 0.01
0 0.742927 0.084812 0.01 0.01
0 0.730354 0.077753 0.01 0.01
0 0.725721 0.085989 0.01 0.01
0 0.705207 0.091871 0.01 0.01
0 0.710501 0.074224 0.01 0.01
0 0.698589 0.070694 0.01 0.01
0 0.691310 0.077753 0.01 0.01
0 0.662854 0.062459 0.01 0.01
0 0.660207 0.081283 0.01 0.01
0 0.680722 0.160106 0.01 0.01
0 0.624472 0.090694 0.01 0.01
0 0.627780 0.074224 0.01 0.01
0 0.607927 0.108342 0.01 0.01
0 0.602633 0.077753 0.01 0.01
0 0.590060 0.085989 0.01 0.01
0 0.582780 0.085989 0.01 0.01
0 0.572854 0.103636 0.01 0.01
0 0.570869 0.077753 0.01 0.01
0 0.557633 0.074224 0.01 0.01
0 0.613883 0.185989 0.01 0.01
0 0.584104 0.249518 0.01 0.01
0 0.672119 0.373047 0.01 0.01
0 0.648957 0.389518 0.01 0.01
0 0.622486 0.408342 0.01 0.01
0 0.644324 0.497753 0.01 0.01
0 0.668810 0.489518 0.01 0.01
0 0.727045 0.510694 0.01 0.01
0 0.617854 0.514224 0.01 0.01
0 0.606604 0.496577 0.01 0.01
0 0.504692 0.536577 0.01 0.01
0 0.577486 0.862459 0.01 0.01
0 0.549030 0.876577 0.01 0.01
0 0.502707 0.855400 0.01 0.01
0 0.483516 0.878930 0.01 0.01
0 0.529177 0.793047 0.01 0.01
0 0.574177 0.774224 0.01 0.01
0 0.566898 0.701283 0.01 0.01
0 0.559619 0.665989 0.01 0.01
0 0.568222 0.617753 0.01 0.01
0 0.520574 0.628341 0.01 0.01
0 0.545722 0.493047 0.01 0.01
0 0.548369 0.455400 0.01 0.01
0 0.566236 0.364812 0.01 0.01
0 0.551677 0.329518 0.01 0.01
0 0.569545 0.328342 0.01 0.01
0 0.539766 0.335400 0.01 0.01
0 0.512633 0.331871 0.01 0.01
0 0.518589 0.256577 0.01 0.01
0 0.524545 0.218930 0.01 0.01
0 0.551016 0.203636 0.01 0.01
0 0.513295 0.196577 0.01 0.01
0 0.512633 0.181283 0.01 0.01
0 0.486824 0.188341 0.01 0.01
0 0.438516 0.208342 0.01 0.01
0 0.438516 0.157753 0.01 0.01
0 0.466310 0.151871 0.01 0.01
0 0.469619 0.157753 0.01 0.01
0 0.475574 0.117753 0.01 0.01
0 0.486163 0.074224 0.01 0.01
0 0.506677 0.071871 0.01 0.01
0 0.457707 0.051871 0.01 0.01
0 0.425280 0.074224 0.01 0.01
0 0.419324 0.063636 0.01 0.01
0 0.400795 0.077753 0.01 0.01
0 0.393516 0.075400 0.01 0.01
0 0.375648 0.077753 0.01 0.01
0 0.371677 0.088342 0.01 0.01
0 0.341898 0.101283 0.01 0.01
0 0.317413 0.088342 0.01 0.01
0 0.324030 0.062459 0.01 0.01
0 0.288295 0.128342 0.01 0.01
0 0.261163 0.074224 0.01 0.01
0 0.255207 0.069518 0.01 0.01
0 0.247927 0.071871 0.01 0.01
0 0.239986 0.070694 0.01 0.01
0 0.235354 0.073047 0.01 0.01
0 0.234030 0.068342 0.01 0.01
0 0.233369 0.074224 0.01 0.01
0 0.230722 0.085989 0.01 0.01
0 0.226751 0.062459 0.01 0.01
0 0.210207 0.074224 0.01 0.01
0 0.203589 0.084812 0.01 0.01
0 0.186383 0.071871 0.01 0.01
0 0.181089 0.060106 0.01 0.01
0 0.157266 0.081283 0.01 0.01
0 0.142707 0.081283 0.01 0.01
0 0.148001 0.100106 0.01 0.01
0 0.192339 0.107165 0.01 0.01
0 0.187045 0.104812 0.01 0.01
0 0.185060 0.113047 0.01 0.01
0 0.182413 0.131871 0.01 0.01
0 0.183074 0.154224 0.01 0.01
0 0.180427 0.200106 0.01 0.01
0 0.208222 0.155400 0.01 0.01
0 0.215501 0.151871 0.01 0.01
0 0.216163 0.210694 0.01 0.01
0 0.179766 0.244812 0.01 0.01
0 0.181751 0.277753 0.01 0.01
0 0.178442 0.298930 0.01 0.01
0 0.180427 0.307165 0.01 0.01
0 0.167192 0.329518 0.01 0.01
0 0.198295 0.277753 0.01 0.01
0 0.227413 0.263636 0.01 0.01
0 0.271089 0.249518 0.01 0.01
0 0.359766 0.237753 0.01 0.01
0 0.429251 0.324812 0.01 0.01
0 0.451089 0.318930 0.01 0.01
0 0.238001 0.390694 0.01 0.01
0 0.259839 0.344812 0.01 0.01
0 0.230722 0.418930 0.01 0.01
0 0.184398 0.393047 0.01 0.01
0 0.180427 0.400106 0.01 0.01
0 0.168516 0.435400 0.01 0.01
0 0.136089 0.398930 0.01 0.01
0 0.191016 0.447165 0.01 0.01
0 0.202266 0.494224 0.01 0.01
0 0.215501 0.481283 0.01 0.01
0 0.267119 0.461283 0.01 0.01
0 0.178442 0.533047 0.01 0.01
0 0.149324 0.530694 0.01 0.01
0 0.178442 0.568341 0.01 0.01
0 0.172486 0.584812 0.01 0.01
0 0.128810 0.671871 0.01 0.01
0 0.155942 0.869518 0.01 0.01
0 0.190354 0.913047 0.01 0.01
0 0.218148 0.870694 0.01 0.01
0 0.226089 0.853047 0.01 0.01
0 0.241972 0.847165 0.01 0.01
0 0.263148 0.854224 0.01 0.01
0 0.273074 0.862459 0.01 0.01
0 0.277045 0.858930 0.01 0.01
0 0.272413 0.836577 0.01 0.01
0 0.210207 0.837753 0.01 0.01
0 0.204913 0.847165 0.01 0.01
0 0.191016 0.827165 0.01 0.01
0 0.171163 0.838930 0.01 0.01
0 0.175795 0.778930 0.01 0.01
0 0.169177 0.783636 0.01 0.01
0 0.171163 0.764812 0.01 0.01
0 0.174472 0.735400 0.01 0.01
0 0.175133 0.728342 0.01 0.01
0 0.169839 0.711871 0.01 0.01
0 0.173810 0.698930 0.01 0.01
0 0.178442 0.693047 0.01 0.01
0 0.174472 0.677753 0.01 0.01
0 0.173810 0.658930 0.01 0.01
0 0.206236 0.635400 0.01 0.01
0 0.236016 0.570694 0.01 0.01
0 0.265795 0.609518 0.01 0.01
0 0.252560 0.641283 0.01 0.01
0 0.277045 0.633047 0.01 0.01
0 0.224766 0.722459 0.01 0.01
0 0.232045 0.717753 0.01 0.01
0 0.243957 0.761283 0.01 0.01
0 0.231383 0.777753 0.01 0.01
0 0.210207 0.783636 0.01 0.01
0 0.198957 0.780106 0.01 0.01
0 0.265795 0.773047 0.01 0.01
0 0.315427 0.645989 0.01 0.01
0 0.312780 0.575400 0.01 0.01
0 0.304177 0.554224 0.01 0.01
0 0.365060 0.420106 0.01 0.01
0 0.428589 0.381283 0.01 0.01
0 0.463663 0.403636 0.01 0.01
0 0.484177 0.529518 0.01 0.01
0 0.480207 0.560106 0.01 0.01
0 0.454398 0.531871 0.01 0.01
0 0.419986 0.505989 0.01 0.01
0 0.394839 0.531871 0.01 0.01
0 0.376972 0.563636 0.01 0.01
0 0.343221 0.621283 0.01 0.01
0 0.343221 0.650694 0.01 0.01
0 0.378957 0.654224 0.01 0.01
0 0.392854 0.607165 0.01 0.01
0 0.432560 0.673047 0.01 0.01
0 0.441824 0.638930 0.01 0.01
0 0.456383 0.607165 0.01 0.01
0 0.484177 0.657753 0.01 0.01
0 0.487486 0.705989 0.01 0.01
0 0.451751 0.714224 0.01 0.01
0 0.477560 0.798930 0.01 0.01
0 0.444472 0.797753 0.01 0.01
0 0.445133 0.854224 0.01 0.01
0 0.433883 0.847165 0.01 0.01
0 0.398810 0.858930 0.01 0.01
0 0.409398 0.827165 0.01 0.01
0 0.349839 0.858930 0.01 0.01
0 0.327339 0.850694 0.01 0.01
0 0.419986 0.789518 0.01 0.01
0 0.391530 0.751871 0.01 0.01
