0 0.830942 0.305989 0.01 0.01
0 0.821677 0.275400 0.01 0.01
0 0.834913 0.249518 0.01 0.01
0 0.836898 0.223636 0.01 0.01
0 0.832927 0.209518 0.01 0.01
0 0.813074 0.195400 0.01 0.01
0 0.826310 0.124812 0.01 0.01
0 0.834251 0.107165 0.01 0.01
0 0.844177 0.101283 0.01 0.01
0 0.815060 0.115400 0.01 0.01
0 0.811089 0.107165 0.01 0.01
0 0.807780 0.091871 0.01 0.01
0 0.792560 0.089518 0.01 0.01
0 0.785280 0.089518 0.01 0.01
0 0.778001 0.091871 0.01 0.01
0 0.783957 0.074224 0.01 0.01
0 0.759472 0.153047 0.01 0.01
0 0.737633 0.075400 0.01 0.01
0 0.721751 0.087165 0.01 0.01
0 0.721089 0.071871 0.01 0.01
0 0.720427 0.055400 0.01 0.01
0 0.689324 0.085989 0.01 0.01
0 0.682045 0.071871 0.01 0.01
0 0.688663 0.058930 0.01 0.01
0 0.692633 0.137753 0.01 0.01
0 0.705869 0.160106 0.01 0.01
0 0.689324 0.184812 0.01 0.01
0 0.703883 0.229518 0.01 0.01
0 0.640354 0.160106 0.01 0.01
0 0.618516 0.084812 0.01 0.01
0 0.611236 0.083636 0.01 0.01
0 0.607927 0.076577 0.01 0.01
0 0.556310 0.077753 0.01 0.01
0 0.543736 0.081283 0.01 0.01
0 0.534472 0.082459 0.01 0.01
0 0.524545 0.075400 0.01 0.01
0 0.565574 0.150694 0.01 0.01
0 0.566898 0.167165 0.01 0.01
0 0.551677 0.216577 0.01 0.01
0 0.506677 0.183636 0.01 0.01
0 0.496089 0.128342 0.01 0.01
0 0.491457 0.065989 0.01 0.01
0 0.475574 0.084812 0.01 0.01
0 0.461016 0.084812 0.01 0.01
0 0.463001 0.151871 0.01 0.01
0 0.451751 0.151871 0.01 0.01
0 0.412045 0.178930 0.01 0.01
0 0.416677 0.082459 0.01 0.01
0 0.398148 0.070694 0.01 0.01
0 0.365060 0.114224 0.01 0.01
0 0.358442 0.104812 0.01 0.01
0 0.347854 0.105989 0.01 0.01
0 0.361089 0.149518 0.01 0.01
0 0.351824 0.151871 0.01 0.01
0 0.331971 0.143636 0.01 0.01
0 0.333957 0.102459 0.01 0.01
0 0.339251 0.082459 0.01 0.01
0 0.328001 0.084812 0.01 0.01
0 0.309472 0.075400 0.01 0.01
0 0.299545 0.120106 0.01 0.01
0 0.278369 0.124812 0.01 0.01
0 0.293589 0.084812 0.01 0.01
0 0.286310 0.090694 0.01 0.01
0 0.280354 0.075400 0.01 0.01
0 0.271751 0.074224 0.01 0.01
0 0.274398 0.036577 0.01 0.01
0 0.261824 0.084812 0.01 0.01
0 0.245280 0.078930 0.01 0.01
0 0.242633 0.057753 0.01 0.01
0 0.249251 0.141283 0.01 0.01
0 0.216824 0.149518 0.01 0.01
0 0.211530 0.130694 0.01 0.01
0 0.218148 0.094224 0.01 0.01
0 0.204913 0.050694 0.01 0.01
0 0.187045 0.043636 0.01 0.01
0 0.173148 0.081283 0.01 0.01
0 0.203589 0.113047 0.01 0.01
0 0.193001 0.121283 0.01 0.01
0 0.189692 0.125989 0.01 0.01
0 0.193001 0.131871 0.01 0.01
0 0.153957 0.215400 0.01 0.01
0 0.190354 0.255400 0.01 0.01
0 0.186383 0.278930 0.01 0.01
0 0.191677 0.301283 0.01 0.01
0 0.210869 0.290694 0.01 0.01
0 0.252560 0.273047 0.01 0.01
0 0.299545 0.269518 0.01 0.01
0 0.283663 0.376577 0.01 0.01
0 0.171163 0.323636 0.01 0.01
0 0.206236 0.388342 0.01 0.01
0 0.200280 0.411871 0.01 0.01
0 0.189030 0.417753 0.01 0.01
0 0.191677 0.403636 0.01 0.01
0 0.219471 0.434224 0.01 0.01
0 0.191677 0.448341 0.01 0.01
0 0.236016 0.465989 0.01 0.01
0 0.193001 0.493047 0.01 0.01
0 0.154619 0.510694 0.01 0.01
0 0.147339 0.518930 0.01 0.01
0 0.189030 0.516577 0.01 0.01
0 0.244619 0.511871 0.01 0.01
0 0.187707 0.545989 0.01 0.01
0 0.189030 0.561283 0.01 0.01
0 0.251236 0.589518 0.01 0.01
0 0.200280 0.631871 0.01 0.01
0 0.187707 0.624812 0.01 0.01
0 0.189692 0.609518 0.01 0.01
0 0.234030 0.661283 0.01 0.01
0 0.247927 0.727165 0.01 0.01
0 0.241972 0.728342 0.01 0.01
0 0.202927 0.702459 0.01 0.01
0 0.186383 0.705989 0.01 0.01
0 0.187045 0.682459 0.01 0.01
0 0.224766 0.744812 0.01 0.01
0 0.225427 0.798930 0.01 0.01
0 0.216824 0.811871 0.01 0.01
0 0.211530 0.854224 0.01 0.01
0 0.202927 0.828341 0.01 0.01
0 0.194324 0.829518 0.01 0.01
0 0.197633 0.824812 0.01 0.01
0 0.192339 0.803636 0.01 0.01
0 0.190354 0.761283 0.01 0.01
0 0.167192 0.863636 0.01 0.01
0 0.247266 0.815400 0.01 0.01
0 0.251898 0.869518 0.01 0.01
0 0.269104 0.871871 0.01 0.01
0 0.281677 0.867165 0.01 0.01
0 0.289619 0.882459 0.01 0.01
0 0.296236 0.870694 0.01 0.01
0 0.288295 0.847165 0.01 0.01
0 0.297560 0.923636 0.01 0.01
0 0.310133 0.874224 0.01 0.01
0 0.326677 0.870694 0.01 0.01
0 0.320722 0.782459 0.01 0.01
0 0.350501 0.760106 0.01 0.01
0 0.300869 0.661283 0.01 0.01
0 0.330648 0.633047 0.01 0.01
0 0.316751 0.585989 0.01 0.01
0 0.329986 0.571871 0.01 0.01
0 0.336604 0.548342 0.01 0.01
0 0.394177 0.571871 0.01 0.01
0 0.400795 0.594224 0.01 0.01
0 0.421310 0.533047 0.01 0.01
0 0.431236 0.638930 0.01 0.01
0 0.411383 0.698930 0.01 0.01
0 0.431898 0.717753 0.01 0.01
0 0.412045 0.805989 0.01 0.01
0 0.438516 0.868342 0.01 0.01
0 0.474913 0.781283 0.01 0.01
0 0.486824 0.810694 0.01 0.01
0 0.495427 0.820106 0.01 0.01
0 0.503369 0.774224 0.01 0.01
0 0.520574 0.769518 0.01 0.01
0 0.515942 0.722459 0.01 0.01
0 0.471604 0.615400 0.01 0.01
0 0.458369 0.620106 0.01 0.01
0 0.435869 0.464812 0.01 0.01
0 0.447119 0.407165 0.01 0.01
0 0.416016 0.354224 0.01 0.01
0 0.468957 0.313047 0.01 0.01
0 0.474251 0.329518 0.01 0.01
0 0.500722 0.296577 0.01 0.01
0 0.543074 0.301283 0.01 0.01
0 0.619839 0.260106 0.01 0.01
0 0.535133 0.368341 0.01 0.01
0 0.516604 0.387165 0.01 0.01
0 0.504030 0.373047 0.01 0.01
0 0.479545 0.411871 0.01 0.01
0 0.540427 0.390694 0.01 0.01
0 0.551677 0.429518 0.01 0.01
0 0.545722 0.501283 0.01 0.01
0 0.517927 0.513047 0.01 0.01
0 0.503369 0.537753 0.01 0.01
0 0.492119 0.531871 0.01 0.01
0 0.494104 0.569518 0.01 0.01
0 0.562927 0.545989 0.01 0.01
0 0.578148 0.544812 0.01 0.01
0 0.592707 0.528342 0.01 0.01
0 0.580795 0.630694 0.01 0.01
0 0.570869 0.675400 0.01 0.01
0 0.583442 0.708342 0.01 0.01
0 0.548369 0.622459 0.01 0.01
0 0.534472 0.667165 0.01 0.01
0 0.604619 0.871871 0.01 0.01
0 0.609251 0.909518 0.01 0.01
0 0.615869 0.815400 0.01 0.01
0 0.639030 0.870694 0.01 0.01
0 0.676089 0.870694 0.01 0.01
0 0.701236 0.863636 0.01 0.01
0 0.719766 0.871871 0.01 0.01
0 0.733663 0.861283 0.01 0.01
0 0.736971 0.805989 0.01 0.01
0 0.765427 0.789518 0.01 0.01
0 0.774692 0.841283 0.01 0.01
0 0.774692 0.876577 0.01 0.01
0 0.735648 0.733047 0.01 0.01
0 0.711163 0.647165 0.01 0.01
0 0.710501 0.561283 0.01 0.01
0 0.743589 0.560106 0.01 0.01
0 0.664177 0.502459 0.01 0.01
0 0.657560 0.507165 0.01 0.01
0 0.678074 0.410694 0.01 0.01
0 0.637045 0.417753 0.01 0.01
0 0.648295 0.364812 0.01 0.01
0 0.681383 0.343636 0.01 0.01
0 0.816383 0.568341 0.01 0.01
0 0.829619 0.680106 0.01 0.01
0 0.836898 0.680106 0.01 0.01
0 0.838883 0.729518 0.01 0.01
0 0.830942 0.741283 0.01 0.01
0 0.845501 0.773047 0.01 0.01
0 0.836898 0.797753 0.01 0.01
0 0.846824 0.869518 0.01 0.01
0 0.816383 0.861283 0.01 0.01
0 0.809766 0.855400 0.01 0.01
0 0.811089 0.844812 0.01 0.01
0 0.822339 0.805989 0.01 0.01
0 0.823001 0.918930 0.01 0.01
0 0.781310 0.345989 0.01 0.01
0 0.822339 0.374224 0.01 0.01
