0 0.748883 0.845989 0.01 0.01
0 0.764104 0.838930 0.01 0.01
0 0.799839 0.837753 0.01 0.01
0 0.800501 0.823636 0.01 0.01
0 0.830280 0.842459 0.01 0.01
0 0.833589 0.809518 0.01 0.01
0 0.801824 0.790694 0.01 0.01
0 0.817707 0.774224 0.01 0.01
0 0.824324 0.767165 0.01 0.01
0 0.811089 0.754224 0.01 0.01
0 0.826972 0.743636 0.01 0.01
0 0.817707 0.730694 0.01 0.01
0 0.822339 0.671871 0.01 0.01
0 0.847486 0.654224 0.01 0.01
0 0.848810 0.602459 0.01 0.01
0 0.815060 0.567165 0.01 0.01
0 0.811089 0.529518 0.01 0.01
0 0.807780 0.507165 0.01 0.01
0 0.795869 0.504812 0.01 0.01
0 0.815722 0.489518 0.01 0.01
0 0.826972 0.461283 0.01 0.01
0 0.844177 0.458930 0.01 0.01
0 0.756824 0.449518 0.01 0.01
0 0.819030 0.313047 0.01 0.01
0 0.811751 0.289518 0.01 0.01
0 0.746236 0.224812 0.01 0.01
0 0.720427 0.235400 0.01 0.01
0 0.748222 0.204812 0.01 0.01
0 0.756163 0.138930 0.01 0.01
0 0.808442 0.208342 0.01 0.01
0 0.804471 0.178930 0.01 0.01
0 0.817707 0.175400 0.01 0.01
0 0.817707 0.149518 0.01 0.01
0 0.812413 0.131871 0.01 0.01
0 0.815060 0.116577 0.01 0.01
0 0.811089 0.108342 0.01 0.01
0 0.807119 0.104812 0.01 0.01
0 0.795869 0.057753 0.01 0.01
0 0.789913 0.063636 0.01 0.01
0 0.768736 0.083636 0.01 0.01
0 0.765427 0.070694 0.01 0.01
0 0.763442 0.062459 0.01 0.01
0 0.748222 0.060106 0.01 0.01
0 0.742266 0.061283 0.01 0.01
0 0.725060 0.053047 0.01 0.01
0 0.716457 0.055400 0.01 0.01
0 0.705869 0.071871 0.01 0.01
0 0.703883 0.058930 0.01 0.01
0 0.691971 0.062459 0.01 0.01
0 0.688001 0.056577 0.01 0.01
0 0.680060 0.053047 0.01 0.01
0 0.674104 0.049518 0.01 0.01
0 0.686016 0.123636 0.01 0.01
0 0.664177 0.141283 0.01 0.01
0 0.637045 0.103636 0.01 0.01
0 0.648295 0.094224 0.01 0.01
0 0.629766 0.065989 0.01 0.01
0 0.624472 0.057753 0.01 0.01
0 0.598001 0.058930 0.01 0.01
0 0.602633 0.121283 0.01 0.01
0 0.569545 0.090694 0.01 0.01
0 0.577486 0.075400 0.01 0.01
0 0.573516 0.157753 0.01 0.01
0 0.584766 0.235400 0.01 0.01
0 0.684030 0.310694 0.01 0.01
0 0.662854 0.370694 0.01 0.01
0 0.648295 0.376577 0.01 0.01
0 0.624472 0.395400 0.01 0.01
0 0.639692 0.464812 0.01 0.01
0 0.645648 0.484812 0.01 0.01
0 0.664177 0.488342 0.01 0.01
0 0.701898 0.484812 0.01 0.01
0 0.704545 0.615400 0.01 0.01
0 0.691310 0.677753 0.01 0.01
0 0.750207 0.689518 0.01 0.01
0 0.747560 0.715400 0.01 0.01
0 0.715133 0.797753 0.01 0.01
0 0.719104 0.847165 0.01 0.01
0 0.691310 0.843636 0.01 0.01
0 0.664177 0.844812 0.01 0.01
0 0.660869 0.883636 0.01 0.01
0 0.616530 0.840106 0.01 0.01
0 0.572192 0.842459 0.01 0.01
0 0.562266 0.877753 0.01 0.01
0 0.497413 0.870694 0.01 0.01
0 0.486163 0.837753 0.01 0.01
0 0.456383 0.830694 0.01 0.01
0 0.449766 0.842459 0.01 0.01
0 0.437854 0.841283 0.01 0.01
0 0.445133 0.778930 0.01 0.01
0 0.459030 0.736577 0.01 0.01
0 0.455060 0.703636 0.01 0.01
0 0.441824 0.714224 0.01 0.01
0 0.487486 0.795400 0.01 0.01
0 0.552339 0.794224 0.01 0.01
0 0.552339 0.768341 0.01 0.01
0 0.570869 0.762459 0.01 0.01
0 0.611236 0.740106 0.01 0.01
0 0.644986 0.740106 0.01 0.01
0 0.565574 0.684812 0.01 0.01
0 0.556310 0.653047 0.01 0.01
0 0.562927 0.601283 0.01 0.01
0 0.590721 0.588342 0.01 0.01
0 0.596016 0.451871 0.01 0.01
0 0.538442 0.496577 0.01 0.01
0 0.384251 0.822459 0.01 0.01
0 0.369030 0.841283 0.01 0.01
0 0.344545 0.791871 0.01 0.01
0 0.331310 0.831871 0.01 0.01
0 0.290942 0.845989 0.01 0.01
0 0.278369 0.837753 0.01 0.01
0 0.269104 0.838930 0.01 0.01
0 0.245280 0.836577 0.01 0.01
0 0.214177 0.857753 0.01 0.01
0 0.162560 0.891871 0.01 0.01
0 0.163222 0.855400 0.01 0.01
0 0.185722 0.841283 0.01 0.01
0 0.207560 0.831871 0.01 0.01
0 0.210207 0.821283 0.01 0.01
0 0.197633 0.825989 0.01 0.01
0 0.193663 0.811871 0.01 0.01
0 0.181751 0.787165 0.01 0.01
0 0.169839 0.783636 0.01 0.01
0 0.176457 0.775400 0.01 0.01
0 0.178442 0.762459 0.01 0.01
0 0.174472 0.742459 0.01 0.01
0 0.180427 0.727165 0.01 0.01
0 0.173810 0.727165 0.01 0.01
0 0.164545 0.731871 0.01 0.01
0 0.129472 0.681283 0.01 0.01
0 0.162560 0.682459 0.01 0.01
0 0.181089 0.671871 0.01 0.01
0 0.189030 0.663636 0.01 0.01
0 0.176457 0.638930 0.01 0.01
0 0.191016 0.690694 0.01 0.01
0 0.213516 0.771871 0.01 0.01
0 0.230060 0.757753 0.01 0.01
0 0.242633 0.747165 0.01 0.01
0 0.236677 0.703636 0.01 0.01
0 0.229398 0.704812 0.01 0.01
0 0.279030 0.721283 0.01 0.01
0 0.339251 0.670694 0.01 0.01
0 0.329986 0.621283 0.01 0.01
0 0.337266 0.681283 0.01 0.01
0 0.299545 0.635400 0.01 0.01
0 0.268442 0.651871 0.01 0.01
0 0.277045 0.615400 0.01 0.01
0 0.267119 0.595400 0.01 0.01
0 0.238663 0.563636 0.01 0.01
0 0.263148 0.510694 0.01 0.01
0 0.305501 0.537753 0.01 0.01
0 0.372339 0.570694 0.01 0.01
0 0.378295 0.542459 0.01 0.01
0 0.395501 0.511871 0.01 0.01
0 0.386898 0.475400 0.01 0.01
0 0.416677 0.475400 0.01 0.01
0 0.419324 0.553047 0.01 0.01
0 0.427927 0.527165 0.01 0.01
0 0.418663 0.653047 0.01 0.01
0 0.486824 0.655400 0.01 0.01
0 0.506677 0.605989 0.01 0.01
0 0.459030 0.587165 0.01 0.01
0 0.480207 0.543636 0.01 0.01
0 0.478222 0.507165 0.01 0.01
0 0.464324 0.385989 0.01 0.01
0 0.443148 0.367165 0.01 0.01
0 0.564913 0.348341 0.01 0.01
0 0.570869 0.311871 0.01 0.01
0 0.512633 0.320106 0.01 0.01
0 0.527854 0.294224 0.01 0.01
0 0.513957 0.253047 0.01 0.01
0 0.495427 0.247165 0.01 0.01
0 0.456383 0.277753 0.01 0.01
0 0.429251 0.273047 0.01 0.01
0 0.486163 0.177753 0.01 0.01
0 0.521236 0.183636 0.01 0.01
0 0.541751 0.169518 0.01 0.01
0 0.529839 0.063636 0.01 0.01
0 0.505354 0.056577 0.01 0.01
0 0.481530 0.097753 0.01 0.01
0 0.470942 0.138930 0.01 0.01
0 0.464324 0.082459 0.01 0.01
0 0.471604 0.047165 0.01 0.01
0 0.447780 0.055400 0.01 0.01
0 0.431898 0.062459 0.01 0.01
0 0.439177 0.098930 0.01 0.01
0 0.420648 0.034224 0.01 0.01
0 0.404104 0.069518 0.01 0.01
0 0.387560 0.062459 0.01 0.01
0 0.362413 0.061283 0.01 0.01
0 0.326016 0.051871 0.01 0.01
0 0.318736 0.076577 0.01 0.01
0 0.333957 0.193047 0.01 0.01
0 0.380280 0.168342 0.01 0.01
0 0.267119 0.065989 0.01 0.01
0 0.247927 0.084812 0.01 0.01
0 0.252560 0.069518 0.01 0.01
0 0.250574 0.057753 0.01 0.01
0 0.243957 0.053047 0.01 0.01
0 0.238001 0.063636 0.01 0.01
0 0.232045 0.060106 0.01 0.01
0 0.232045 0.050694 0.01 0.01
0 0.226089 0.049518 0.01 0.01
0 0.218148 0.076577 0.01 0.01
0 0.212192 0.065989 0.01 0.01
0 0.204913 0.075400 0.01 0.01
0 0.185060 0.062459 0.01 0.01
0 0.171163 0.070694 0.01 0.01
0 0.157266 0.078930 0.01 0.01
0 0.151972 0.088342 0.01 0.01
0 0.141383 0.089518 0.01 0.01
0 0.190354 0.091871 0.01 0.01
0 0.191677 0.103636 0.01 0.01
0 0.182413 0.109518 0.01 0.01
0 0.187045 0.131871 0.01 0.01
0 0.189692 0.143636 0.01 0.01
0 0.179766 0.147165 0.01 0.01
0 0.200942 0.153047 0.01 0.01
0 0.206236 0.145989 0.01 0.01
0 0.212192 0.138930 0.01 0.01
0 0.230722 0.118930 0.01 0.01
0 0.201604 0.265989 0.01 0.01
0 0.178442 0.238930 0.01 0.01
0 0.183736 0.264812 0.01 0.01
0 0.175133 0.280106 0.01 0.01
0 0.181751 0.293047 0.01 0.01
0 0.175795 0.320106 0.01 0.01
0 0.169177 0.325989 0.01 0.01
0 0.182413 0.388342 0.01 0.01
0 0.166530 0.417753 0.01 0.01
0 0.220133 0.420106 0.01 0.01
0 0.269766 0.407165 0.01 0.01
0 0.239986 0.376577 0.01 0.01
0 0.255869 0.328342 0.01 0.01
0 0.194324 0.317753 0.01 0.01
0 0.245942 0.245989 0.01 0.01
0 0.292266 0.233047 0.01 0.01
0 0.294913 0.349518 0.01 0.01
0 0.371016 0.381283 0.01 0.01
0 0.187707 0.463636 0.01 0.01
0 0.175795 0.527165 0.01 0.01
0 0.169839 0.543636 0.01 0.01
0 0.199619 0.505989 0.01 0.01
0 0.202266 0.544812 0.01 0.01
0 0.204251 0.570694 0.01 0.01
0 0.318074 0.754224 0.01 0.01
