0 0.887192 0.355400 0.01 0.01
0 0.890501 0.336577 0.01 0.01
0 0.873957 0.336577 0.01 0.01
0 0.770722 0.317753 0.01 0.01
0 0.783957 0.305989 0.01 0.01
0 0.824986 0.280106 0.01 0.01
0 0.886530 0.256577 0.01 0.01
0 0.910354 0.215400 0.01 0.01
0 0.922266 0.184812 0.01 0.01
0 0.866016 0.222459 0.01 0.01
0 0.889177 0.181283 0.01 0.01
0 0.868663 0.171871 0.01 0.01
0 0.881236 0.160106 0.01 0.01
0 0.866677 0.143636 0.01 0.01
0 0.862707 0.140106 0.01 0.01
0 0.852119 0.125989 0.01 0.01
0 0.837560 0.122459 0.01 0.01
0 0.815722 0.151871 0.01 0.01
0 0.808442 0.145989 0.01 0.01
0 0.754839 0.130694 0.01 0.01
0 0.734324 0.113047 0.01 0.01
0 0.729030 0.113047 0.01 0.01
0 0.727045 0.123636 0.01 0.01
0 0.730354 0.184812 0.01 0.01
0 0.730354 0.278930 0.01 0.01
0 0.628442 0.178930 0.01 0.01
0 0.617192 0.145989 0.01 0.01
0 0.578810 0.208342 0.01 0.01
0 0.546383 0.150694 0.01 0.01
0 0.564251 0.068342 0.01 0.01
0 0.527192 0.103636 0.01 0.01
0 0.508001 0.103636 0.01 0.01
0 0.490795 0.114224 0.01 0.01
0 0.483516 0.108342 0.01 0.01
0 0.455060 0.138930 0.01 0.01
0 0.400795 0.105989 0.01 0.01
0 0.395501 0.137753 0.01 0.01
0 0.377633 0.156577 0.01 0.01
0 0.376310 0.143636 0.01 0.01
0 0.351163 0.157753 0.01 0.01
0 0.344545 0.074224 0.01 0.01
0 0.339251 0.100106 0.01 0.01
0 0.316089 0.089518 0.01 0.01
0 0.299545 0.101283 0.01 0.01
0 0.290942 0.090694 0.01 0.01
0 0.273736 0.102459 0.01 0.01
0 0.206236 0.063636 0.01 0.01
0 0.221457 0.061283 0.01 0.01
0 0.218810 0.167165 0.01 0.01
0 0.213516 0.202459 0.01 0.01
0 0.218810 0.224812 0.01 0.01
0 0.212854 0.247165 0.01 0.01
0 0.216163 0.269518 0.01 0.01
0 0.224766 0.255400 0.01 0.01
0 0.173148 0.303636 0.01 0.01
0 0.210869 0.321283 0.01 0.01
0 0.213516 0.354224 0.01 0.01
0 0.238663 0.389518 0.01 0.01
0 0.222119 0.423636 0.01 0.01
0 0.255869 0.354224 0.01 0.01
0 0.314104 0.213047 0.01 0.01
0 0.334619 0.247165 0.01 0.01
0 0.329986 0.265989 0.01 0.01
0 0.429913 0.262459 0.01 0.01
0 0.472266 0.307165 0.01 0.01
0 0.508663 0.281283 0.01 0.01
0 0.431236 0.397753 0.01 0.01
0 0.384913 0.422459 0.01 0.01
0 0.409398 0.508341 0.01 0.01
0 0.371016 0.505989 0.01 0.01
0 0.333295 0.610694 0.01 0.01
0 0.311457 0.595400 0.01 0.01
0 0.209545 0.485989 0.01 0.01
0 0.214177 0.516577 0.01 0.01
0 0.208222 0.548342 0.01 0.01
0 0.262486 0.685989 0.01 0.01
0 0.296898 0.684812 0.01 0.01
0 0.355133 0.689518 0.01 0.01
0 0.351824 0.749518 0.01 0.01
0 0.347854 0.777753 0.01 0.01
0 0.347854 0.851871 0.01 0.01
0 0.206898 0.820106 0.01 0.01
0 0.206898 0.836577 0.01 0.01
0 0.209545 0.845989 0.01 0.01
0 0.220795 0.854224 0.01 0.01
0 0.219471 0.884812 0.01 0.01
0 0.222119 0.900106 0.01 0.01
0 0.230060 0.894224 0.01 0.01
0 0.235354 0.936577 0.01 0.01
0 0.206236 0.933047 0.01 0.01
0 0.261824 0.903636 0.01 0.01
0 0.278369 0.875400 0.01 0.01
0 0.269766 0.842459 0.01 0.01
0 0.279030 0.925989 0.01 0.01
0 0.296236 0.891871 0.01 0.01
0 0.300207 0.909518 0.01 0.01
0 0.329986 0.931871 0.01 0.01
0 0.345869 0.985989 0.01 0.01
0 0.398148 0.985989 0.01 0.01
0 0.415354 0.928342 0.01 0.01
0 0.414030 0.845989 0.01 0.01
0 0.416016 0.722459 0.01 0.01
0 0.463001 0.451871 0.01 0.01
0 0.483516 0.418930 0.01 0.01
0 0.508663 0.448341 0.01 0.01
0 0.533148 0.490694 0.01 0.01
0 0.547707 0.563636 0.01 0.01
0 0.547045 0.557753 0.01 0.01
0 0.500060 0.603636 0.01 0.01
0 0.472266 0.675400 0.01 0.01
0 0.481530 0.736577 0.01 0.01
0 0.453736 0.930694 0.01 0.01
0 0.484839 0.893047 0.01 0.01
0 0.520574 0.944812 0.01 0.01
0 0.539766 0.774224 0.01 0.01
0 0.568883 0.802459 0.01 0.01
0 0.601310 0.718930 0.01 0.01
0 0.560942 0.610694 0.01 0.01
0 0.572854 0.370694 0.01 0.01
0 0.594692 0.360106 0.01 0.01
0 0.606604 0.308342 0.01 0.01
0 0.647633 0.350694 0.01 0.01
0 0.721751 0.413047 0.01 0.01
0 0.719766 0.437753 0.01 0.01
0 0.671457 0.495400 0.01 0.01
0 0.637707 0.545989 0.01 0.01
0 0.612560 0.496577 0.01 0.01
0 0.618516 0.473047 0.01 0.01
0 0.676751 0.528342 0.01 0.01
0 0.676089 0.554224 0.01 0.01
0 0.689324 0.518930 0.01 0.01
0 0.705207 0.563636 0.01 0.01
0 0.707192 0.602459 0.01 0.01
0 0.697266 0.636577 0.01 0.01
0 0.678736 0.641283 0.01 0.01
0 0.639030 0.715400 0.01 0.01
0 0.668810 0.733047 0.01 0.01
0 0.611236 0.836577 0.01 0.01
0 0.626457 0.870694 0.01 0.01
0 0.647633 0.871871 0.01 0.01
0 0.601972 0.924812 0.01 0.01
0 0.594692 0.955400 0.01 0.01
0 0.587413 0.937753 0.01 0.01
0 0.701898 0.951871 0.01 0.01
0 0.723074 0.928342 0.01 0.01
0 0.746236 0.842459 0.01 0.01
0 0.792560 0.948342 0.01 0.01
0 0.834251 0.943636 0.01 0.01
0 0.869325 0.914224 0.01 0.01
0 0.878589 0.909518 0.01 0.01
0 0.864030 0.894224 0.01 0.01
0 0.879251 0.889518 0.01 0.01
0 0.890501 0.893047 0.01 0.01
0 0.917633 0.767165 0.01 0.01
0 0.882560 0.775400 0.01 0.01
0 0.873295 0.767165 0.01 0.01
0 0.819692 0.804812 0.01 0.01
0 0.893810 0.656577 0.01 0.01
0 0.884545 0.628341 0.01 0.01
0 0.886530 0.596577 0.01 0.01
0 0.763442 0.634224 0.01 0.01
0 0.762780 0.564812 0.01 0.01
0 0.795869 0.587165 0.01 0.01
0 0.800501 0.522459 0.01 0.01
