0 0.217187 0.058333 0.01 0.01
0 0.210938 0.155556 0.01 0.01
0 0.222656 0.166667 0.01 0.01
0 0.219531 0.216667 0.01 0.01
0 0.239063 0.162500 0.01 0.01
0 0.246875 0.122222 0.01 0.01
0 0.280469 0.093056 0.01 0.01
0 0.371094 0.240278 0.01 0.01
0 0.375000 0.158333 0.01 0.01
0 0.425000 0.119444 0.01 0.01
0 0.434375 0.119444 0.01 0.01
0 0.456250 0.138889 0.01 0.01
0 0.525000 0.106944 0.01 0.01
0 0.525000 0.195833 0.01 0.01
0 0.519531 0.227778 0.01 0.01
0 0.522656 0.238889 0.01 0.01
0 0.567969 0.241667 0.01 0.01
0 0.584375 0.245833 0.01 0.01
0 0.589063 0.231944 0.01 0.01
0 0.567969 0.170833 0.01 0.01
0 0.603906 0.109722 0.01 0.01
0 0.623438 0.200000 0.01 0.01
0 0.694531 0.175000 0.01 0.01
0 0.742188 0.101389 0.01 0.01
0 0.768750 0.119444 0.01 0.01
0 0.746094 0.259722 0.01 0.01
0 0.792188 0.315278 0.01 0.01
0 0.650781 0.405556 0.01 0.01
0 0.657031 0.441667 0.01 0.01
0 0.853906 0.284722 0.01 0.01
0 0.867188 0.276389 0.01 0.01
0 0.870313 0.231944 0.01 0.01
0 0.842188 0.231944 0.01 0.01
0 0.859375 0.211111 0.01 0.01
0 0.854688 0.176389 0.01 0.01
0 0.863281 0.172222 0.01 0.01
0 0.842969 0.155556 0.01 0.01
0 0.839844 0.137500 0.01 0.01
0 0.835156 0.133333 0.01 0.01
0 0.780469 0.931944 0.01 0.01
0 0.792969 0.922222 0.01 0.01
0 0.808594 0.890278 0.01 0.01
0 0.843750 0.845833 0.01 0.01
0 0.842188 0.873611 0.01 0.01
0 0.878906 0.919444 0.01 0.01
0 0.880469 0.887500 0.01 0.01
0 0.851562 0.726389 0.01 0.01
0 0.869531 0.713889 0.01 0.01
0 0.853906 0.608333 0.01 0.01
0 0.857031 0.531944 0.01 0.01
0 0.810938 0.569444 0.01 0.01
0 0.764844 0.512500 0.01 0.01
0 0.743750 0.536111 0.01 0.01
0 0.723437 0.620833 0.01 0.01
0 0.739062 0.681944 0.01 0.01
0 0.739062 0.777778 0.01 0.01
0 0.765625 0.791667 0.01 0.01
0 0.768750 0.855556 0.01 0.01
0 0.767187 0.916667 0.01 0.01
0 0.746094 0.904167 0.01 0.01
0 0.728125 0.872222 0.01 0.01
0 0.726562 0.915278 0.01 0.01
0 0.720312 0.926389 0.01 0.01
0 0.625000 0.880556 0.01 0.01
0 0.641406 0.801389 0.01 0.01
0 0.626562 0.702778 0.01 0.01
0 0.656250 0.648611 0.01 0.01
0 0.588281 0.522222 0.01 0.01
0 0.581250 0.494444 0.01 0.01
0 0.514844 0.445833 0.01 0.01
0 0.492969 0.537500 0.01 0.01
0 0.547656 0.606944 0.01 0.01
0 0.556250 0.669444 0.01 0.01
0 0.589063 0.645833 0.01 0.01
0 0.594531 0.666667 0.01 0.01
0 0.567969 0.741667 0.01 0.01
0 0.572656 0.845833 0.01 0.01
0 0.558594 0.872222 0.01 0.01
0 0.582812 0.930556 0.01 0.01
0 0.444531 0.884722 0.01 0.01
0 0.467187 0.812500 0.01 0.01
0 0.472656 0.750000 0.01 0.01
0 0.453125 0.680556 0.01 0.01
0 0.428906 0.587500 0.01 0.01
0 0.471094 0.566667 0.01 0.01
0 0.516406 0.654167 0.01 0.01
0 0.428125 0.394444 0.01 0.01
0 0.406250 0.415278 0.01 0.01
0 0.368750 0.706944 0.01 0.01
0 0.390625 0.727778 0.01 0.01
0 0.394531 0.748611 0.01 0.01
0 0.366406 0.783333 0.01 0.01
0 0.357812 0.806944 0.01 0.01
0 0.402344 0.887500 0.01 0.01
0 0.367969 0.906944 0.01 0.01
0 0.361719 0.886111 0.01 0.01
0 0.351562 0.884722 0.01 0.01
0 0.313281 0.879167 0.01 0.01
0 0.297656 0.879167 0.01 0.01
0 0.246875 0.888889 0.01 0.01
0 0.257812 0.883333 0.01 0.01
0 0.251563 0.879167 0.01 0.01
0 0.183594 0.891667 0.01 0.01
0 0.220313 0.848611 0.01 0.01
0 0.250000 0.826389 0.01 0.01
0 0.213281 0.813889 0.01 0.01
0 0.201562 0.802778 0.01 0.01
0 0.192969 0.786111 0.01 0.01
0 0.205469 0.766667 0.01 0.01
0 0.205469 0.738889 0.01 0.01
0 0.205469 0.722222 0.01 0.01
0 0.289844 0.756944 0.01 0.01
0 0.335938 0.772222 0.01 0.01
0 0.300781 0.698611 0.01 0.01
0 0.266406 0.570833 0.01 0.01
0 0.209375 0.566667 0.01 0.01
0 0.242969 0.405556 0.01 0.01
