0 0.846163 0.829518 0.01 0.01
0 0.818369 0.807165 0.01 0.01
0 0.819030 0.787165 0.01 0.01
0 0.825648 0.778930 0.01 0.01
0 0.825648 0.768341 0.01 0.01
0 0.822339 0.749518 0.01 0.01
0 0.836236 0.731871 0.01 0.01
0 0.801163 0.710694 0.01 0.01
0 0.751530 0.721283 0.01 0.01
0 0.772707 0.841283 0.01 0.01
0 0.744913 0.847165 0.01 0.01
0 0.738295 0.857753 0.01 0.01
0 0.732339 0.849518 0.01 0.01
0 0.716457 0.891871 0.01 0.01
0 0.718442 0.836577 0.01 0.01
0 0.721751 0.784812 0.01 0.01
0 0.702560 0.695400 0.01 0.01
0 0.695280 0.689518 0.01 0.01
0 0.697266 0.627165 0.01 0.01
0 0.737633 0.624812 0.01 0.01
0 0.753516 0.540106 0.01 0.01
0 0.808442 0.521283 0.01 0.01
0 0.812413 0.515400 0.01 0.01
0 0.807119 0.551871 0.01 0.01
0 0.824986 0.571871 0.01 0.01
0 0.855427 0.585989 0.01 0.01
0 0.853442 0.522459 0.01 0.01
0 0.857413 0.444812 0.01 0.01
0 0.766089 0.389518 0.01 0.01
0 0.748222 0.404812 0.01 0.01
0 0.770722 0.454224 0.01 0.01
0 0.711824 0.470694 0.01 0.01
0 0.671457 0.447165 0.01 0.01
0 0.649619 0.477753 0.01 0.01
0 0.610574 0.521283 0.01 0.01
0 0.609251 0.540106 0.01 0.01
0 0.572192 0.616577 0.01 0.01
0 0.562266 0.653047 0.01 0.01
0 0.573516 0.694224 0.01 0.01
0 0.580133 0.765989 0.01 0.01
0 0.587413 0.850694 0.01 0.01
0 0.584104 0.889518 0.01 0.01
0 0.566236 0.888342 0.01 0.01
0 0.536457 0.850694 0.01 0.01
0 0.621824 0.845989 0.01 0.01
0 0.637045 0.844812 0.01 0.01
0 0.652266 0.843636 0.01 0.01
0 0.821677 0.348341 0.01 0.01
0 0.813736 0.290694 0.01 0.01
0 0.790574 0.270694 0.01 0.01
0 0.821016 0.225989 0.01 0.01
0 0.821016 0.215400 0.01 0.01
0 0.816383 0.202459 0.01 0.01
0 0.819030 0.168342 0.01 0.01
0 0.822339 0.149518 0.01 0.01
0 0.827633 0.153047 0.01 0.01
0 0.818369 0.128342 0.01 0.01
0 0.801163 0.130694 0.01 0.01
0 0.796530 0.084812 0.01 0.01
0 0.789913 0.073047 0.01 0.01
0 0.803148 0.053047 0.01 0.01
0 0.776677 0.082459 0.01 0.01
0 0.769398 0.082459 0.01 0.01
0 0.767413 0.058930 0.01 0.01
0 0.760795 0.063636 0.01 0.01
0 0.754177 0.055400 0.01 0.01
0 0.750869 0.067165 0.01 0.01
0 0.750869 0.030694 0.01 0.01
0 0.729692 0.065989 0.01 0.01
0 0.722413 0.067165 0.01 0.01
0 0.718442 0.043636 0.01 0.01
0 0.731016 0.131871 0.01 0.01
0 0.681383 0.108342 0.01 0.01
0 0.674766 0.118930 0.01 0.01
0 0.656236 0.065989 0.01 0.01
0 0.639030 0.062459 0.01 0.01
0 0.635722 0.083636 0.01 0.01
0 0.623148 0.065989 0.01 0.01
0 0.599986 0.063636 0.01 0.01
0 0.592707 0.065989 0.01 0.01
0 0.529839 0.777753 0.01 0.01
0 0.535795 0.725989 0.01 0.01
0 0.525869 0.661283 0.01 0.01
0 0.500722 0.684812 0.01 0.01
0 0.479545 0.731871 0.01 0.01
0 0.463663 0.730694 0.01 0.01
0 0.454398 0.720106 0.01 0.01
0 0.474251 0.782459 0.01 0.01
0 0.469619 0.857753 0.01 0.01
0 0.451751 0.845989 0.01 0.01
0 0.416016 0.855400 0.01 0.01
0 0.418663 0.844812 0.01 0.01
0 0.427266 0.835400 0.01 0.01
0 0.377633 0.725989 0.01 0.01
0 0.418001 0.682459 0.01 0.01
0 0.397486 0.675400 0.01 0.01
0 0.394177 0.651871 0.01 0.01
0 0.372339 0.616577 0.01 0.01
0 0.384913 0.587165 0.01 0.01
0 0.390207 0.576577 0.01 0.01
0 0.403442 0.569518 0.01 0.01
0 0.379619 0.560106 0.01 0.01
0 0.458369 0.600106 0.01 0.01
0 0.478222 0.620106 0.01 0.01
0 0.485501 0.549518 0.01 0.01
0 0.485501 0.524812 0.01 0.01
0 0.493442 0.514224 0.01 0.01
0 0.552339 0.462459 0.01 0.01
0 0.575501 0.464812 0.01 0.01
0 0.627780 0.398930 0.01 0.01
0 0.654251 0.381283 0.01 0.01
0 0.672119 0.333047 0.01 0.01
0 0.651604 0.227165 0.01 0.01
0 0.608589 0.298930 0.01 0.01
0 0.595354 0.230694 0.01 0.01
0 0.607927 0.364812 0.01 0.01
0 0.558295 0.360106 0.01 0.01
0 0.571530 0.302459 0.01 0.01
0 0.552339 0.285989 0.01 0.01
0 0.533810 0.318930 0.01 0.01
0 0.526530 0.333047 0.01 0.01
0 0.511310 0.285989 0.01 0.01
0 0.547707 0.231871 0.01 0.01
0 0.536457 0.200106 0.01 0.01
0 0.486163 0.220106 0.01 0.01
0 0.493442 0.173047 0.01 0.01
0 0.486163 0.163636 0.01 0.01
0 0.467633 0.163636 0.01 0.01
0 0.453736 0.170694 0.01 0.01
0 0.482192 0.113047 0.01 0.01
0 0.505354 0.096577 0.01 0.01
0 0.511972 0.043636 0.01 0.01
0 0.564913 0.068342 0.01 0.01
0 0.578148 0.065989 0.01 0.01
0 0.317413 0.868342 0.01 0.01
0 0.312780 0.853047 0.01 0.01
0 0.285648 0.853047 0.01 0.01
0 0.265133 0.854224 0.01 0.01
0 0.245942 0.847165 0.01 0.01
0 0.241310 0.851871 0.01 0.01
0 0.230722 0.856577 0.01 0.01
0 0.217486 0.862459 0.01 0.01
0 0.216824 0.909518 0.01 0.01
0 0.155280 0.860106 0.01 0.01
0 0.213516 0.837753 0.01 0.01
0 0.190354 0.813047 0.01 0.01
0 0.190354 0.802459 0.01 0.01
0 0.172486 0.797753 0.01 0.01
0 0.212854 0.803636 0.01 0.01
0 0.218810 0.784812 0.01 0.01
0 0.236677 0.800106 0.01 0.01
0 0.248589 0.794224 0.01 0.01
0 0.243957 0.761283 0.01 0.01
0 0.236016 0.722459 0.01 0.01
0 0.253222 0.710694 0.01 0.01
0 0.173148 0.763636 0.01 0.01
0 0.181751 0.724812 0.01 0.01
0 0.175133 0.704812 0.01 0.01
0 0.177119 0.687165 0.01 0.01
0 0.181751 0.693047 0.01 0.01
0 0.166530 0.642459 0.01 0.01
0 0.132780 0.628341 0.01 0.01
0 0.178442 0.617753 0.01 0.01
0 0.189030 0.617753 0.01 0.01
0 0.183074 0.580106 0.01 0.01
0 0.175795 0.569518 0.01 0.01
0 0.183074 0.568341 0.01 0.01
0 0.213516 0.587165 0.01 0.01
0 0.241310 0.574224 0.01 0.01
0 0.267119 0.605989 0.01 0.01
0 0.279030 0.620106 0.01 0.01
0 0.285648 0.640106 0.01 0.01
0 0.319398 0.633047 0.01 0.01
0 0.308148 0.567165 0.01 0.01
0 0.324692 0.561283 0.01 0.01
0 0.311457 0.549518 0.01 0.01
0 0.457045 0.477753 0.01 0.01
0 0.429251 0.413047 0.01 0.01
0 0.468957 0.390694 0.01 0.01
0 0.457707 0.329518 0.01 0.01
0 0.429251 0.348341 0.01 0.01
0 0.409398 0.302459 0.01 0.01
0 0.376310 0.270694 0.01 0.01
0 0.474913 0.049518 0.01 0.01
0 0.457707 0.065989 0.01 0.01
0 0.442486 0.047165 0.01 0.01
0 0.442486 0.073047 0.01 0.01
0 0.418663 0.049518 0.01 0.01
0 0.412707 0.061283 0.01 0.01
0 0.390207 0.063636 0.01 0.01
0 0.355133 0.087165 0.01 0.01
0 0.328663 0.084812 0.01 0.01
0 0.333957 0.050694 0.01 0.01
0 0.300869 0.060106 0.01 0.01
0 0.298222 0.104812 0.01 0.01
0 0.318074 0.245989 0.01 0.01
0 0.259177 0.216577 0.01 0.01
0 0.275721 0.060106 0.01 0.01
0 0.268442 0.067165 0.01 0.01
0 0.264472 0.045989 0.01 0.01
0 0.262486 0.067165 0.01 0.01
0 0.259177 0.061283 0.01 0.01
0 0.253883 0.057753 0.01 0.01
0 0.241972 0.067165 0.01 0.01
0 0.236677 0.067165 0.01 0.01
0 0.230060 0.065989 0.01 0.01
0 0.232045 0.076577 0.01 0.01
0 0.220133 0.077753 0.01 0.01
0 0.201604 0.078930 0.01 0.01
0 0.198295 0.053047 0.01 0.01
0 0.193663 0.049518 0.01 0.01
0 0.163222 0.056577 0.01 0.01
0 0.157266 0.050694 0.01 0.01
0 0.154619 0.069518 0.01 0.01
0 0.187707 0.094224 0.01 0.01
0 0.193001 0.098930 0.01 0.01
0 0.191677 0.116577 0.01 0.01
0 0.183074 0.110694 0.01 0.01
0 0.183074 0.130694 0.01 0.01
0 0.215501 0.143636 0.01 0.01
0 0.206236 0.150694 0.01 0.01
0 0.183736 0.183636 0.01 0.01
0 0.228736 0.250694 0.01 0.01
0 0.199619 0.269518 0.01 0.01
0 0.183736 0.275400 0.01 0.01
0 0.175133 0.258930 0.01 0.01
0 0.175133 0.248342 0.01 0.01
0 0.181089 0.298930 0.01 0.01
0 0.180427 0.316577 0.01 0.01
0 0.140722 0.349518 0.01 0.01
0 0.181089 0.396577 0.01 0.01
0 0.189692 0.382459 0.01 0.01
0 0.206898 0.358930 0.01 0.01
0 0.243295 0.356577 0.01 0.01
0 0.228736 0.414224 0.01 0.01
0 0.227413 0.444812 0.01 0.01
0 0.284324 0.488342 0.01 0.01
0 0.348516 0.449518 0.01 0.01
0 0.219471 0.528342 0.01 0.01
0 0.185060 0.511871 0.01 0.01
0 0.203589 0.497753 0.01 0.01
0 0.183736 0.494224 0.01 0.01
0 0.187707 0.477753 0.01 0.01
0 0.178442 0.473047 0.01 0.01
0 0.173810 0.442459 0.01 0.01
