0 0.175000 0.031944 0.01 0.01
0 0.296875 0.180556 0.01 0.01
0 0.406250 0.356944 0.01 0.01
0 0.531250 0.230556 0.01 0.01
0 0.633594 0.077778 0.01 0.01
0 0.654688 0.087500 0.01 0.01
0 0.628125 0.551389 0.01 0.01
0 0.432031 0.562500 0.01 0.01
0 0.367969 0.554167 0.01 0.01
0 0.223438 0.702778 0.01 0.01
0 0.382031 0.762500 0.01 0.01
0 0.467969 0.812500 0.01 0.01
0 0.550000 0.836111 0.01 0.01
0 0.526563 0.688889 0.01 0.01
0 0.564062 0.931944 0.01 0.01
0 0.312500 0.918056 0.01 0.01
0 0.849219 0.861111 0.01 0.01
0 0.855469 0.808333 0.01 0.01
0 0.775781 0.827778 0.01 0.01
0 0.861719 0.576389 0.01 0.01
0 0.828125 0.502778 0.01 0.01
0 0.747656 0.422222 0.01 0.01
0 0.732813 0.429167 0.01 0.01
0 0.734375 0.137500 0.01 0.01
0 0.790625 0.052778 0.01 0.01
0 0.795313 0.063889 0.01 0.01
0 0.853906 0.120833 0.01 0.01
0 0.858594 0.197222 0.01 0.01
0 0.800781 0.206944 0.01 0.01
