0 0.780648 0.140106 0.01 0.01
0 0.785942 0.076577 0.01 0.01
0 0.789913 0.191871 0.01 0.01
0 0.852780 0.184812 0.01 0.01
0 0.821677 0.302459 0.01 0.01
0 0.846824 0.570694 0.01 0.01
0 0.869986 0.583636 0.01 0.01
0 0.846163 0.694224 0.01 0.01
0 0.848148 0.827165 0.01 0.01
0 0.836898 0.873047 0.01 0.01
0 0.764766 0.838930 0.01 0.01
0 0.631751 0.553047 0.01 0.01
0 0.719766 0.495400 0.01 0.01
0 0.715795 0.450694 0.01 0.01
0 0.629766 0.120106 0.01 0.01
0 0.555648 0.073047 0.01 0.01
0 0.464324 0.103636 0.01 0.01
0 0.368369 0.044812 0.01 0.01
0 0.367707 0.024812 0.01 0.01
0 0.291604 0.194224 0.01 0.01
0 0.384251 0.393047 0.01 0.01
0 0.368369 0.544812 0.01 0.01
0 0.206236 0.670694 0.01 0.01
0 0.385574 0.736577 0.01 0.01
0 0.348516 0.921283 0.01 0.01
0 0.466971 0.951871 0.01 0.01
0 0.485501 0.924812 0.01 0.01
0 0.540427 0.834224 0.01 0.01
0 0.461016 0.722459 0.01 0.01
0 0.464324 0.684812 0.01 0.01
