0 0.807780 0.930694 0.01 0.01
0 0.810427 0.877753 0.01 0.01
0 0.819030 0.856577 0.01 0.01
0 0.823001 0.853047 0.01 0.01
0 0.827633 0.850694 0.01 0.01
0 0.810427 0.818930 0.01 0.01
0 0.855427 0.830694 0.01 0.01
0 0.853442 0.782459 0.01 0.01
0 0.837560 0.800106 0.01 0.01
0 0.836236 0.789518 0.01 0.01
0 0.835574 0.753047 0.01 0.01
0 0.836898 0.690694 0.01 0.01
0 0.834251 0.661283 0.01 0.01
0 0.869986 0.653047 0.01 0.01
0 0.805133 0.622459 0.01 0.01
0 0.817707 0.578930 0.01 0.01
0 0.793883 0.551871 0.01 0.01
0 0.711824 0.665989 0.01 0.01
0 0.744913 0.651871 0.01 0.01
0 0.765427 0.694224 0.01 0.01
0 0.735648 0.748342 0.01 0.01
0 0.706530 0.721283 0.01 0.01
0 0.735648 0.823636 0.01 0.01
0 0.761457 0.811871 0.01 0.01
0 0.776016 0.827165 0.01 0.01
0 0.733663 0.881283 0.01 0.01
0 0.765427 0.900106 0.01 0.01
0 0.734324 0.940106 0.01 0.01
0 0.715795 0.893047 0.01 0.01
0 0.674104 0.894224 0.01 0.01
0 0.666163 0.897753 0.01 0.01
0 0.639692 0.887165 0.01 0.01
0 0.624472 0.888342 0.01 0.01
0 0.615869 0.893047 0.01 0.01
0 0.607927 0.943636 0.01 0.01
0 0.588074 0.902459 0.01 0.01
0 0.498074 0.850694 0.01 0.01
0 0.480869 0.831871 0.01 0.01
0 0.479545 0.762459 0.01 0.01
0 0.492119 0.754224 0.01 0.01
0 0.505354 0.778930 0.01 0.01
0 0.504692 0.733047 0.01 0.01
0 0.578810 0.730694 0.01 0.01
0 0.568222 0.682459 0.01 0.01
0 0.533810 0.648341 0.01 0.01
0 0.546383 0.627165 0.01 0.01
0 0.596677 0.643636 0.01 0.01
0 0.571530 0.591871 0.01 0.01
0 0.561604 0.564812 0.01 0.01
0 0.545722 0.570694 0.01 0.01
0 0.577486 0.554224 0.01 0.01
0 0.564251 0.525989 0.01 0.01
0 0.641677 0.622459 0.01 0.01
0 0.691310 0.600106 0.01 0.01
0 0.651604 0.563636 0.01 0.01
0 0.660207 0.522459 0.01 0.01
0 0.637045 0.437753 0.01 0.01
0 0.675427 0.436577 0.01 0.01
0 0.670795 0.415400 0.01 0.01
0 0.672780 0.370694 0.01 0.01
0 0.652927 0.343636 0.01 0.01
0 0.618516 0.275400 0.01 0.01
0 0.623148 0.198930 0.01 0.01
0 0.665501 0.257753 0.01 0.01
0 0.686016 0.222459 0.01 0.01
0 0.743589 0.218930 0.01 0.01
0 0.774692 0.208342 0.01 0.01
0 0.764104 0.383636 0.01 0.01
0 0.819692 0.421283 0.01 0.01
0 0.826310 0.469518 0.01 0.01
0 0.864692 0.391871 0.01 0.01
0 0.869986 0.335400 0.01 0.01
0 0.830280 0.324812 0.01 0.01
0 0.837560 0.260106 0.01 0.01
0 0.836236 0.250694 0.01 0.01
0 0.830280 0.237753 0.01 0.01
0 0.835574 0.223636 0.01 0.01
0 0.824986 0.137753 0.01 0.01
0 0.846163 0.120106 0.01 0.01
0 0.830942 0.113047 0.01 0.01
0 0.813074 0.129518 0.01 0.01
0 0.811089 0.114224 0.01 0.01
0 0.805133 0.105989 0.01 0.01
0 0.790574 0.102459 0.01 0.01
0 0.781972 0.097753 0.01 0.01
0 0.779986 0.090694 0.01 0.01
0 0.774030 0.093047 0.01 0.01
0 0.738957 0.097753 0.01 0.01
0 0.754839 0.168342 0.01 0.01
0 0.727045 0.078930 0.01 0.01
0 0.718442 0.084812 0.01 0.01
0 0.711824 0.094224 0.01 0.01
0 0.703221 0.073047 0.01 0.01
0 0.674766 0.068342 0.01 0.01
0 0.685354 0.090694 0.01 0.01
0 0.689986 0.105989 0.01 0.01
0 0.693957 0.149518 0.01 0.01
0 0.619177 0.102459 0.01 0.01
0 0.600648 0.096577 0.01 0.01
0 0.559619 0.096577 0.01 0.01
0 0.537119 0.091871 0.01 0.01
0 0.521898 0.097753 0.01 0.01
0 0.494766 0.096577 0.01 0.01
0 0.486163 0.078930 0.01 0.01
0 0.495427 0.055400 0.01 0.01
0 0.475574 0.104812 0.01 0.01
0 0.492780 0.135400 0.01 0.01
0 0.501383 0.195400 0.01 0.01
0 0.527854 0.165989 0.01 0.01
0 0.547045 0.193047 0.01 0.01
0 0.564913 0.164812 0.01 0.01
0 0.559619 0.274224 0.01 0.01
0 0.540427 0.316577 0.01 0.01
0 0.529177 0.382459 0.01 0.01
0 0.530501 0.416577 0.01 0.01
0 0.538442 0.451871 0.01 0.01
0 0.511310 0.422459 0.01 0.01
0 0.486163 0.420106 0.01 0.01
0 0.443148 0.417753 0.01 0.01
0 0.432560 0.482459 0.01 0.01
0 0.403442 0.415400 0.01 0.01
0 0.500722 0.395400 0.01 0.01
0 0.483516 0.367165 0.01 0.01
0 0.466971 0.314224 0.01 0.01
0 0.498074 0.308342 0.01 0.01
0 0.437854 0.211871 0.01 0.01
0 0.432560 0.181283 0.01 0.01
0 0.451089 0.156577 0.01 0.01
0 0.412045 0.107165 0.01 0.01
0 0.384251 0.090694 0.01 0.01
0 0.367707 0.114224 0.01 0.01
0 0.356457 0.227165 0.01 0.01
0 0.361089 0.180106 0.01 0.01
0 0.359104 0.161283 0.01 0.01
0 0.335280 0.156577 0.01 0.01
0 0.356457 0.136577 0.01 0.01
0 0.343883 0.131871 0.01 0.01
0 0.332633 0.114224 0.01 0.01
0 0.325354 0.094224 0.01 0.01
0 0.314766 0.094224 0.01 0.01
0 0.298883 0.144812 0.01 0.01
0 0.433222 0.538930 0.01 0.01
0 0.491457 0.553047 0.01 0.01
0 0.488810 0.584812 0.01 0.01
0 0.504692 0.544812 0.01 0.01
0 0.512633 0.567165 0.01 0.01
0 0.468957 0.631871 0.01 0.01
0 0.454398 0.635400 0.01 0.01
0 0.397486 0.610694 0.01 0.01
0 0.387560 0.593047 0.01 0.01
0 0.369692 0.610694 0.01 0.01
0 0.420648 0.698930 0.01 0.01
0 0.430574 0.695400 0.01 0.01
0 0.420648 0.725989 0.01 0.01
0 0.411383 0.771871 0.01 0.01
0 0.401457 0.793047 0.01 0.01
0 0.435869 0.888342 0.01 0.01
0 0.369030 0.909518 0.01 0.01
0 0.351824 0.891871 0.01 0.01
0 0.343883 0.860106 0.01 0.01
0 0.314766 0.953047 0.01 0.01
0 0.304177 0.903636 0.01 0.01
0 0.283663 0.908341 0.01 0.01
0 0.289619 0.884812 0.01 0.01
0 0.277707 0.877753 0.01 0.01
0 0.271751 0.854224 0.01 0.01
0 0.255869 0.888342 0.01 0.01
0 0.243295 0.884812 0.01 0.01
0 0.242633 0.840106 0.01 0.01
0 0.336604 0.725989 0.01 0.01
0 0.183074 0.913047 0.01 0.01
0 0.189030 0.858930 0.01 0.01
0 0.208883 0.863636 0.01 0.01
0 0.187045 0.837753 0.01 0.01
0 0.190354 0.835400 0.01 0.01
0 0.200942 0.837753 0.01 0.01
0 0.211530 0.837753 0.01 0.01
0 0.222119 0.821283 0.01 0.01
0 0.230060 0.778930 0.01 0.01
0 0.218810 0.765989 0.01 0.01
0 0.243957 0.757753 0.01 0.01
0 0.234030 0.744812 0.01 0.01
0 0.300869 0.677753 0.01 0.01
0 0.325354 0.654224 0.01 0.01
0 0.324692 0.594224 0.01 0.01
0 0.314104 0.608342 0.01 0.01
0 0.232045 0.657753 0.01 0.01
0 0.176457 0.769518 0.01 0.01
0 0.186383 0.756577 0.01 0.01
0 0.183736 0.745989 0.01 0.01
0 0.185060 0.727165 0.01 0.01
0 0.185722 0.682459 0.01 0.01
0 0.189692 0.638930 0.01 0.01
0 0.185722 0.641283 0.01 0.01
0 0.183074 0.630694 0.01 0.01
0 0.185060 0.610694 0.01 0.01
0 0.181751 0.573047 0.01 0.01
0 0.185060 0.540106 0.01 0.01
0 0.187707 0.517753 0.01 0.01
0 0.142045 0.524812 0.01 0.01
0 0.155280 0.482459 0.01 0.01
0 0.187707 0.475400 0.01 0.01
0 0.234692 0.478930 0.01 0.01
0 0.246604 0.609518 0.01 0.01
0 0.262486 0.549518 0.01 0.01
0 0.302192 0.508341 0.01 0.01
0 0.330648 0.483636 0.01 0.01
0 0.294913 0.434224 0.01 0.01
0 0.191677 0.433047 0.01 0.01
0 0.189692 0.418930 0.01 0.01
0 0.185060 0.418930 0.01 0.01
0 0.166530 0.420106 0.01 0.01
0 0.181089 0.381283 0.01 0.01
0 0.189030 0.411871 0.01 0.01
0 0.217486 0.416577 0.01 0.01
0 0.275721 0.325989 0.01 0.01
0 0.292927 0.288341 0.01 0.01
0 0.256530 0.301283 0.01 0.01
0 0.216163 0.297753 0.01 0.01
0 0.187707 0.305989 0.01 0.01
0 0.185060 0.281283 0.01 0.01
0 0.185722 0.234224 0.01 0.01
0 0.181089 0.168342 0.01 0.01
0 0.181751 0.153047 0.01 0.01
0 0.191677 0.155400 0.01 0.01
0 0.165207 0.096577 0.01 0.01
0 0.200280 0.045989 0.01 0.01
0 0.196310 0.062459 0.01 0.01
0 0.204913 0.102459 0.01 0.01
0 0.194986 0.120106 0.01 0.01
0 0.204251 0.130694 0.01 0.01
0 0.208883 0.140106 0.01 0.01
0 0.220795 0.135400 0.01 0.01
0 0.252560 0.164812 0.01 0.01
0 0.261824 0.117753 0.01 0.01
0 0.279692 0.104812 0.01 0.01
0 0.284324 0.087165 0.01 0.01
0 0.275721 0.089518 0.01 0.01
0 0.271089 0.093047 0.01 0.01
0 0.283001 0.047165 0.01 0.01
0 0.261163 0.067165 0.01 0.01
0 0.243957 0.088342 0.01 0.01
0 0.228736 0.100106 0.01 0.01
0 0.232045 0.057753 0.01 0.01
