0 0.739619 0.054224 0.01 0.01
0 0.740280 0.061283 0.01 0.01
0 0.686016 0.058930 0.01 0.01
0 0.750207 0.071871 0.01 0.01
0 0.760133 0.074224 0.01 0.01
0 0.765427 0.071871 0.01 0.01
0 0.771383 0.085989 0.01 0.01
0 0.794545 0.088342 0.01 0.01
0 0.802486 0.062459 0.01 0.01
0 0.804471 0.110694 0.01 0.01
0 0.815722 0.109518 0.01 0.01
0 0.812413 0.141283 0.01 0.01
0 0.830280 0.154224 0.01 0.01
0 0.820354 0.185989 0.01 0.01
0 0.819692 0.209518 0.01 0.01
0 0.819692 0.224812 0.01 0.01
0 0.821016 0.289518 0.01 0.01
0 0.820354 0.305989 0.01 0.01
0 0.813736 0.302459 0.01 0.01
0 0.802486 0.308342 0.01 0.01
0 0.767413 0.264812 0.01 0.01
0 0.767413 0.168342 0.01 0.01
0 0.759472 0.101283 0.01 0.01
0 0.733001 0.144812 0.01 0.01
0 0.716457 0.130694 0.01 0.01
0 0.676751 0.124812 0.01 0.01
0 0.672119 0.170694 0.01 0.01
0 0.647633 0.110694 0.01 0.01
0 0.658222 0.068342 0.01 0.01
0 0.635060 0.077753 0.01 0.01
0 0.619839 0.075400 0.01 0.01
0 0.607266 0.069518 0.01 0.01
0 0.598001 0.078930 0.01 0.01
0 0.563589 0.076577 0.01 0.01
0 0.550354 0.070694 0.01 0.01
0 0.542413 0.097753 0.01 0.01
0 0.509324 0.120106 0.01 0.01
0 0.513957 0.068342 0.01 0.01
0 0.475574 0.069518 0.01 0.01
0 0.511310 0.057753 0.01 0.01
0 0.479545 0.118930 0.01 0.01
0 0.484177 0.140106 0.01 0.01
0 0.491457 0.190694 0.01 0.01
0 0.521236 0.177753 0.01 0.01
0 0.461016 0.176577 0.01 0.01
0 0.446457 0.076577 0.01 0.01
0 0.445133 0.071871 0.01 0.01
0 0.423957 0.076577 0.01 0.01
0 0.414692 0.065989 0.01 0.01
0 0.400133 0.075400 0.01 0.01
0 0.345207 0.073047 0.01 0.01
0 0.332633 0.078930 0.01 0.01
0 0.324692 0.096577 0.01 0.01
0 0.337266 0.108342 0.01 0.01
0 0.330648 0.187165 0.01 0.01
0 0.287633 0.218930 0.01 0.01
0 0.313442 0.131871 0.01 0.01
0 0.308810 0.085989 0.01 0.01
0 0.300869 0.073047 0.01 0.01
0 0.277707 0.088342 0.01 0.01
0 0.271089 0.077753 0.01 0.01
0 0.274398 0.078930 0.01 0.01
0 0.275721 0.068342 0.01 0.01
0 0.245280 0.075400 0.01 0.01
0 0.233369 0.074224 0.01 0.01
0 0.232045 0.083636 0.01 0.01
0 0.226089 0.084812 0.01 0.01
0 0.214177 0.047165 0.01 0.01
0 0.191677 0.060106 0.01 0.01
0 0.178442 0.054224 0.01 0.01
0 0.163883 0.058930 0.01 0.01
0 0.169177 0.073047 0.01 0.01
0 0.198295 0.093047 0.01 0.01
0 0.180427 0.121283 0.01 0.01
0 0.187045 0.124812 0.01 0.01
0 0.196310 0.129518 0.01 0.01
0 0.208883 0.120106 0.01 0.01
0 0.228736 0.156577 0.01 0.01
0 0.208222 0.160106 0.01 0.01
0 0.180427 0.171871 0.01 0.01
0 0.175795 0.153047 0.01 0.01
0 0.175133 0.240106 0.01 0.01
0 0.175795 0.264812 0.01 0.01
0 0.181089 0.294224 0.01 0.01
0 0.178442 0.311871 0.01 0.01
0 0.192339 0.287165 0.01 0.01
0 0.195648 0.288341 0.01 0.01
0 0.224104 0.295400 0.01 0.01
0 0.249251 0.323636 0.01 0.01
0 0.267119 0.403636 0.01 0.01
0 0.178442 0.378930 0.01 0.01
0 0.184398 0.364812 0.01 0.01
0 0.191016 0.418930 0.01 0.01
0 0.181751 0.422459 0.01 0.01
0 0.175133 0.451871 0.01 0.01
0 0.178442 0.467165 0.01 0.01
0 0.171163 0.476577 0.01 0.01
0 0.193001 0.495400 0.01 0.01
0 0.190354 0.521283 0.01 0.01
0 0.224104 0.451871 0.01 0.01
0 0.204913 0.560106 0.01 0.01
0 0.187045 0.555400 0.01 0.01
0 0.175795 0.548342 0.01 0.01
0 0.181089 0.537753 0.01 0.01
0 0.177119 0.568341 0.01 0.01
0 0.180427 0.580106 0.01 0.01
0 0.131457 0.627165 0.01 0.01
0 0.156604 0.641283 0.01 0.01
0 0.175133 0.655400 0.01 0.01
0 0.182413 0.649518 0.01 0.01
0 0.178442 0.633047 0.01 0.01
0 0.189692 0.636577 0.01 0.01
0 0.238001 0.585989 0.01 0.01
0 0.266457 0.614224 0.01 0.01
0 0.277045 0.637753 0.01 0.01
0 0.247266 0.735400 0.01 0.01
0 0.234030 0.733047 0.01 0.01
0 0.259177 0.757753 0.01 0.01
0 0.224766 0.763636 0.01 0.01
0 0.179766 0.695400 0.01 0.01
0 0.178442 0.704812 0.01 0.01
0 0.174472 0.741283 0.01 0.01
0 0.178442 0.781283 0.01 0.01
0 0.180427 0.813047 0.01 0.01
0 0.187707 0.796577 0.01 0.01
0 0.146016 0.838930 0.01 0.01
0 0.191016 0.835400 0.01 0.01
0 0.207560 0.807165 0.01 0.01
0 0.217486 0.793047 0.01 0.01
0 0.233369 0.811871 0.01 0.01
0 0.245280 0.815400 0.01 0.01
0 0.245280 0.862459 0.01 0.01
0 0.229398 0.875400 0.01 0.01
0 0.217486 0.885989 0.01 0.01
0 0.220795 0.861283 0.01 0.01
0 0.207560 0.854224 0.01 0.01
0 0.236677 0.922459 0.01 0.01
0 0.266457 0.862459 0.01 0.01
0 0.273736 0.850694 0.01 0.01
0 0.278369 0.870694 0.01 0.01
0 0.298222 0.874224 0.01 0.01
0 0.314766 0.873047 0.01 0.01
0 0.298883 0.573047 0.01 0.01
0 0.298222 0.524812 0.01 0.01
0 0.309472 0.558930 0.01 0.01
0 0.305501 0.583636 0.01 0.01
0 0.357119 0.494224 0.01 0.01
0 0.375648 0.576577 0.01 0.01
0 0.388222 0.591871 0.01 0.01
0 0.400133 0.625989 0.01 0.01
0 0.361751 0.647165 0.01 0.01
0 0.339251 0.690694 0.01 0.01
0 0.318074 0.647165 0.01 0.01
0 0.396163 0.748342 0.01 0.01
0 0.396824 0.804812 0.01 0.01
0 0.434545 0.698930 0.01 0.01
0 0.484839 0.725989 0.01 0.01
0 0.474251 0.795400 0.01 0.01
0 0.469619 0.835400 0.01 0.01
0 0.452413 0.855400 0.01 0.01
0 0.446457 0.835400 0.01 0.01
0 0.419986 0.863636 0.01 0.01
0 0.558295 0.862459 0.01 0.01
0 0.572854 0.910694 0.01 0.01
0 0.576824 0.855400 0.01 0.01
0 0.568883 0.843636 0.01 0.01
0 0.526530 0.789518 0.01 0.01
0 0.578148 0.777753 0.01 0.01
0 0.597339 0.776577 0.01 0.01
0 0.571530 0.703636 0.01 0.01
0 0.561604 0.664812 0.01 0.01
0 0.516604 0.697753 0.01 0.01
0 0.517927 0.657753 0.01 0.01
0 0.462339 0.633047 0.01 0.01
0 0.464324 0.621283 0.01 0.01
0 0.475574 0.588342 0.01 0.01
0 0.481530 0.569518 0.01 0.01
0 0.482854 0.531871 0.01 0.01
0 0.498074 0.534224 0.01 0.01
0 0.495427 0.484812 0.01 0.01
0 0.424619 0.428342 0.01 0.01
0 0.405427 0.395400 0.01 0.01
0 0.400795 0.298930 0.01 0.01
0 0.436530 0.227165 0.01 0.01
0 0.429251 0.370694 0.01 0.01
0 0.462339 0.410694 0.01 0.01
0 0.462339 0.342459 0.01 0.01
0 0.464324 0.280106 0.01 0.01
0 0.484839 0.296577 0.01 0.01
0 0.498074 0.324812 0.01 0.01
0 0.523221 0.350694 0.01 0.01
0 0.527854 0.320106 0.01 0.01
0 0.545722 0.328342 0.01 0.01
0 0.598663 0.264812 0.01 0.01
0 0.614545 0.248342 0.01 0.01
0 0.552339 0.389518 0.01 0.01
0 0.581457 0.442459 0.01 0.01
0 0.599986 0.460106 0.01 0.01
0 0.609913 0.429518 0.01 0.01
0 0.625133 0.413047 0.01 0.01
0 0.658222 0.391871 0.01 0.01
0 0.675427 0.344812 0.01 0.01
0 0.693957 0.323636 0.01 0.01
0 0.670795 0.437753 0.01 0.01
0 0.720427 0.428342 0.01 0.01
0 0.748222 0.453047 0.01 0.01
0 0.747560 0.515400 0.01 0.01
0 0.646310 0.496577 0.01 0.01
0 0.603957 0.537753 0.01 0.01
0 0.599324 0.571871 0.01 0.01
0 0.573516 0.510694 0.01 0.01
0 0.571530 0.623636 0.01 0.01
0 0.696604 0.635400 0.01 0.01
0 0.689324 0.693047 0.01 0.01
0 0.707854 0.703636 0.01 0.01
0 0.736310 0.636577 0.01 0.01
0 0.754177 0.571871 0.01 0.01
0 0.809104 0.558930 0.01 0.01
0 0.803148 0.530694 0.01 0.01
0 0.813074 0.524812 0.01 0.01
0 0.851457 0.405989 0.01 0.01
0 0.851457 0.481283 0.01 0.01
0 0.830942 0.581283 0.01 0.01
0 0.852780 0.623636 0.01 0.01
0 0.822339 0.696577 0.01 0.01
0 0.819692 0.734224 0.01 0.01
0 0.825648 0.780106 0.01 0.01
0 0.820354 0.788342 0.01 0.01
0 0.815722 0.804812 0.01 0.01
0 0.802486 0.775400 0.01 0.01
0 0.754177 0.733047 0.01 0.01
0 0.807780 0.840106 0.01 0.01
0 0.841530 0.868342 0.01 0.01
0 0.775354 0.908341 0.01 0.01
0 0.769398 0.856577 0.01 0.01
0 0.751530 0.871871 0.01 0.01
0 0.724398 0.861283 0.01 0.01
0 0.719766 0.796577 0.01 0.01
0 0.689986 0.865989 0.01 0.01
0 0.647633 0.851871 0.01 0.01
0 0.635060 0.838930 0.01 0.01
0 0.621163 0.863636 0.01 0.01
