0 0.787927 0.056577 0.01 0.01
0 0.768736 0.201283 0.01 0.01
0 0.718442 0.200106 0.01 0.01
0 0.643663 0.253047 0.01 0.01
0 0.474913 0.036577 0.01 0.01
0 0.619177 0.342459 0.01 0.01
0 0.678736 0.341283 0.01 0.01
0 0.840207 0.390694 0.01 0.01
0 0.864692 0.307165 0.01 0.01
0 0.864692 0.584812 0.01 0.01
0 0.709839 0.610694 0.01 0.01
0 0.670133 0.450694 0.01 0.01
0 0.535133 0.470694 0.01 0.01
0 0.476236 0.675400 0.01 0.01
0 0.801824 0.933047 0.01 0.01
0 0.860060 0.858930 0.01 0.01
0 0.871971 0.801283 0.01 0.01
0 0.707192 0.843636 0.01 0.01
0 0.615869 0.850694 0.01 0.01
0 0.547045 0.808341 0.01 0.01
0 0.441824 0.804812 0.01 0.01
0 0.445795 0.940106 0.01 0.01
0 0.438516 0.757753 0.01 0.01
0 0.398810 0.731871 0.01 0.01
0 0.394839 0.516577 0.01 0.01
0 0.372339 0.461283 0.01 0.01
0 0.228736 0.617753 0.01 0.01
0 0.294913 0.243636 0.01 0.01
0 0.266457 0.222459 0.01 0.01
