0 0.786719 0.020833 0.01 0.01
0 0.795313 0.111111 0.01 0.01
0 0.825781 0.161111 0.01 0.01
0 0.850781 0.100000 0.01 0.01
0 0.864062 0.156944 0.01 0.01
0 0.838281 0.297222 0.01 0.01
0 0.759375 0.345833 0.01 0.01
0 0.692187 0.250000 0.01 0.01
0 0.642187 0.083333 0.01 0.01
0 0.592969 0.206944 0.01 0.01
0 0.434375 0.268056 0.01 0.01
0 0.404687 0.315278 0.01 0.01
0 0.293750 0.181944 0.01 0.01
0 0.129688 0.080556 0.01 0.01
0 0.815625 0.452778 0.01 0.01
0 0.857813 0.554167 0.01 0.01
0 0.859375 0.812500 0.01 0.01
0 0.710156 0.469444 0.01 0.01
0 0.623438 0.604167 0.01 0.01
0 0.491406 0.633333 0.01 0.01
0 0.461719 0.650000 0.01 0.01
0 0.349219 0.537500 0.01 0.01
0 0.217969 0.877778 0.01 0.01
0 0.239063 0.744444 0.01 0.01
0 0.374219 0.740278 0.01 0.01
0 0.508594 0.809722 0.01 0.01
0 0.559375 0.929167 0.01 0.01
0 0.586719 0.936111 0.01 0.01
0 0.806250 0.841667 0.01 0.01
0 0.858594 0.858333 0.01 0.01
