0 0.152633 0.877753 0.01 0.01
0 0.163222 0.847165 0.01 0.01
0 0.127486 0.690694 0.01 0.01
0 0.157266 0.727165 0.01 0.01
0 0.173810 0.747165 0.01 0.01
0 0.177780 0.758930 0.01 0.01
0 0.172486 0.774224 0.01 0.01
0 0.178442 0.788342 0.01 0.01
0 0.185060 0.787165 0.01 0.01
0 0.181089 0.722459 0.01 0.01
0 0.192339 0.704812 0.01 0.01
0 0.178442 0.667165 0.01 0.01
0 0.193663 0.697753 0.01 0.01
0 0.177119 0.649518 0.01 0.01
0 0.177780 0.627165 0.01 0.01
0 0.228736 0.705989 0.01 0.01
0 0.238001 0.695400 0.01 0.01
0 0.259839 0.698930 0.01 0.01
0 0.243295 0.734224 0.01 0.01
0 0.233369 0.751871 0.01 0.01
0 0.213516 0.762459 0.01 0.01
0 0.191677 0.807165 0.01 0.01
0 0.194986 0.813047 0.01 0.01
0 0.189030 0.822459 0.01 0.01
0 0.209545 0.811871 0.01 0.01
0 0.215501 0.851871 0.01 0.01
0 0.243295 0.825989 0.01 0.01
0 0.269766 0.829518 0.01 0.01
0 0.279030 0.829518 0.01 0.01
0 0.275060 0.845989 0.01 0.01
0 0.325354 0.687165 0.01 0.01
0 0.327339 0.796577 0.01 0.01
0 0.356457 0.811871 0.01 0.01
0 0.386236 0.807165 0.01 0.01
0 0.198295 0.581283 0.01 0.01
0 0.191016 0.561283 0.01 0.01
0 0.168516 0.553047 0.01 0.01
0 0.176457 0.525989 0.01 0.01
0 0.184398 0.507165 0.01 0.01
0 0.181751 0.461283 0.01 0.01
0 0.163883 0.411871 0.01 0.01
0 0.183736 0.371871 0.01 0.01
0 0.132119 0.415400 0.01 0.01
0 0.168516 0.314224 0.01 0.01
0 0.178442 0.293047 0.01 0.01
0 0.180427 0.282459 0.01 0.01
0 0.169177 0.277753 0.01 0.01
0 0.176457 0.267165 0.01 0.01
0 0.181751 0.254224 0.01 0.01
0 0.177119 0.231871 0.01 0.01
0 0.198957 0.260106 0.01 0.01
0 0.237339 0.241283 0.01 0.01
0 0.194986 0.323636 0.01 0.01
0 0.238663 0.361283 0.01 0.01
0 0.261824 0.304812 0.01 0.01
0 0.226089 0.411871 0.01 0.01
0 0.262486 0.400106 0.01 0.01
0 0.243957 0.483636 0.01 0.01
0 0.235354 0.551871 0.01 0.01
0 0.263810 0.590694 0.01 0.01
0 0.277045 0.614224 0.01 0.01
0 0.283001 0.640106 0.01 0.01
0 0.273736 0.657753 0.01 0.01
0 0.191016 0.143636 0.01 0.01
0 0.192339 0.134224 0.01 0.01
0 0.191016 0.133047 0.01 0.01
0 0.206236 0.135400 0.01 0.01
0 0.200280 0.123636 0.01 0.01
0 0.212854 0.108342 0.01 0.01
0 0.173148 0.114224 0.01 0.01
0 0.177780 0.105989 0.01 0.01
0 0.184398 0.096577 0.01 0.01
0 0.189692 0.096577 0.01 0.01
0 0.187707 0.076577 0.01 0.01
0 0.185722 0.055400 0.01 0.01
0 0.171163 0.073047 0.01 0.01
0 0.149986 0.071871 0.01 0.01
0 0.150648 0.082459 0.01 0.01
0 0.138736 0.082459 0.01 0.01
0 0.209545 0.075400 0.01 0.01
0 0.204251 0.069518 0.01 0.01
0 0.224104 0.043636 0.01 0.01
0 0.231383 0.044812 0.01 0.01
0 0.232045 0.061283 0.01 0.01
0 0.237339 0.060106 0.01 0.01
0 0.246604 0.050694 0.01 0.01
0 0.248589 0.071871 0.01 0.01
0 0.256530 0.060106 0.01 0.01
0 0.268442 0.061283 0.01 0.01
0 0.319398 0.065989 0.01 0.01
0 0.328001 0.049518 0.01 0.01
0 0.354472 0.051871 0.01 0.01
0 0.344545 0.083636 0.01 0.01
0 0.393516 0.054224 0.01 0.01
0 0.401457 0.047165 0.01 0.01
0 0.423295 0.038930 0.01 0.01
0 0.434545 0.061283 0.01 0.01
0 0.443148 0.049518 0.01 0.01
0 0.472266 0.063636 0.01 0.01
0 0.494104 0.062459 0.01 0.01
0 0.504692 0.045989 0.01 0.01
0 0.468295 0.040106 0.01 0.01
0 0.441824 0.084812 0.01 0.01
0 0.466971 0.133047 0.01 0.01
0 0.486824 0.165989 0.01 0.01
0 0.525207 0.160106 0.01 0.01
0 0.544398 0.148342 0.01 0.01
0 0.522560 0.068342 0.01 0.01
0 0.304839 0.529518 0.01 0.01
0 0.337266 0.600106 0.01 0.01
0 0.365722 0.561283 0.01 0.01
0 0.396163 0.509518 0.01 0.01
0 0.416016 0.525989 0.01 0.01
0 0.421971 0.534224 0.01 0.01
0 0.414030 0.575400 0.01 0.01
0 0.404766 0.649518 0.01 0.01
0 0.386236 0.468341 0.01 0.01
0 0.416016 0.431871 0.01 0.01
0 0.376972 0.375400 0.01 0.01
0 0.308810 0.340106 0.01 0.01
0 0.290942 0.227165 0.01 0.01
0 0.323369 0.176577 0.01 0.01
0 0.380942 0.195400 0.01 0.01
0 0.423295 0.263636 0.01 0.01
0 0.459692 0.273047 0.01 0.01
0 0.494766 0.245989 0.01 0.01
0 0.515280 0.241283 0.01 0.01
0 0.516604 0.269518 0.01 0.01
0 0.506677 0.307165 0.01 0.01
0 0.564251 0.337753 0.01 0.01
0 0.570207 0.301283 0.01 0.01
0 0.580133 0.228342 0.01 0.01
0 0.575501 0.134224 0.01 0.01
0 0.599986 0.117753 0.01 0.01
0 0.568883 0.084812 0.01 0.01
0 0.574177 0.058930 0.01 0.01
0 0.609251 0.051871 0.01 0.01
0 0.627119 0.041283 0.01 0.01
0 0.635060 0.047165 0.01 0.01
0 0.633074 0.076577 0.01 0.01
0 0.641677 0.084812 0.01 0.01
0 0.639692 0.102459 0.01 0.01
0 0.678074 0.122459 0.01 0.01
0 0.683369 0.117753 0.01 0.01
0 0.668810 0.047165 0.01 0.01
0 0.689324 0.054224 0.01 0.01
0 0.698589 0.056577 0.01 0.01
0 0.707192 0.071871 0.01 0.01
0 0.710501 0.049518 0.01 0.01
0 0.727707 0.047165 0.01 0.01
0 0.741604 0.058930 0.01 0.01
0 0.749545 0.051871 0.01 0.01
0 0.760133 0.054224 0.01 0.01
0 0.762780 0.061283 0.01 0.01
0 0.767413 0.076577 0.01 0.01
0 0.788589 0.065989 0.01 0.01
0 0.800501 0.050694 0.01 0.01
0 0.799839 0.078930 0.01 0.01
0 0.805133 0.093047 0.01 0.01
0 0.808442 0.102459 0.01 0.01
0 0.812413 0.107165 0.01 0.01
0 0.807780 0.124812 0.01 0.01
0 0.820354 0.144812 0.01 0.01
0 0.818369 0.163636 0.01 0.01
0 0.803148 0.167165 0.01 0.01
0 0.812413 0.198930 0.01 0.01
0 0.750869 0.130694 0.01 0.01
0 0.760133 0.224812 0.01 0.01
0 0.709839 0.235400 0.01 0.01
0 0.809766 0.282459 0.01 0.01
0 0.817707 0.325989 0.01 0.01
0 0.753516 0.403636 0.01 0.01
0 0.656236 0.385989 0.01 0.01
0 0.648295 0.365989 0.01 0.01
0 0.625795 0.385989 0.01 0.01
0 0.669472 0.303636 0.01 0.01
0 0.794545 0.490694 0.01 0.01
0 0.807780 0.507165 0.01 0.01
0 0.819030 0.510694 0.01 0.01
0 0.828295 0.453047 0.01 0.01
0 0.845501 0.453047 0.01 0.01
0 0.817045 0.525989 0.01 0.01
0 0.809766 0.555400 0.01 0.01
0 0.850133 0.607165 0.01 0.01
0 0.844839 0.671871 0.01 0.01
0 0.820354 0.663636 0.01 0.01
0 0.815722 0.703636 0.01 0.01
0 0.815722 0.731871 0.01 0.01
0 0.822339 0.725989 0.01 0.01
0 0.816383 0.773047 0.01 0.01
0 0.823001 0.773047 0.01 0.01
0 0.833589 0.809518 0.01 0.01
0 0.827633 0.840106 0.01 0.01
0 0.797854 0.827165 0.01 0.01
0 0.802486 0.809518 0.01 0.01
0 0.801163 0.778930 0.01 0.01
0 0.764766 0.834224 0.01 0.01
0 0.744913 0.838930 0.01 0.01
0 0.715795 0.802459 0.01 0.01
0 0.719766 0.838930 0.01 0.01
0 0.692633 0.837753 0.01 0.01
0 0.672780 0.837753 0.01 0.01
0 0.663516 0.873047 0.01 0.01
0 0.747560 0.710694 0.01 0.01
0 0.750869 0.680106 0.01 0.01
0 0.713810 0.598930 0.01 0.01
0 0.687339 0.675400 0.01 0.01
0 0.691971 0.491871 0.01 0.01
0 0.663516 0.482459 0.01 0.01
0 0.644324 0.475400 0.01 0.01
0 0.639692 0.461283 0.01 0.01
0 0.594692 0.448341 0.01 0.01
0 0.548369 0.417753 0.01 0.01
0 0.463663 0.384812 0.01 0.01
0 0.447780 0.358930 0.01 0.01
0 0.476236 0.497753 0.01 0.01
0 0.478222 0.533047 0.01 0.01
0 0.533810 0.505989 0.01 0.01
0 0.503369 0.605989 0.01 0.01
0 0.488810 0.645989 0.01 0.01
0 0.458369 0.584812 0.01 0.01
0 0.447119 0.663636 0.01 0.01
0 0.455060 0.693047 0.01 0.01
0 0.452413 0.740106 0.01 0.01
0 0.444472 0.775400 0.01 0.01
0 0.441163 0.830694 0.01 0.01
0 0.449766 0.828341 0.01 0.01
0 0.458369 0.825989 0.01 0.01
0 0.480207 0.829518 0.01 0.01
0 0.492119 0.805989 0.01 0.01
0 0.504030 0.856577 0.01 0.01
0 0.542413 0.860106 0.01 0.01
0 0.574177 0.831871 0.01 0.01
0 0.610574 0.820106 0.01 0.01
0 0.549030 0.777753 0.01 0.01
0 0.551677 0.721283 0.01 0.01
0 0.573516 0.749518 0.01 0.01
0 0.565574 0.675400 0.01 0.01
0 0.553663 0.641283 0.01 0.01
0 0.564251 0.593047 0.01 0.01
0 0.590721 0.590694 0.01 0.01
0 0.611236 0.709518 0.01 0.01
0 0.633074 0.742459 0.01 0.01
