0 0.275000 0.265278 0.01 0.01
0 0.300000 0.202778 0.01 0.01
0 0.514844 0.413889 0.01 0.01
0 0.620313 0.358333 0.01 0.01
0 0.646094 0.256944 0.01 0.01
0 0.774219 0.200000 0.01 0.01
0 0.789062 0.062500 0.01 0.01
0 0.865625 0.273611 0.01 0.01
0 0.841406 0.386111 0.01 0.01
0 0.735156 0.200000 0.01 0.01
0 0.681250 0.372222 0.01 0.01
0 0.669531 0.452778 0.01 0.01
0 0.711719 0.593056 0.01 0.01
0 0.864844 0.587500 0.01 0.01
0 0.371875 0.455556 0.01 0.01
0 0.390625 0.526389 0.01 0.01
0 0.229687 0.622222 0.01 0.01
0 0.401563 0.734722 0.01 0.01
0 0.435156 0.777778 0.01 0.01
0 0.448438 0.822222 0.01 0.01
0 0.478906 0.681944 0.01 0.01
0 0.545313 0.806944 0.01 0.01
0 0.710938 0.855556 0.01 0.01
0 0.598437 0.858333 0.01 0.01
0 0.804688 0.936111 0.01 0.01
0 0.861719 0.863889 0.01 0.01
0 0.869531 0.752778 0.01 0.01
