0 0.883883 0.408342 0.01 0.01
0 0.882560 0.373047 0.01 0.01
0 0.833589 0.358930 0.01 0.01
0 0.846163 0.321283 0.01 0.01
0 0.850795 0.308342 0.01 0.01
0 0.846163 0.243636 0.01 0.01
0 0.846163 0.229518 0.01 0.01
0 0.851457 0.227165 0.01 0.01
0 0.864692 0.156577 0.01 0.01
0 0.854766 0.108342 0.01 0.01
0 0.834251 0.113047 0.01 0.01
0 0.836898 0.138930 0.01 0.01
0 0.830280 0.129518 0.01 0.01
0 0.825648 0.120106 0.01 0.01
0 0.812413 0.104812 0.01 0.01
0 0.796530 0.097753 0.01 0.01
0 0.790574 0.096577 0.01 0.01
0 0.789913 0.117753 0.01 0.01
0 0.778001 0.090694 0.01 0.01
0 0.770722 0.169518 0.01 0.01
0 0.795869 0.229518 0.01 0.01
0 0.760133 0.227165 0.01 0.01
0 0.733663 0.143636 0.01 0.01
0 0.734324 0.096577 0.01 0.01
0 0.746898 0.090694 0.01 0.01
0 0.748222 0.068342 0.01 0.01
0 0.719766 0.085989 0.01 0.01
0 0.710501 0.068342 0.01 0.01
0 0.704545 0.143636 0.01 0.01
0 0.699251 0.154224 0.01 0.01
0 0.702560 0.195400 0.01 0.01
0 0.659545 0.227165 0.01 0.01
0 0.662854 0.129518 0.01 0.01
0 0.668148 0.091871 0.01 0.01
0 0.639692 0.093047 0.01 0.01
0 0.628442 0.104812 0.01 0.01
0 0.627119 0.094224 0.01 0.01
0 0.631089 0.277753 0.01 0.01
0 0.607927 0.250694 0.01 0.01
0 0.572854 0.169518 0.01 0.01
0 0.547707 0.164812 0.01 0.01
0 0.519251 0.203636 0.01 0.01
0 0.481530 0.183636 0.01 0.01
0 0.506677 0.137753 0.01 0.01
0 0.521898 0.098930 0.01 0.01
0 0.529177 0.094224 0.01 0.01
0 0.531163 0.062459 0.01 0.01
0 0.560280 0.098930 0.01 0.01
0 0.565574 0.100106 0.01 0.01
0 0.572854 0.093047 0.01 0.01
0 0.515942 0.071871 0.01 0.01
0 0.503369 0.078930 0.01 0.01
0 0.494766 0.100106 0.01 0.01
0 0.488810 0.093047 0.01 0.01
0 0.474913 0.098930 0.01 0.01
0 0.424619 0.102459 0.01 0.01
0 0.427927 0.088342 0.01 0.01
0 0.383589 0.103636 0.01 0.01
0 0.361089 0.137753 0.01 0.01
0 0.354472 0.149518 0.01 0.01
0 0.345207 0.157753 0.01 0.01
0 0.350501 0.131871 0.01 0.01
0 0.349839 0.117753 0.01 0.01
0 0.351824 0.105989 0.01 0.01
0 0.333957 0.101283 0.01 0.01
0 0.337266 0.093047 0.01 0.01
0 0.322707 0.090694 0.01 0.01
0 0.306163 0.101283 0.01 0.01
0 0.304177 0.115400 0.01 0.01
0 0.296898 0.096577 0.01 0.01
0 0.275060 0.104812 0.01 0.01
0 0.279030 0.097753 0.01 0.01
0 0.267119 0.062459 0.01 0.01
0 0.253883 0.089518 0.01 0.01
0 0.250574 0.101283 0.01 0.01
0 0.230722 0.116577 0.01 0.01
0 0.217486 0.074224 0.01 0.01
0 0.212854 0.058930 0.01 0.01
0 0.196310 0.071871 0.01 0.01
0 0.197633 0.093047 0.01 0.01
0 0.209545 0.141283 0.01 0.01
0 0.215501 0.143636 0.01 0.01
0 0.206236 0.156577 0.01 0.01
0 0.203589 0.169518 0.01 0.01
0 0.226751 0.153047 0.01 0.01
0 0.232045 0.181283 0.01 0.01
0 0.254545 0.150694 0.01 0.01
0 0.265133 0.171871 0.01 0.01
0 0.222119 0.258930 0.01 0.01
0 0.222780 0.307165 0.01 0.01
0 0.206898 0.313047 0.01 0.01
0 0.202266 0.303636 0.01 0.01
0 0.198295 0.323636 0.01 0.01
0 0.192339 0.313047 0.01 0.01
0 0.183736 0.287165 0.01 0.01
0 0.234692 0.358930 0.01 0.01
0 0.202927 0.380106 0.01 0.01
0 0.206898 0.410694 0.01 0.01
0 0.245942 0.433047 0.01 0.01
0 0.259839 0.376577 0.01 0.01
0 0.308810 0.302459 0.01 0.01
0 0.378295 0.218930 0.01 0.01
0 0.253222 0.480106 0.01 0.01
0 0.229398 0.530694 0.01 0.01
0 0.220795 0.514224 0.01 0.01
0 0.201604 0.533047 0.01 0.01
0 0.204251 0.507165 0.01 0.01
0 0.202266 0.469518 0.01 0.01
0 0.209545 0.443636 0.01 0.01
0 0.224766 0.593047 0.01 0.01
0 0.218810 0.574224 0.01 0.01
0 0.208883 0.560106 0.01 0.01
0 0.204251 0.571871 0.01 0.01
0 0.206236 0.588342 0.01 0.01
0 0.177780 0.602459 0.01 0.01
0 0.162560 0.607165 0.01 0.01
0 0.204913 0.665989 0.01 0.01
0 0.206236 0.681283 0.01 0.01
0 0.204251 0.695400 0.01 0.01
0 0.203589 0.716577 0.01 0.01
0 0.238663 0.677753 0.01 0.01
0 0.222780 0.749518 0.01 0.01
0 0.204251 0.773047 0.01 0.01
0 0.200942 0.811871 0.01 0.01
0 0.185722 0.890694 0.01 0.01
0 0.228736 0.868342 0.01 0.01
0 0.218810 0.854224 0.01 0.01
0 0.216163 0.857753 0.01 0.01
0 0.214177 0.842459 0.01 0.01
0 0.212192 0.813047 0.01 0.01
0 0.234030 0.830694 0.01 0.01
0 0.242633 0.815400 0.01 0.01
0 0.243295 0.760106 0.01 0.01
0 0.263148 0.757753 0.01 0.01
0 0.268442 0.753047 0.01 0.01
0 0.270427 0.737753 0.01 0.01
0 0.257854 0.797753 0.01 0.01
0 0.263148 0.829518 0.01 0.01
0 0.254545 0.910694 0.01 0.01
0 0.285648 0.947165 0.01 0.01
0 0.272413 0.881283 0.01 0.01
0 0.287633 0.898930 0.01 0.01
0 0.292927 0.885989 0.01 0.01
0 0.291604 0.856577 0.01 0.01
0 0.312780 0.887165 0.01 0.01
0 0.332633 0.898930 0.01 0.01
0 0.400133 0.790694 0.01 0.01
0 0.392192 0.737753 0.01 0.01
0 0.331971 0.700106 0.01 0.01
0 0.286972 0.663636 0.01 0.01
0 0.264472 0.602459 0.01 0.01
0 0.313442 0.678930 0.01 0.01
0 0.345869 0.669518 0.01 0.01
0 0.331310 0.607165 0.01 0.01
0 0.341236 0.587165 0.01 0.01
0 0.333295 0.510694 0.01 0.01
0 0.322707 0.505989 0.01 0.01
0 0.331310 0.477753 0.01 0.01
0 0.408074 0.461283 0.01 0.01
0 0.443148 0.329518 0.01 0.01
0 0.450427 0.324812 0.01 0.01
0 0.486163 0.343636 0.01 0.01
0 0.505354 0.365989 0.01 0.01
0 0.511310 0.308342 0.01 0.01
0 0.558295 0.322459 0.01 0.01
0 0.555648 0.356577 0.01 0.01
0 0.550354 0.381283 0.01 0.01
0 0.571530 0.402459 0.01 0.01
0 0.574839 0.425989 0.01 0.01
0 0.530501 0.433047 0.01 0.01
0 0.491457 0.430694 0.01 0.01
0 0.457707 0.408342 0.01 0.01
0 0.450427 0.465989 0.01 0.01
0 0.409398 0.542459 0.01 0.01
0 0.404104 0.590694 0.01 0.01
0 0.415354 0.614224 0.01 0.01
0 0.478222 0.649518 0.01 0.01
0 0.470942 0.635400 0.01 0.01
0 0.494104 0.635400 0.01 0.01
0 0.521236 0.670694 0.01 0.01
0 0.525869 0.635400 0.01 0.01
0 0.506677 0.585989 0.01 0.01
0 0.508001 0.556577 0.01 0.01
0 0.521898 0.551871 0.01 0.01
0 0.524545 0.542459 0.01 0.01
0 0.557633 0.510694 0.01 0.01
0 0.580133 0.555400 0.01 0.01
0 0.628442 0.561283 0.01 0.01
0 0.623148 0.513047 0.01 0.01
0 0.641016 0.433047 0.01 0.01
0 0.652927 0.435400 0.01 0.01
0 0.685354 0.436577 0.01 0.01
0 0.691971 0.433047 0.01 0.01
0 0.688001 0.413047 0.01 0.01
0 0.703221 0.363636 0.01 0.01
0 0.666824 0.580106 0.01 0.01
0 0.676751 0.509518 0.01 0.01
0 0.647633 0.630694 0.01 0.01
0 0.748883 0.560106 0.01 0.01
0 0.725060 0.664812 0.01 0.01
0 0.596016 0.642459 0.01 0.01
0 0.584104 0.682459 0.01 0.01
0 0.598001 0.734224 0.01 0.01
0 0.537780 0.733047 0.01 0.01
0 0.490133 0.705989 0.01 0.01
0 0.572192 0.789518 0.01 0.01
0 0.526530 0.808341 0.01 0.01
0 0.510648 0.836577 0.01 0.01
0 0.501383 0.820106 0.01 0.01
0 0.484177 0.861283 0.01 0.01
0 0.451751 0.893047 0.01 0.01
0 0.442486 0.893047 0.01 0.01
0 0.423295 0.823636 0.01 0.01
0 0.596677 0.885989 0.01 0.01
0 0.614545 0.930694 0.01 0.01
0 0.610574 0.896577 0.01 0.01
0 0.610574 0.854224 0.01 0.01
0 0.654251 0.891871 0.01 0.01
0 0.676751 0.884812 0.01 0.01
0 0.683369 0.889518 0.01 0.01
0 0.679398 0.836577 0.01 0.01
0 0.715795 0.891871 0.01 0.01
0 0.750207 0.883636 0.01 0.01
0 0.750207 0.825989 0.01 0.01
0 0.748883 0.744812 0.01 0.01
0 0.723736 0.724812 0.01 0.01
0 0.766751 0.661283 0.01 0.01
0 0.784619 0.622459 0.01 0.01
0 0.788589 0.524812 0.01 0.01
0 0.842192 0.549518 0.01 0.01
0 0.836898 0.564812 0.01 0.01
0 0.860060 0.669518 0.01 0.01
0 0.884545 0.654224 0.01 0.01
0 0.852780 0.698930 0.01 0.01
0 0.852119 0.762459 0.01 0.01
0 0.848148 0.813047 0.01 0.01
0 0.852119 0.825989 0.01 0.01
0 0.870648 0.813047 0.01 0.01
0 0.844839 0.851871 0.01 0.01
0 0.836898 0.850694 0.01 0.01
0 0.827633 0.881283 0.01 0.01
0 0.801824 0.881283 0.01 0.01
0 0.798516 0.890694 0.01 0.01
0 0.838883 0.930694 0.01 0.01
0 0.873957 0.910694 0.01 0.01
0 0.796530 0.781283 0.01 0.01
