0 0.786604 0.070694 0.01 0.01
0 0.780648 0.133047 0.01 0.01
0 0.791898 0.200106 0.01 0.01
0 0.850795 0.173047 0.01 0.01
0 0.825648 0.280106 0.01 0.01
0 0.692633 0.229518 0.01 0.01
0 0.628442 0.088342 0.01 0.01
0 0.570869 0.071871 0.01 0.01
0 0.605942 0.160106 0.01 0.01
0 0.490133 0.125989 0.01 0.01
0 0.324692 0.041283 0.01 0.01
0 0.286972 0.185989 0.01 0.01
0 0.389545 0.383636 0.01 0.01
0 0.370354 0.542459 0.01 0.01
0 0.425280 0.551871 0.01 0.01
0 0.384913 0.736577 0.01 0.01
0 0.207560 0.667165 0.01 0.01
0 0.469619 0.700106 0.01 0.01
0 0.478222 0.900106 0.01 0.01
0 0.486163 0.953047 0.01 0.01
0 0.542413 0.825989 0.01 0.01
0 0.632413 0.551871 0.01 0.01
0 0.724398 0.491871 0.01 0.01
0 0.719766 0.451871 0.01 0.01
0 0.846824 0.560106 0.01 0.01
0 0.869986 0.583636 0.01 0.01
0 0.852780 0.678930 0.01 0.01
0 0.847486 0.820106 0.01 0.01
0 0.838222 0.867165 0.01 0.01
0 0.767413 0.838930 0.01 0.01
