0 0.786719 0.059722 0.01 0.01
0 0.767187 0.206944 0.01 0.01
0 0.862500 0.309722 0.01 0.01
0 0.839844 0.394444 0.01 0.01
0 0.678125 0.343056 0.01 0.01
0 0.644531 0.259722 0.01 0.01
0 0.619531 0.338889 0.01 0.01
0 0.667969 0.454167 0.01 0.01
0 0.712500 0.194444 0.01 0.01
0 0.863281 0.590278 0.01 0.01
0 0.710156 0.626389 0.01 0.01
0 0.550000 0.491667 0.01 0.01
0 0.869531 0.826389 0.01 0.01
0 0.858594 0.859722 0.01 0.01
0 0.802344 0.934722 0.01 0.01
0 0.705469 0.847222 0.01 0.01
0 0.627344 0.856944 0.01 0.01
0 0.546875 0.812500 0.01 0.01
0 0.446875 0.940278 0.01 0.01
0 0.443750 0.809722 0.01 0.01
0 0.444531 0.741667 0.01 0.01
0 0.477344 0.677778 0.01 0.01
0 0.399219 0.727778 0.01 0.01
0 0.226562 0.619444 0.01 0.01
0 0.399219 0.509722 0.01 0.01
0 0.373437 0.472222 0.01 0.01
0 0.295312 0.280556 0.01 0.01
0 0.266406 0.193056 0.01 0.01
0 0.475781 0.041667 0.01 0.01
