0 0.797656 0.834722 0.01 0.01
0 0.850781 0.858333 0.01 0.01
0 0.857031 0.806944 0.01 0.01
0 0.582812 0.931944 0.01 0.01
0 0.558594 0.904167 0.01 0.01
0 0.510156 0.815278 0.01 0.01
0 0.243750 0.883333 0.01 0.01
0 0.232812 0.733333 0.01 0.01
0 0.376563 0.733333 0.01 0.01
0 0.437500 0.661111 0.01 0.01
0 0.477344 0.691667 0.01 0.01
0 0.350000 0.541667 0.01 0.01
0 0.133594 0.072222 0.01 0.01
0 0.293750 0.176389 0.01 0.01
0 0.408594 0.326389 0.01 0.01
0 0.454688 0.315278 0.01 0.01
0 0.617188 0.575000 0.01 0.01
0 0.857813 0.552778 0.01 0.01
0 0.879687 0.586111 0.01 0.01
0 0.814062 0.469444 0.01 0.01
0 0.752344 0.384722 0.01 0.01
0 0.719531 0.441667 0.01 0.01
0 0.832812 0.261111 0.01 0.01
0 0.859375 0.162500 0.01 0.01
0 0.853906 0.112500 0.01 0.01
0 0.799219 0.080556 0.01 0.01
0 0.782031 0.027778 0.01 0.01
0 0.800781 0.169444 0.01 0.01
0 0.703906 0.177778 0.01 0.01
0 0.643750 0.083333 0.01 0.01
