0 0.283594 0.283333 0.01 0.01
0 0.316406 0.172222 0.01 0.01
0 0.482812 0.050000 0.01 0.01
0 0.509375 0.362500 0.01 0.01
0 0.775781 0.198611 0.01 0.01
0 0.787500 0.066667 0.01 0.01
0 0.864062 0.261111 0.01 0.01
0 0.838281 0.394444 0.01 0.01
0 0.686719 0.408333 0.01 0.01
0 0.653906 0.255556 0.01 0.01
0 0.621094 0.141667 0.01 0.01
0 0.669531 0.468056 0.01 0.01
0 0.705469 0.586111 0.01 0.01
0 0.862500 0.588889 0.01 0.01
0 0.376563 0.448611 0.01 0.01
0 0.390625 0.536111 0.01 0.01
0 0.234375 0.638889 0.01 0.01
0 0.448438 0.826389 0.01 0.01
0 0.432031 0.800000 0.01 0.01
0 0.407813 0.745833 0.01 0.01
0 0.478125 0.686111 0.01 0.01
0 0.546094 0.812500 0.01 0.01
0 0.801562 0.940278 0.01 0.01
0 0.718750 0.861111 0.01 0.01
0 0.858594 0.869444 0.01 0.01
0 0.866406 0.720833 0.01 0.01
