0 0.803810 0.193047 0.01 0.01
0 0.809104 0.182459 0.01 0.01
0 0.817045 0.153047 0.01 0.01
0 0.806457 0.160106 0.01 0.01
0 0.808442 0.138930 0.01 0.01
0 0.809104 0.124812 0.01 0.01
0 0.812413 0.121283 0.01 0.01
0 0.804471 0.104812 0.01 0.01
0 0.792560 0.078930 0.01 0.01
0 0.791236 0.063636 0.01 0.01
0 0.767413 0.091871 0.01 0.01
0 0.763442 0.071871 0.01 0.01
0 0.756824 0.069518 0.01 0.01
0 0.748222 0.071871 0.01 0.01
0 0.737633 0.070694 0.01 0.01
0 0.725060 0.065989 0.01 0.01
0 0.711824 0.049518 0.01 0.01
0 0.709177 0.068342 0.01 0.01
0 0.704545 0.083636 0.01 0.01
0 0.703221 0.070694 0.01 0.01
0 0.689986 0.070694 0.01 0.01
0 0.679398 0.068342 0.01 0.01
0 0.668148 0.055400 0.01 0.01
0 0.682045 0.129518 0.01 0.01
0 0.650942 0.164812 0.01 0.01
0 0.728369 0.229518 0.01 0.01
0 0.762780 0.216577 0.01 0.01
0 0.754177 0.161283 0.01 0.01
0 0.809104 0.294224 0.01 0.01
0 0.817707 0.305989 0.01 0.01
0 0.823001 0.461283 0.01 0.01
0 0.815722 0.465989 0.01 0.01
0 0.846824 0.589518 0.01 0.01
0 0.844177 0.638930 0.01 0.01
0 0.811089 0.575400 0.01 0.01
0 0.799839 0.541283 0.01 0.01
0 0.807119 0.521283 0.01 0.01
0 0.797854 0.517753 0.01 0.01
0 0.759472 0.488342 0.01 0.01
0 0.820354 0.680106 0.01 0.01
0 0.821677 0.761283 0.01 0.01
0 0.816383 0.768341 0.01 0.01
0 0.820354 0.777753 0.01 0.01
0 0.806457 0.777753 0.01 0.01
0 0.799177 0.804812 0.01 0.01
0 0.800501 0.830694 0.01 0.01
0 0.831604 0.850694 0.01 0.01
0 0.833589 0.811871 0.01 0.01
0 0.795869 0.851871 0.01 0.01
0 0.764766 0.843636 0.01 0.01
0 0.746236 0.855400 0.01 0.01
0 0.714472 0.857753 0.01 0.01
0 0.689324 0.851871 0.01 0.01
0 0.660869 0.854224 0.01 0.01
0 0.715795 0.805989 0.01 0.01
0 0.748222 0.727165 0.01 0.01
0 0.740942 0.688341 0.01 0.01
0 0.688001 0.689518 0.01 0.01
0 0.703221 0.623636 0.01 0.01
0 0.658883 0.724812 0.01 0.01
0 0.639692 0.884812 0.01 0.01
0 0.586751 0.888342 0.01 0.01
0 0.574177 0.845989 0.01 0.01
0 0.614545 0.842459 0.01 0.01
0 0.542413 0.811871 0.01 0.01
0 0.543736 0.791871 0.01 0.01
0 0.572192 0.767165 0.01 0.01
0 0.609913 0.773047 0.01 0.01
0 0.563589 0.695400 0.01 0.01
0 0.553001 0.661283 0.01 0.01
0 0.564251 0.614224 0.01 0.01
0 0.592045 0.587165 0.01 0.01
0 0.598663 0.480106 0.01 0.01
0 0.627780 0.477753 0.01 0.01
0 0.641677 0.488342 0.01 0.01
0 0.666163 0.489518 0.01 0.01
0 0.707854 0.490694 0.01 0.01
0 0.625133 0.408342 0.01 0.01
0 0.650280 0.384812 0.01 0.01
0 0.668810 0.370694 0.01 0.01
0 0.697927 0.321283 0.01 0.01
0 0.627119 0.090694 0.01 0.01
0 0.625133 0.061283 0.01 0.01
0 0.605280 0.071871 0.01 0.01
0 0.586089 0.067165 0.01 0.01
0 0.576824 0.077753 0.01 0.01
0 0.570207 0.098930 0.01 0.01
0 0.600648 0.124812 0.01 0.01
0 0.564251 0.183636 0.01 0.01
0 0.584766 0.242459 0.01 0.01
0 0.539104 0.071871 0.01 0.01
0 0.500722 0.061283 0.01 0.01
0 0.466310 0.049518 0.01 0.01
0 0.452413 0.061283 0.01 0.01
0 0.434545 0.073047 0.01 0.01
0 0.418663 0.055400 0.01 0.01
0 0.404766 0.062459 0.01 0.01
0 0.389545 0.068342 0.01 0.01
0 0.365722 0.067165 0.01 0.01
0 0.365722 0.071871 0.01 0.01
0 0.376310 0.144812 0.01 0.01
0 0.469619 0.141283 0.01 0.01
0 0.468957 0.129518 0.01 0.01
0 0.472927 0.110694 0.01 0.01
0 0.482854 0.175400 0.01 0.01
0 0.520574 0.215400 0.01 0.01
0 0.527854 0.181283 0.01 0.01
0 0.515280 0.275400 0.01 0.01
0 0.490133 0.255400 0.01 0.01
0 0.515280 0.325989 0.01 0.01
0 0.535795 0.321283 0.01 0.01
0 0.563589 0.351871 0.01 0.01
0 0.566898 0.314224 0.01 0.01
0 0.546383 0.436577 0.01 0.01
0 0.538442 0.511871 0.01 0.01
0 0.459030 0.400106 0.01 0.01
0 0.434545 0.374224 0.01 0.01
0 0.447119 0.303636 0.01 0.01
0 0.424619 0.290694 0.01 0.01
0 0.481530 0.517753 0.01 0.01
0 0.474913 0.554224 0.01 0.01
0 0.509324 0.621283 0.01 0.01
0 0.483516 0.651871 0.01 0.01
0 0.456383 0.595400 0.01 0.01
0 0.462339 0.731871 0.01 0.01
0 0.453736 0.705989 0.01 0.01
0 0.477560 0.780106 0.01 0.01
0 0.486824 0.853047 0.01 0.01
0 0.486824 0.873047 0.01 0.01
0 0.444472 0.838930 0.01 0.01
0 0.434545 0.838930 0.01 0.01
0 0.441163 0.818930 0.01 0.01
0 0.440501 0.787165 0.01 0.01
0 0.430574 0.761283 0.01 0.01
0 0.376972 0.835400 0.01 0.01
0 0.361751 0.854224 0.01 0.01
0 0.360427 0.788342 0.01 0.01
0 0.304839 0.850694 0.01 0.01
0 0.275060 0.847165 0.01 0.01
0 0.265133 0.850694 0.01 0.01
0 0.241310 0.835400 0.01 0.01
0 0.211530 0.861283 0.01 0.01
0 0.173810 0.905989 0.01 0.01
0 0.157927 0.869518 0.01 0.01
0 0.181751 0.851871 0.01 0.01
0 0.187707 0.816577 0.01 0.01
0 0.195648 0.836577 0.01 0.01
0 0.208883 0.840106 0.01 0.01
0 0.207560 0.823636 0.01 0.01
0 0.209545 0.781283 0.01 0.01
0 0.228074 0.771871 0.01 0.01
0 0.239986 0.758930 0.01 0.01
0 0.273736 0.751871 0.01 0.01
0 0.236016 0.708342 0.01 0.01
0 0.227413 0.716577 0.01 0.01
0 0.176457 0.793047 0.01 0.01
0 0.169177 0.784812 0.01 0.01
0 0.171163 0.773047 0.01 0.01
0 0.177119 0.773047 0.01 0.01
0 0.171163 0.735400 0.01 0.01
0 0.176457 0.722459 0.01 0.01
0 0.166530 0.729518 0.01 0.01
0 0.128810 0.675400 0.01 0.01
0 0.171824 0.713047 0.01 0.01
0 0.185722 0.698930 0.01 0.01
0 0.177119 0.678930 0.01 0.01
0 0.174472 0.642459 0.01 0.01
0 0.166530 0.648341 0.01 0.01
0 0.259839 0.655400 0.01 0.01
0 0.273736 0.625989 0.01 0.01
0 0.265133 0.604812 0.01 0.01
0 0.235354 0.574224 0.01 0.01
0 0.210207 0.540106 0.01 0.01
0 0.190354 0.551871 0.01 0.01
0 0.173810 0.553047 0.01 0.01
0 0.177119 0.528342 0.01 0.01
0 0.179766 0.478930 0.01 0.01
0 0.198957 0.489518 0.01 0.01
0 0.208883 0.434224 0.01 0.01
0 0.274398 0.533047 0.01 0.01
0 0.304839 0.543636 0.01 0.01
0 0.307486 0.628341 0.01 0.01
0 0.316089 0.635400 0.01 0.01
0 0.339251 0.674224 0.01 0.01
0 0.413369 0.664812 0.01 0.01
0 0.366383 0.604812 0.01 0.01
0 0.374324 0.556577 0.01 0.01
0 0.392192 0.523636 0.01 0.01
0 0.396824 0.493047 0.01 0.01
0 0.406751 0.525989 0.01 0.01
0 0.431898 0.528342 0.01 0.01
0 0.421971 0.589518 0.01 0.01
0 0.369030 0.404812 0.01 0.01
0 0.263148 0.428342 0.01 0.01
0 0.236677 0.381283 0.01 0.01
0 0.246604 0.371871 0.01 0.01
0 0.280354 0.335400 0.01 0.01
0 0.177780 0.395400 0.01 0.01
0 0.163883 0.427165 0.01 0.01
0 0.184398 0.382459 0.01 0.01
0 0.177119 0.365989 0.01 0.01
0 0.132780 0.400106 0.01 0.01
0 0.163883 0.344812 0.01 0.01
0 0.178442 0.303636 0.01 0.01
0 0.173148 0.289518 0.01 0.01
0 0.179766 0.275400 0.01 0.01
0 0.176457 0.244812 0.01 0.01
0 0.194986 0.269518 0.01 0.01
0 0.210207 0.304812 0.01 0.01
0 0.243957 0.253047 0.01 0.01
0 0.206898 0.175400 0.01 0.01
0 0.209545 0.148342 0.01 0.01
0 0.202927 0.149518 0.01 0.01
0 0.189030 0.155400 0.01 0.01
0 0.177119 0.177753 0.01 0.01
0 0.180427 0.136577 0.01 0.01
0 0.182413 0.114224 0.01 0.01
0 0.136751 0.093047 0.01 0.01
0 0.149986 0.093047 0.01 0.01
0 0.171163 0.073047 0.01 0.01
0 0.183736 0.070694 0.01 0.01
0 0.189030 0.103636 0.01 0.01
0 0.192339 0.087165 0.01 0.01
0 0.200280 0.083636 0.01 0.01
0 0.217486 0.075400 0.01 0.01
0 0.226751 0.081283 0.01 0.01
0 0.225427 0.060106 0.01 0.01
0 0.233369 0.069518 0.01 0.01
0 0.237339 0.068342 0.01 0.01
0 0.248589 0.067165 0.01 0.01
0 0.257854 0.067165 0.01 0.01
0 0.252560 0.087165 0.01 0.01
0 0.257854 0.122459 0.01 0.01
0 0.320722 0.051871 0.01 0.01
0 0.317413 0.085989 0.01 0.01
0 0.339251 0.097753 0.01 0.01
0 0.342560 0.202459 0.01 0.01
0 0.295574 0.229518 0.01 0.01
