0 0.729692 0.897753 0.01 0.01
0 0.734324 0.856577 0.01 0.01
0 0.740942 0.862459 0.01 0.01
0 0.748222 0.856577 0.01 0.01
0 0.771383 0.841283 0.01 0.01
0 0.848810 0.840106 0.01 0.01
0 0.817707 0.821283 0.01 0.01
0 0.817707 0.804812 0.01 0.01
0 0.821677 0.800106 0.01 0.01
0 0.821016 0.780106 0.01 0.01
0 0.824986 0.775400 0.01 0.01
0 0.822339 0.740106 0.01 0.01
0 0.805133 0.741283 0.01 0.01
0 0.810427 0.729518 0.01 0.01
0 0.801824 0.722459 0.01 0.01
0 0.754177 0.724812 0.01 0.01
0 0.720427 0.793047 0.01 0.01
0 0.705869 0.845989 0.01 0.01
0 0.626457 0.860106 0.01 0.01
0 0.640354 0.845989 0.01 0.01
0 0.652266 0.847165 0.01 0.01
0 0.705869 0.695400 0.01 0.01
0 0.695942 0.688341 0.01 0.01
0 0.697927 0.640106 0.01 0.01
0 0.737633 0.631871 0.01 0.01
0 0.756824 0.551871 0.01 0.01
0 0.750869 0.449518 0.01 0.01
0 0.751530 0.437753 0.01 0.01
0 0.768074 0.413047 0.01 0.01
0 0.853442 0.438930 0.01 0.01
0 0.855427 0.509518 0.01 0.01
0 0.854104 0.596577 0.01 0.01
0 0.829619 0.576577 0.01 0.01
0 0.807780 0.557753 0.01 0.01
0 0.808442 0.527165 0.01 0.01
0 0.813736 0.518930 0.01 0.01
0 0.568883 0.897753 0.01 0.01
0 0.578148 0.884812 0.01 0.01
0 0.586751 0.855400 0.01 0.01
0 0.541751 0.856577 0.01 0.01
0 0.530501 0.775400 0.01 0.01
0 0.582780 0.769518 0.01 0.01
0 0.563589 0.750694 0.01 0.01
0 0.570869 0.694224 0.01 0.01
0 0.562266 0.653047 0.01 0.01
0 0.571530 0.610694 0.01 0.01
0 0.608589 0.547165 0.01 0.01
0 0.610574 0.523636 0.01 0.01
0 0.648957 0.488342 0.01 0.01
0 0.672780 0.449518 0.01 0.01
0 0.710501 0.429518 0.01 0.01
0 0.821016 0.353047 0.01 0.01
0 0.816383 0.289518 0.01 0.01
0 0.802486 0.281283 0.01 0.01
0 0.773369 0.264812 0.01 0.01
0 0.825648 0.248342 0.01 0.01
0 0.817045 0.216577 0.01 0.01
0 0.819692 0.208342 0.01 0.01
0 0.822339 0.168342 0.01 0.01
0 0.828295 0.157753 0.01 0.01
0 0.817707 0.143636 0.01 0.01
0 0.821016 0.120106 0.01 0.01
0 0.794545 0.145989 0.01 0.01
0 0.800501 0.087165 0.01 0.01
0 0.793222 0.075400 0.01 0.01
0 0.804471 0.058930 0.01 0.01
0 0.775354 0.084812 0.01 0.01
0 0.764766 0.084812 0.01 0.01
0 0.768736 0.063636 0.01 0.01
0 0.758148 0.067165 0.01 0.01
0 0.754177 0.071871 0.01 0.01
0 0.752192 0.070694 0.01 0.01
0 0.734324 0.074224 0.01 0.01
0 0.727707 0.093047 0.01 0.01
0 0.733001 0.136577 0.01 0.01
0 0.680060 0.131871 0.01 0.01
0 0.677413 0.123636 0.01 0.01
0 0.639030 0.225989 0.01 0.01
0 0.672119 0.336577 0.01 0.01
0 0.656236 0.387165 0.01 0.01
0 0.629766 0.404812 0.01 0.01
0 0.613883 0.384812 0.01 0.01
0 0.604619 0.354224 0.01 0.01
0 0.594692 0.241283 0.01 0.01
0 0.639692 0.087165 0.01 0.01
0 0.637707 0.061283 0.01 0.01
0 0.654913 0.071871 0.01 0.01
0 0.623810 0.071871 0.01 0.01
0 0.604619 0.074224 0.01 0.01
0 0.588074 0.073047 0.01 0.01
0 0.580133 0.087165 0.01 0.01
0 0.575501 0.067165 0.01 0.01
0 0.564251 0.063636 0.01 0.01
0 0.564251 0.073047 0.01 0.01
0 0.511972 0.107165 0.01 0.01
0 0.515280 0.049518 0.01 0.01
0 0.476898 0.053047 0.01 0.01
0 0.469619 0.068342 0.01 0.01
0 0.444472 0.078930 0.01 0.01
0 0.446457 0.056577 0.01 0.01
0 0.423295 0.069518 0.01 0.01
0 0.421310 0.056577 0.01 0.01
0 0.398810 0.075400 0.01 0.01
0 0.480869 0.118930 0.01 0.01
0 0.491457 0.183636 0.01 0.01
0 0.487486 0.173047 0.01 0.01
0 0.471604 0.162459 0.01 0.01
0 0.451751 0.188341 0.01 0.01
0 0.480207 0.241283 0.01 0.01
0 0.531163 0.202459 0.01 0.01
0 0.534472 0.258930 0.01 0.01
0 0.566236 0.302459 0.01 0.01
0 0.558295 0.317753 0.01 0.01
0 0.534472 0.316577 0.01 0.01
0 0.528516 0.340106 0.01 0.01
0 0.500722 0.295400 0.01 0.01
0 0.560280 0.369518 0.01 0.01
0 0.560280 0.462459 0.01 0.01
0 0.501383 0.528342 0.01 0.01
0 0.486163 0.530694 0.01 0.01
0 0.486163 0.554224 0.01 0.01
0 0.468957 0.490694 0.01 0.01
0 0.427266 0.417753 0.01 0.01
0 0.465648 0.404812 0.01 0.01
0 0.462339 0.338930 0.01 0.01
0 0.430574 0.363636 0.01 0.01
0 0.400795 0.334224 0.01 0.01
0 0.380942 0.284812 0.01 0.01
0 0.524545 0.681283 0.01 0.01
0 0.515942 0.670694 0.01 0.01
0 0.478222 0.616577 0.01 0.01
0 0.457045 0.604812 0.01 0.01
0 0.480869 0.728342 0.01 0.01
0 0.474913 0.795400 0.01 0.01
0 0.468957 0.769518 0.01 0.01
0 0.471604 0.850694 0.01 0.01
0 0.455722 0.856577 0.01 0.01
0 0.432560 0.869518 0.01 0.01
0 0.424619 0.858930 0.01 0.01
0 0.419324 0.822459 0.01 0.01
0 0.368369 0.717753 0.01 0.01
0 0.403442 0.697753 0.01 0.01
0 0.412045 0.684812 0.01 0.01
0 0.427266 0.663636 0.01 0.01
0 0.378295 0.622459 0.01 0.01
0 0.393516 0.611871 0.01 0.01
0 0.389545 0.584812 0.01 0.01
0 0.376310 0.562459 0.01 0.01
0 0.312780 0.562459 0.01 0.01
0 0.351824 0.470694 0.01 0.01
0 0.290280 0.513047 0.01 0.01
0 0.291604 0.603636 0.01 0.01
0 0.307486 0.583636 0.01 0.01
0 0.320722 0.638930 0.01 0.01
0 0.280354 0.631871 0.01 0.01
0 0.271089 0.611871 0.01 0.01
0 0.321383 0.241283 0.01 0.01
0 0.272413 0.218930 0.01 0.01
0 0.304839 0.110694 0.01 0.01
0 0.345869 0.100106 0.01 0.01
0 0.327339 0.093047 0.01 0.01
0 0.339251 0.057753 0.01 0.01
0 0.316089 0.070694 0.01 0.01
0 0.312780 0.075400 0.01 0.01
0 0.283001 0.070694 0.01 0.01
0 0.271751 0.076577 0.01 0.01
0 0.274398 0.067165 0.01 0.01
0 0.275060 0.063636 0.01 0.01
0 0.266457 0.061283 0.01 0.01
0 0.257854 0.073047 0.01 0.01
0 0.247927 0.069518 0.01 0.01
0 0.236016 0.069518 0.01 0.01
0 0.232045 0.057753 0.01 0.01
0 0.231383 0.071871 0.01 0.01
0 0.230060 0.082459 0.01 0.01
0 0.217486 0.088342 0.01 0.01
0 0.207560 0.089518 0.01 0.01
0 0.202927 0.051871 0.01 0.01
0 0.194324 0.055400 0.01 0.01
0 0.167854 0.055400 0.01 0.01
0 0.162560 0.069518 0.01 0.01
0 0.195648 0.104812 0.01 0.01
0 0.183736 0.103636 0.01 0.01
0 0.193663 0.124812 0.01 0.01
0 0.177780 0.122459 0.01 0.01
0 0.180427 0.144812 0.01 0.01
0 0.181089 0.173047 0.01 0.01
0 0.206898 0.156577 0.01 0.01
0 0.217486 0.151871 0.01 0.01
0 0.226751 0.271871 0.01 0.01
0 0.198295 0.281283 0.01 0.01
0 0.184398 0.287165 0.01 0.01
0 0.177119 0.263636 0.01 0.01
0 0.174472 0.241283 0.01 0.01
0 0.183736 0.314224 0.01 0.01
0 0.181751 0.342459 0.01 0.01
0 0.181089 0.404812 0.01 0.01
0 0.194986 0.391871 0.01 0.01
0 0.202266 0.374224 0.01 0.01
0 0.247266 0.350694 0.01 0.01
0 0.237339 0.407165 0.01 0.01
0 0.227413 0.453047 0.01 0.01
0 0.202266 0.453047 0.01 0.01
0 0.173148 0.453047 0.01 0.01
0 0.183736 0.501283 0.01 0.01
0 0.180427 0.496577 0.01 0.01
0 0.194986 0.514224 0.01 0.01
0 0.177780 0.537753 0.01 0.01
0 0.195648 0.527165 0.01 0.01
0 0.221457 0.543636 0.01 0.01
0 0.241972 0.580106 0.01 0.01
0 0.210207 0.581283 0.01 0.01
0 0.193001 0.620106 0.01 0.01
0 0.187707 0.609518 0.01 0.01
0 0.181751 0.567165 0.01 0.01
0 0.178442 0.608342 0.01 0.01
0 0.178442 0.638930 0.01 0.01
0 0.164545 0.649518 0.01 0.01
0 0.134104 0.625989 0.01 0.01
0 0.177119 0.682459 0.01 0.01
0 0.181751 0.697753 0.01 0.01
0 0.175795 0.710694 0.01 0.01
0 0.176457 0.731871 0.01 0.01
0 0.177780 0.760106 0.01 0.01
0 0.175795 0.797753 0.01 0.01
0 0.160574 0.858930 0.01 0.01
0 0.187707 0.803636 0.01 0.01
0 0.194324 0.824812 0.01 0.01
0 0.226751 0.925989 0.01 0.01
0 0.321383 0.871871 0.01 0.01
0 0.310795 0.856577 0.01 0.01
0 0.311457 0.877753 0.01 0.01
0 0.280354 0.868342 0.01 0.01
0 0.267119 0.856577 0.01 0.01
0 0.246604 0.855400 0.01 0.01
0 0.237339 0.857753 0.01 0.01
0 0.231383 0.871871 0.01 0.01
0 0.220133 0.881283 0.01 0.01
0 0.215501 0.849518 0.01 0.01
0 0.216163 0.805989 0.01 0.01
0 0.216824 0.793047 0.01 0.01
0 0.236677 0.808341 0.01 0.01
0 0.248589 0.803636 0.01 0.01
0 0.236016 0.765989 0.01 0.01
0 0.241972 0.750694 0.01 0.01
0 0.235354 0.718930 0.01 0.01
0 0.265795 0.711871 0.01 0.01
