0 0.779986 0.153047 0.01 0.01
0 0.776016 0.178930 0.01 0.01
0 0.783295 0.073047 0.01 0.01
0 0.852780 0.202459 0.01 0.01
0 0.824986 0.336577 0.01 0.01
0 0.848148 0.580106 0.01 0.01
0 0.851457 0.689518 0.01 0.01
0 0.847486 0.861283 0.01 0.01
0 0.842192 0.887165 0.01 0.01
0 0.748883 0.837753 0.01 0.01
0 0.646310 0.551871 0.01 0.01
0 0.725060 0.497753 0.01 0.01
0 0.711163 0.465989 0.01 0.01
0 0.644324 0.177753 0.01 0.01
0 0.613883 0.150694 0.01 0.01
0 0.522560 0.057753 0.01 0.01
0 0.432560 0.084812 0.01 0.01
0 0.410721 0.049518 0.01 0.01
0 0.412045 0.035400 0.01 0.01
0 0.302192 0.243636 0.01 0.01
0 0.292927 0.229518 0.01 0.01
0 0.371677 0.545989 0.01 0.01
0 0.379619 0.398930 0.01 0.01
0 0.388883 0.744812 0.01 0.01
0 0.371016 0.905989 0.01 0.01
0 0.503369 0.930694 0.01 0.01
0 0.458369 0.949518 0.01 0.01
0 0.455060 0.782459 0.01 0.01
0 0.466971 0.694224 0.01 0.01
0 0.539766 0.828341 0.01 0.01
0 0.210207 0.664812 0.01 0.01
