0 0.846163 0.838930 0.01 0.01
0 0.818369 0.828341 0.01 0.01
0 0.817707 0.809518 0.01 0.01
0 0.822339 0.807165 0.01 0.01
0 0.819692 0.789518 0.01 0.01
0 0.825648 0.773047 0.01 0.01
0 0.826310 0.747165 0.01 0.01
0 0.811751 0.728342 0.01 0.01
0 0.803810 0.744812 0.01 0.01
0 0.801824 0.716577 0.01 0.01
0 0.753516 0.720106 0.01 0.01
0 0.704545 0.701283 0.01 0.01
0 0.693295 0.685989 0.01 0.01
0 0.696604 0.637753 0.01 0.01
0 0.741604 0.630694 0.01 0.01
0 0.774692 0.847165 0.01 0.01
0 0.748883 0.853047 0.01 0.01
0 0.743589 0.862459 0.01 0.01
0 0.736971 0.861283 0.01 0.01
0 0.737633 0.898930 0.01 0.01
0 0.720427 0.794224 0.01 0.01
0 0.703883 0.853047 0.01 0.01
0 0.652266 0.854224 0.01 0.01
0 0.640354 0.843636 0.01 0.01
0 0.623810 0.860106 0.01 0.01
0 0.570869 0.901283 0.01 0.01
0 0.578148 0.875400 0.01 0.01
0 0.584766 0.854224 0.01 0.01
0 0.541751 0.854224 0.01 0.01
0 0.529177 0.780106 0.01 0.01
0 0.581457 0.777753 0.01 0.01
0 0.565574 0.749518 0.01 0.01
0 0.572192 0.697753 0.01 0.01
0 0.561604 0.654224 0.01 0.01
0 0.523221 0.694224 0.01 0.01
0 0.515280 0.670694 0.01 0.01
0 0.472266 0.849518 0.01 0.01
0 0.424619 0.853047 0.01 0.01
0 0.473589 0.790694 0.01 0.01
0 0.465648 0.773047 0.01 0.01
0 0.480869 0.736577 0.01 0.01
0 0.571530 0.609518 0.01 0.01
0 0.607266 0.549518 0.01 0.01
0 0.608589 0.525989 0.01 0.01
0 0.650280 0.489518 0.01 0.01
0 0.675427 0.449518 0.01 0.01
0 0.709177 0.421283 0.01 0.01
0 0.746898 0.455400 0.01 0.01
0 0.752192 0.437753 0.01 0.01
0 0.763442 0.418930 0.01 0.01
0 0.757486 0.557753 0.01 0.01
0 0.671457 0.343636 0.01 0.01
0 0.654913 0.387165 0.01 0.01
0 0.625795 0.408342 0.01 0.01
0 0.613222 0.389518 0.01 0.01
0 0.604619 0.368341 0.01 0.01
0 0.855427 0.601283 0.01 0.01
0 0.827633 0.576577 0.01 0.01
0 0.807780 0.555400 0.01 0.01
0 0.807780 0.527165 0.01 0.01
0 0.812413 0.524812 0.01 0.01
0 0.854766 0.510694 0.01 0.01
0 0.854104 0.435400 0.01 0.01
0 0.821016 0.349518 0.01 0.01
0 0.817045 0.293047 0.01 0.01
0 0.799177 0.281283 0.01 0.01
0 0.769398 0.267165 0.01 0.01
0 0.825648 0.256577 0.01 0.01
0 0.817045 0.214224 0.01 0.01
0 0.818369 0.167165 0.01 0.01
0 0.828957 0.155400 0.01 0.01
0 0.817045 0.140106 0.01 0.01
0 0.817045 0.128342 0.01 0.01
0 0.791898 0.138930 0.01 0.01
0 0.800501 0.090694 0.01 0.01
0 0.804471 0.060106 0.01 0.01
0 0.790574 0.076577 0.01 0.01
0 0.774692 0.085989 0.01 0.01
0 0.762780 0.081283 0.01 0.01
0 0.769398 0.073047 0.01 0.01
0 0.766089 0.057753 0.01 0.01
0 0.756824 0.068342 0.01 0.01
0 0.752192 0.078930 0.01 0.01
0 0.748222 0.067165 0.01 0.01
0 0.746236 0.041283 0.01 0.01
0 0.731677 0.074224 0.01 0.01
0 0.727707 0.101283 0.01 0.01
0 0.732339 0.134224 0.01 0.01
0 0.719104 0.043636 0.01 0.01
0 0.678736 0.136577 0.01 0.01
0 0.675427 0.113047 0.01 0.01
0 0.654913 0.068342 0.01 0.01
0 0.636383 0.082459 0.01 0.01
0 0.636383 0.069518 0.01 0.01
0 0.623148 0.062459 0.01 0.01
0 0.598663 0.074224 0.01 0.01
0 0.639030 0.223636 0.01 0.01
0 0.592707 0.243636 0.01 0.01
0 0.584766 0.073047 0.01 0.01
0 0.576824 0.083636 0.01 0.01
0 0.576824 0.065989 0.01 0.01
0 0.563589 0.073047 0.01 0.01
0 0.562927 0.062459 0.01 0.01
0 0.515942 0.054224 0.01 0.01
0 0.509324 0.104812 0.01 0.01
0 0.477560 0.116577 0.01 0.01
0 0.491457 0.183636 0.01 0.01
0 0.486163 0.164812 0.01 0.01
0 0.467633 0.164812 0.01 0.01
0 0.449766 0.193047 0.01 0.01
0 0.473589 0.242459 0.01 0.01
0 0.528516 0.208342 0.01 0.01
0 0.530501 0.263636 0.01 0.01
0 0.563589 0.309518 0.01 0.01
0 0.559619 0.322459 0.01 0.01
0 0.560280 0.376577 0.01 0.01
0 0.524545 0.336577 0.01 0.01
0 0.533810 0.310694 0.01 0.01
0 0.500060 0.301283 0.01 0.01
0 0.464324 0.342459 0.01 0.01
0 0.464986 0.405989 0.01 0.01
0 0.559619 0.451871 0.01 0.01
0 0.580795 0.480106 0.01 0.01
0 0.494766 0.527165 0.01 0.01
0 0.482854 0.530694 0.01 0.01
0 0.483516 0.555400 0.01 0.01
0 0.472266 0.489518 0.01 0.01
0 0.428589 0.418930 0.01 0.01
0 0.431898 0.361283 0.01 0.01
0 0.400133 0.340106 0.01 0.01
0 0.380942 0.282459 0.01 0.01
0 0.478222 0.609518 0.01 0.01
0 0.455060 0.602459 0.01 0.01
0 0.429251 0.664812 0.01 0.01
0 0.412707 0.682459 0.01 0.01
0 0.403442 0.704812 0.01 0.01
0 0.365060 0.710694 0.01 0.01
0 0.378957 0.622459 0.01 0.01
0 0.389545 0.613047 0.01 0.01
0 0.367707 0.561283 0.01 0.01
0 0.353810 0.475400 0.01 0.01
0 0.381604 0.567165 0.01 0.01
0 0.387560 0.587165 0.01 0.01
0 0.316089 0.556577 0.01 0.01
0 0.306824 0.581283 0.01 0.01
0 0.293589 0.593047 0.01 0.01
0 0.279030 0.630694 0.01 0.01
0 0.266457 0.610694 0.01 0.01
0 0.316089 0.638930 0.01 0.01
0 0.268442 0.716577 0.01 0.01
0 0.235354 0.720106 0.01 0.01
0 0.239324 0.745989 0.01 0.01
0 0.232045 0.775400 0.01 0.01
0 0.238663 0.804812 0.01 0.01
0 0.248589 0.807165 0.01 0.01
0 0.216824 0.789518 0.01 0.01
0 0.213516 0.809518 0.01 0.01
0 0.271751 0.857753 0.01 0.01
0 0.311457 0.873047 0.01 0.01
0 0.313442 0.862459 0.01 0.01
0 0.245942 0.856577 0.01 0.01
0 0.234692 0.855400 0.01 0.01
0 0.228736 0.863636 0.01 0.01
0 0.217486 0.873047 0.01 0.01
0 0.227413 0.920106 0.01 0.01
0 0.212192 0.844812 0.01 0.01
0 0.193001 0.824812 0.01 0.01
0 0.192339 0.809518 0.01 0.01
0 0.187707 0.815400 0.01 0.01
0 0.174472 0.798930 0.01 0.01
0 0.152633 0.855400 0.01 0.01
0 0.180427 0.763636 0.01 0.01
0 0.181751 0.737753 0.01 0.01
0 0.174472 0.702459 0.01 0.01
0 0.184398 0.697753 0.01 0.01
0 0.175795 0.671871 0.01 0.01
0 0.166530 0.653047 0.01 0.01
0 0.180427 0.637753 0.01 0.01
0 0.134766 0.634224 0.01 0.01
0 0.177780 0.604812 0.01 0.01
0 0.187045 0.608342 0.01 0.01
0 0.189030 0.622459 0.01 0.01
0 0.241310 0.583636 0.01 0.01
0 0.195648 0.578930 0.01 0.01
0 0.181751 0.576577 0.01 0.01
0 0.206236 0.584812 0.01 0.01
0 0.220133 0.540106 0.01 0.01
0 0.189030 0.540106 0.01 0.01
0 0.176457 0.530694 0.01 0.01
0 0.194324 0.517753 0.01 0.01
0 0.185722 0.501283 0.01 0.01
0 0.177119 0.500106 0.01 0.01
0 0.287633 0.498930 0.01 0.01
0 0.227413 0.447165 0.01 0.01
0 0.198295 0.440106 0.01 0.01
0 0.181089 0.411871 0.01 0.01
0 0.197633 0.389518 0.01 0.01
0 0.239324 0.403636 0.01 0.01
0 0.243957 0.351871 0.01 0.01
0 0.180427 0.343636 0.01 0.01
0 0.132780 0.344812 0.01 0.01
0 0.179766 0.308342 0.01 0.01
0 0.183074 0.280106 0.01 0.01
0 0.176457 0.267165 0.01 0.01
0 0.173810 0.250694 0.01 0.01
0 0.197633 0.282459 0.01 0.01
0 0.227413 0.263636 0.01 0.01
0 0.272413 0.222459 0.01 0.01
0 0.323369 0.241283 0.01 0.01
0 0.472927 0.070694 0.01 0.01
0 0.476236 0.055400 0.01 0.01
0 0.444472 0.058930 0.01 0.01
0 0.441163 0.082459 0.01 0.01
0 0.420648 0.067165 0.01 0.01
0 0.420648 0.055400 0.01 0.01
0 0.396824 0.074224 0.01 0.01
0 0.345207 0.102459 0.01 0.01
0 0.331310 0.096577 0.01 0.01
0 0.340574 0.062459 0.01 0.01
0 0.311457 0.075400 0.01 0.01
0 0.304839 0.116577 0.01 0.01
0 0.282339 0.071871 0.01 0.01
0 0.278369 0.057753 0.01 0.01
0 0.273074 0.071871 0.01 0.01
0 0.269104 0.081283 0.01 0.01
0 0.268442 0.065989 0.01 0.01
0 0.262486 0.071871 0.01 0.01
0 0.248589 0.070694 0.01 0.01
0 0.236016 0.068342 0.01 0.01
0 0.228074 0.069518 0.01 0.01
0 0.230722 0.083636 0.01 0.01
0 0.218148 0.087165 0.01 0.01
0 0.204913 0.085989 0.01 0.01
0 0.202927 0.053047 0.01 0.01
0 0.194324 0.055400 0.01 0.01
0 0.168516 0.069518 0.01 0.01
0 0.162560 0.057753 0.01 0.01
0 0.166530 0.055400 0.01 0.01
0 0.194986 0.107165 0.01 0.01
0 0.186383 0.101283 0.01 0.01
0 0.191016 0.122459 0.01 0.01
