0 0.850795 0.227165 0.01 0.01
0 0.823001 0.276577 0.01 0.01
0 0.809766 0.173047 0.01 0.01
0 0.828295 0.156577 0.01 0.01
0 0.825648 0.141283 0.01 0.01
0 0.819692 0.111871 0.01 0.01
0 0.819692 0.103636 0.01 0.01
0 0.815722 0.085989 0.01 0.01
0 0.823663 0.074224 0.01 0.01
0 0.830280 0.058930 0.01 0.01
0 0.807780 0.071871 0.01 0.01
0 0.803148 0.064812 0.01 0.01
0 0.777339 0.056577 0.01 0.01
0 0.767413 0.056577 0.01 0.01
0 0.759472 0.048342 0.01 0.01
0 0.748222 0.042459 0.01 0.01
0 0.721751 0.047165 0.01 0.01
0 0.719766 0.053047 0.01 0.01
0 0.713148 0.049518 0.01 0.01
0 0.706530 0.043636 0.01 0.01
0 0.701898 0.051871 0.01 0.01
0 0.694619 0.050694 0.01 0.01
0 0.682707 0.047165 0.01 0.01
0 0.676751 0.042459 0.01 0.01
0 0.670795 0.044812 0.01 0.01
0 0.666163 0.073047 0.01 0.01
0 0.656898 0.038930 0.01 0.01
0 0.649619 0.044812 0.01 0.01
0 0.644986 0.035400 0.01 0.01
0 0.691310 0.094224 0.01 0.01
0 0.694619 0.116577 0.01 0.01
0 0.748222 0.269518 0.01 0.01
0 0.750207 0.353047 0.01 0.01
0 0.827633 0.341283 0.01 0.01
0 0.848810 0.449518 0.01 0.01
0 0.853442 0.454224 0.01 0.01
0 0.828957 0.474224 0.01 0.01
0 0.795869 0.481283 0.01 0.01
0 0.824986 0.520106 0.01 0.01
0 0.824986 0.536577 0.01 0.01
0 0.823001 0.554224 0.01 0.01
0 0.783295 0.568341 0.01 0.01
0 0.828295 0.642459 0.01 0.01
0 0.826310 0.702459 0.01 0.01
0 0.832266 0.711871 0.01 0.01
0 0.860060 0.730694 0.01 0.01
0 0.862045 0.680106 0.01 0.01
0 0.841530 0.774224 0.01 0.01
0 0.829619 0.751871 0.01 0.01
0 0.824986 0.789518 0.01 0.01
0 0.847486 0.810694 0.01 0.01
0 0.818369 0.824812 0.01 0.01
0 0.814398 0.868342 0.01 0.01
0 0.806457 0.809518 0.01 0.01
0 0.811751 0.788342 0.01 0.01
0 0.771383 0.687165 0.01 0.01
0 0.756163 0.704812 0.01 0.01
0 0.773369 0.833047 0.01 0.01
0 0.763442 0.829518 0.01 0.01
0 0.736971 0.828341 0.01 0.01
0 0.715795 0.838930 0.01 0.01
0 0.688663 0.835400 0.01 0.01
0 0.679398 0.818930 0.01 0.01
0 0.611898 0.828341 0.01 0.01
0 0.584766 0.829518 0.01 0.01
0 0.588074 0.774224 0.01 0.01
0 0.568222 0.777753 0.01 0.01
0 0.581457 0.747165 0.01 0.01
0 0.629104 0.755400 0.01 0.01
0 0.698589 0.668342 0.01 0.01
0 0.626457 0.661283 0.01 0.01
0 0.678074 0.562459 0.01 0.01
0 0.638369 0.543636 0.01 0.01
0 0.598663 0.551871 0.01 0.01
0 0.575501 0.593047 0.01 0.01
0 0.568222 0.645989 0.01 0.01
0 0.573516 0.670694 0.01 0.01
0 0.654913 0.476577 0.01 0.01
0 0.655574 0.445989 0.01 0.01
0 0.652927 0.391871 0.01 0.01
0 0.635722 0.380106 0.01 0.01
0 0.658883 0.365989 0.01 0.01
0 0.648295 0.309518 0.01 0.01
0 0.603957 0.433047 0.01 0.01
0 0.578148 0.330694 0.01 0.01
0 0.571530 0.314224 0.01 0.01
0 0.590721 0.230694 0.01 0.01
0 0.582119 0.217753 0.01 0.01
0 0.607927 0.214224 0.01 0.01
0 0.615207 0.128342 0.01 0.01
0 0.599986 0.075400 0.01 0.01
0 0.589398 0.051871 0.01 0.01
0 0.586089 0.056577 0.01 0.01
0 0.563589 0.077753 0.01 0.01
0 0.565574 0.131871 0.01 0.01
0 0.550354 0.047165 0.01 0.01
0 0.521898 0.044812 0.01 0.01
0 0.512633 0.042459 0.01 0.01
0 0.515942 0.105989 0.01 0.01
0 0.526530 0.174224 0.01 0.01
0 0.496089 0.161283 0.01 0.01
0 0.478222 0.201283 0.01 0.01
0 0.465648 0.091871 0.01 0.01
0 0.486163 0.035400 0.01 0.01
0 0.458369 0.101283 0.01 0.01
0 0.439177 0.053047 0.01 0.01
0 0.435869 0.036577 0.01 0.01
0 0.421971 0.047165 0.01 0.01
0 0.418001 0.053047 0.01 0.01
0 0.394177 0.040106 0.01 0.01
0 0.369692 0.045989 0.01 0.01
0 0.353148 0.048342 0.01 0.01
0 0.337266 0.035400 0.01 0.01
0 0.330648 0.058930 0.01 0.01
0 0.172486 0.845989 0.01 0.01
0 0.137413 0.818930 0.01 0.01
0 0.137413 0.736577 0.01 0.01
0 0.170501 0.767165 0.01 0.01
0 0.183736 0.755400 0.01 0.01
0 0.180427 0.828341 0.01 0.01
0 0.196310 0.813047 0.01 0.01
0 0.205574 0.811871 0.01 0.01
0 0.200942 0.796577 0.01 0.01
0 0.196972 0.784812 0.01 0.01
0 0.208222 0.764812 0.01 0.01
0 0.222119 0.756577 0.01 0.01
0 0.240648 0.750694 0.01 0.01
0 0.236677 0.696577 0.01 0.01
0 0.247266 0.694224 0.01 0.01
0 0.255207 0.733047 0.01 0.01
0 0.269104 0.725989 0.01 0.01
0 0.219471 0.808341 0.01 0.01
0 0.220133 0.844812 0.01 0.01
0 0.230722 0.833047 0.01 0.01
0 0.243295 0.820106 0.01 0.01
0 0.257192 0.822459 0.01 0.01
0 0.262486 0.825989 0.01 0.01
0 0.288957 0.828341 0.01 0.01
0 0.300869 0.818930 0.01 0.01
0 0.327339 0.689518 0.01 0.01
0 0.337927 0.673047 0.01 0.01
0 0.278369 0.669518 0.01 0.01
0 0.292266 0.653047 0.01 0.01
0 0.284986 0.640106 0.01 0.01
0 0.271751 0.598930 0.01 0.01
0 0.273736 0.582459 0.01 0.01
0 0.246604 0.549518 0.01 0.01
0 0.190354 0.658930 0.01 0.01
0 0.187707 0.701283 0.01 0.01
0 0.183074 0.638930 0.01 0.01
0 0.188369 0.620106 0.01 0.01
0 0.185722 0.608342 0.01 0.01
0 0.155942 0.596577 0.01 0.01
0 0.177780 0.569518 0.01 0.01
0 0.190354 0.568341 0.01 0.01
0 0.193001 0.509518 0.01 0.01
0 0.146677 0.500106 0.01 0.01
0 0.191677 0.460106 0.01 0.01
0 0.184398 0.423636 0.01 0.01
0 0.172486 0.389518 0.01 0.01
0 0.189692 0.373047 0.01 0.01
0 0.185060 0.351871 0.01 0.01
0 0.178442 0.287165 0.01 0.01
0 0.171163 0.281283 0.01 0.01
0 0.189692 0.274224 0.01 0.01
0 0.189692 0.265989 0.01 0.01
0 0.191016 0.250694 0.01 0.01
0 0.184398 0.237753 0.01 0.01
0 0.188369 0.231871 0.01 0.01
0 0.191677 0.204812 0.01 0.01
0 0.214839 0.244812 0.01 0.01
0 0.268442 0.229518 0.01 0.01
0 0.330648 0.285989 0.01 0.01
0 0.249251 0.360106 0.01 0.01
0 0.259839 0.421283 0.01 0.01
0 0.263810 0.421283 0.01 0.01
0 0.316089 0.521283 0.01 0.01
0 0.348516 0.596577 0.01 0.01
0 0.371677 0.553047 0.01 0.01
0 0.357780 0.425989 0.01 0.01
0 0.362413 0.336577 0.01 0.01
0 0.398148 0.356577 0.01 0.01
0 0.417339 0.322459 0.01 0.01
0 0.418663 0.244812 0.01 0.01
0 0.507339 0.247165 0.01 0.01
0 0.498736 0.288341 0.01 0.01
0 0.513957 0.311871 0.01 0.01
0 0.474251 0.358930 0.01 0.01
0 0.470280 0.376577 0.01 0.01
0 0.445795 0.411871 0.01 0.01
0 0.423957 0.396577 0.01 0.01
0 0.478222 0.468341 0.01 0.01
0 0.480869 0.520106 0.01 0.01
0 0.488810 0.533047 0.01 0.01
0 0.541089 0.504812 0.01 0.01
0 0.539766 0.416577 0.01 0.01
0 0.463001 0.545989 0.01 0.01
0 0.466971 0.578930 0.01 0.01
0 0.430574 0.576577 0.01 0.01
0 0.441163 0.663636 0.01 0.01
0 0.464324 0.688341 0.01 0.01
0 0.519251 0.677753 0.01 0.01
0 0.506016 0.620106 0.01 0.01
0 0.508001 0.804812 0.01 0.01
0 0.522560 0.840106 0.01 0.01
0 0.490795 0.829518 0.01 0.01
0 0.488148 0.770694 0.01 0.01
0 0.470942 0.825989 0.01 0.01
0 0.463001 0.831871 0.01 0.01
0 0.457707 0.864812 0.01 0.01
0 0.435207 0.827165 0.01 0.01
0 0.425942 0.814224 0.01 0.01
0 0.435869 0.778930 0.01 0.01
0 0.392192 0.807165 0.01 0.01
0 0.174472 0.135400 0.01 0.01
0 0.160574 0.121283 0.01 0.01
0 0.149324 0.068342 0.01 0.01
0 0.176457 0.088342 0.01 0.01
0 0.177780 0.081283 0.01 0.01
0 0.187707 0.070694 0.01 0.01
0 0.185722 0.020106 0.01 0.01
0 0.200280 0.054224 0.01 0.01
0 0.202266 0.057753 0.01 0.01
0 0.196310 0.076577 0.01 0.01
0 0.195648 0.089518 0.01 0.01
0 0.195648 0.108342 0.01 0.01
0 0.204913 0.114224 0.01 0.01
0 0.216824 0.128342 0.01 0.01
0 0.206236 0.083636 0.01 0.01
0 0.211530 0.078930 0.01 0.01
0 0.209545 0.071871 0.01 0.01
0 0.214177 0.063636 0.01 0.01
0 0.222780 0.054224 0.01 0.01
0 0.224766 0.050694 0.01 0.01
0 0.236677 0.037753 0.01 0.01
0 0.248589 0.041283 0.01 0.01
0 0.253222 0.055400 0.01 0.01
0 0.244619 0.070694 0.01 0.01
0 0.265795 0.078930 0.01 0.01
0 0.269766 0.047165 0.01 0.01
0 0.329986 0.149518 0.01 0.01
0 0.367045 0.105989 0.01 0.01
