0 0.883222 0.929518 0.01 0.01
0 0.892486 0.922459 0.01 0.01
0 0.873957 0.863636 0.01 0.01
0 0.854104 0.876577 0.01 0.01
0 0.842192 0.916577 0.01 0.01
0 0.830942 0.935400 0.01 0.01
0 0.786604 0.964812 0.01 0.01
0 0.746236 0.956577 0.01 0.01
0 0.740280 0.944812 0.01 0.01
0 0.757486 0.940106 0.01 0.01
0 0.733001 0.902459 0.01 0.01
0 0.771383 0.917753 0.01 0.01
0 0.785942 0.918930 0.01 0.01
0 0.772045 0.877753 0.01 0.01
0 0.772707 0.821283 0.01 0.01
0 0.747560 0.809518 0.01 0.01
0 0.766751 0.678930 0.01 0.01
0 0.729030 0.587165 0.01 0.01
0 0.733663 0.542459 0.01 0.01
0 0.774030 0.541283 0.01 0.01
0 0.818369 0.594224 0.01 0.01
0 0.860721 0.642459 0.01 0.01
0 0.862707 0.587165 0.01 0.01
0 0.856089 0.751871 0.01 0.01
0 0.873957 0.314224 0.01 0.01
0 0.858074 0.314224 0.01 0.01
0 0.862045 0.285989 0.01 0.01
0 0.888516 0.265989 0.01 0.01
0 0.862707 0.237753 0.01 0.01
0 0.862045 0.224812 0.01 0.01
0 0.860721 0.194224 0.01 0.01
0 0.856089 0.200106 0.01 0.01
0 0.838883 0.163636 0.01 0.01
0 0.777339 0.113047 0.01 0.01
0 0.768074 0.151871 0.01 0.01
0 0.715133 0.151871 0.01 0.01
0 0.640354 0.149518 0.01 0.01
0 0.611236 0.173047 0.01 0.01
0 0.619839 0.233047 0.01 0.01
0 0.730354 0.310694 0.01 0.01
0 0.759472 0.336577 0.01 0.01
0 0.652927 0.484812 0.01 0.01
0 0.615869 0.473047 0.01 0.01
0 0.639692 0.381283 0.01 0.01
0 0.597339 0.280106 0.01 0.01
0 0.588736 0.265989 0.01 0.01
0 0.566236 0.281283 0.01 0.01
0 0.556971 0.260106 0.01 0.01
0 0.528516 0.281283 0.01 0.01
0 0.525869 0.255400 0.01 0.01
0 0.525869 0.137753 0.01 0.01
0 0.469619 0.196577 0.01 0.01
0 0.469619 0.275400 0.01 0.01
0 0.433883 0.137753 0.01 0.01
0 0.382927 0.130694 0.01 0.01
0 0.349839 0.149518 0.01 0.01
0 0.395501 0.338930 0.01 0.01
0 0.377633 0.329518 0.01 0.01
0 0.277707 0.149518 0.01 0.01
0 0.268442 0.176577 0.01 0.01
0 0.253883 0.154224 0.01 0.01
0 0.222119 0.102459 0.01 0.01
0 0.216163 0.171871 0.01 0.01
0 0.259839 0.242459 0.01 0.01
0 0.229398 0.256577 0.01 0.01
0 0.222780 0.289518 0.01 0.01
0 0.230722 0.531871 0.01 0.01
0 0.218810 0.601283 0.01 0.01
0 0.272413 0.589518 0.01 0.01
0 0.332633 0.640106 0.01 0.01
0 0.493442 0.451871 0.01 0.01
0 0.511310 0.451871 0.01 0.01
0 0.502045 0.510694 0.01 0.01
0 0.588736 0.553047 0.01 0.01
0 0.553663 0.635400 0.01 0.01
0 0.512633 0.595400 0.01 0.01
0 0.474913 0.588342 0.01 0.01
0 0.418001 0.610694 0.01 0.01
0 0.574839 0.654224 0.01 0.01
0 0.540427 0.675400 0.01 0.01
0 0.573516 0.697753 0.01 0.01
0 0.677413 0.700106 0.01 0.01
0 0.635722 0.730694 0.01 0.01
0 0.650942 0.835400 0.01 0.01
0 0.633736 0.934224 0.01 0.01
0 0.617854 0.885989 0.01 0.01
0 0.576824 0.823636 0.01 0.01
0 0.547707 0.780106 0.01 0.01
0 0.550354 0.915400 0.01 0.01
0 0.477560 0.805989 0.01 0.01
0 0.459692 0.765989 0.01 0.01
0 0.433883 0.811871 0.01 0.01
0 0.404104 0.783636 0.01 0.01
0 0.375648 0.740106 0.01 0.01
0 0.370354 0.831871 0.01 0.01
0 0.445133 0.920106 0.01 0.01
0 0.376972 0.914224 0.01 0.01
0 0.375648 0.936577 0.01 0.01
0 0.361089 0.914224 0.01 0.01
0 0.350501 0.916577 0.01 0.01
0 0.339913 0.803636 0.01 0.01
0 0.296898 0.782459 0.01 0.01
0 0.224766 0.731871 0.01 0.01
0 0.215501 0.791871 0.01 0.01
0 0.213516 0.834224 0.01 0.01
0 0.210207 0.837753 0.01 0.01
0 0.221457 0.844812 0.01 0.01
0 0.220795 0.863636 0.01 0.01
0 0.208222 0.861283 0.01 0.01
0 0.200280 0.936577 0.01 0.01
0 0.228736 0.887165 0.01 0.01
0 0.242633 0.900106 0.01 0.01
0 0.255869 0.938930 0.01 0.01
0 0.262486 0.961283 0.01 0.01
0 0.281677 0.908341 0.01 0.01
0 0.292927 0.909518 0.01 0.01
0 0.314104 0.914224 0.01 0.01
