0 0.289062 0.831944 0.01 0.01
0 0.306250 0.819444 0.01 0.01
0 0.264062 0.830556 0.01 0.01
0 0.258594 0.823611 0.01 0.01
0 0.242969 0.825000 0.01 0.01
0 0.228125 0.840278 0.01 0.01
0 0.221094 0.850000 0.01 0.01
0 0.184375 0.827778 0.01 0.01
0 0.172656 0.847222 0.01 0.01
0 0.138281 0.820833 0.01 0.01
0 0.136719 0.741667 0.01 0.01
0 0.171094 0.770833 0.01 0.01
0 0.185937 0.758333 0.01 0.01
0 0.185937 0.743056 0.01 0.01
0 0.196094 0.775000 0.01 0.01
0 0.194531 0.781944 0.01 0.01
0 0.200781 0.795833 0.01 0.01
0 0.201562 0.800000 0.01 0.01
0 0.198437 0.809722 0.01 0.01
0 0.204688 0.812500 0.01 0.01
0 0.220313 0.811111 0.01 0.01
0 0.207813 0.770833 0.01 0.01
0 0.222656 0.761111 0.01 0.01
0 0.240625 0.750000 0.01 0.01
0 0.255469 0.729167 0.01 0.01
0 0.271094 0.726389 0.01 0.01
0 0.245312 0.695833 0.01 0.01
0 0.235938 0.695833 0.01 0.01
0 0.186719 0.704167 0.01 0.01
0 0.189844 0.663889 0.01 0.01
0 0.185937 0.641667 0.01 0.01
0 0.188281 0.620833 0.01 0.01
0 0.185156 0.616667 0.01 0.01
0 0.186719 0.609722 0.01 0.01
0 0.157031 0.600000 0.01 0.01
0 0.147656 0.508333 0.01 0.01
0 0.192188 0.509722 0.01 0.01
0 0.178906 0.570833 0.01 0.01
0 0.189844 0.568056 0.01 0.01
0 0.247656 0.551389 0.01 0.01
0 0.276563 0.583333 0.01 0.01
0 0.272656 0.600000 0.01 0.01
0 0.285937 0.640278 0.01 0.01
0 0.275781 0.670833 0.01 0.01
0 0.292969 0.650000 0.01 0.01
0 0.328906 0.693056 0.01 0.01
0 0.335938 0.672222 0.01 0.01
0 0.347656 0.600000 0.01 0.01
0 0.372656 0.558333 0.01 0.01
0 0.316406 0.523611 0.01 0.01
0 0.391530 0.807165 0.01 0.01
0 0.424619 0.816577 0.01 0.01
0 0.435207 0.829518 0.01 0.01
0 0.433883 0.782459 0.01 0.01
0 0.457045 0.862459 0.01 0.01
0 0.460354 0.833047 0.01 0.01
0 0.471604 0.829518 0.01 0.01
0 0.491457 0.831871 0.01 0.01
0 0.508663 0.805989 0.01 0.01
0 0.486824 0.773047 0.01 0.01
0 0.523221 0.844812 0.01 0.01
0 0.584766 0.831871 0.01 0.01
0 0.569545 0.777753 0.01 0.01
0 0.586751 0.776577 0.01 0.01
0 0.582119 0.749518 0.01 0.01
0 0.626457 0.758930 0.01 0.01
0 0.611898 0.827165 0.01 0.01
0 0.678736 0.820106 0.01 0.01
0 0.689986 0.837753 0.01 0.01
0 0.715795 0.840106 0.01 0.01
0 0.737633 0.829518 0.01 0.01
0 0.762780 0.834224 0.01 0.01
0 0.774030 0.835400 0.01 0.01
0 0.813736 0.874224 0.01 0.01
0 0.817707 0.825989 0.01 0.01
0 0.806457 0.813047 0.01 0.01
0 0.811089 0.788342 0.01 0.01
0 0.824324 0.795400 0.01 0.01
0 0.846824 0.813047 0.01 0.01
0 0.841530 0.775400 0.01 0.01
0 0.830280 0.744812 0.01 0.01
0 0.861383 0.731871 0.01 0.01
0 0.861383 0.682459 0.01 0.01
0 0.834913 0.713047 0.01 0.01
0 0.827633 0.703636 0.01 0.01
0 0.773369 0.690694 0.01 0.01
0 0.756163 0.705989 0.01 0.01
0 0.699251 0.674224 0.01 0.01
0 0.829619 0.641283 0.01 0.01
0 0.784619 0.570694 0.01 0.01
0 0.823001 0.556577 0.01 0.01
0 0.826310 0.537753 0.01 0.01
0 0.824986 0.520106 0.01 0.01
0 0.793883 0.481283 0.01 0.01
0 0.826972 0.474224 0.01 0.01
0 0.848810 0.448341 0.01 0.01
0 0.856089 0.456577 0.01 0.01
0 0.826310 0.349518 0.01 0.01
0 0.752854 0.355400 0.01 0.01
0 0.748883 0.270694 0.01 0.01
0 0.822339 0.280106 0.01 0.01
0 0.854104 0.228342 0.01 0.01
0 0.826972 0.162459 0.01 0.01
0 0.829619 0.156577 0.01 0.01
0 0.826310 0.150694 0.01 0.01
0 0.809766 0.170694 0.01 0.01
0 0.821016 0.110694 0.01 0.01
0 0.819030 0.107165 0.01 0.01
0 0.814398 0.089518 0.01 0.01
0 0.827633 0.080106 0.01 0.01
0 0.831604 0.056577 0.01 0.01
0 0.809104 0.069518 0.01 0.01
0 0.802486 0.064812 0.01 0.01
0 0.778663 0.060106 0.01 0.01
0 0.767413 0.056577 0.01 0.01
0 0.760133 0.050694 0.01 0.01
0 0.746236 0.043636 0.01 0.01
0 0.723074 0.047165 0.01 0.01
0 0.723074 0.056577 0.01 0.01
0 0.715795 0.051871 0.01 0.01
0 0.711824 0.044812 0.01 0.01
0 0.698589 0.056577 0.01 0.01
0 0.693295 0.051871 0.01 0.01
0 0.680060 0.049518 0.01 0.01
0 0.670133 0.050694 0.01 0.01
0 0.663516 0.074224 0.01 0.01
0 0.656236 0.042459 0.01 0.01
0 0.648295 0.044812 0.01 0.01
0 0.643001 0.035400 0.01 0.01
0 0.693957 0.091871 0.01 0.01
0 0.693957 0.118930 0.01 0.01
0 0.613883 0.129518 0.01 0.01
0 0.598663 0.078930 0.01 0.01
0 0.589398 0.048342 0.01 0.01
0 0.588074 0.057753 0.01 0.01
0 0.565574 0.078930 0.01 0.01
0 0.549030 0.048342 0.01 0.01
0 0.564913 0.133047 0.01 0.01
0 0.193001 0.457753 0.01 0.01
0 0.185722 0.416577 0.01 0.01
0 0.173148 0.390694 0.01 0.01
0 0.189030 0.375400 0.01 0.01
0 0.181751 0.347165 0.01 0.01
0 0.202927 0.341283 0.01 0.01
0 0.169839 0.284812 0.01 0.01
0 0.178442 0.289518 0.01 0.01
0 0.189692 0.276577 0.01 0.01
0 0.192339 0.265989 0.01 0.01
0 0.192339 0.249518 0.01 0.01
0 0.184398 0.238930 0.01 0.01
0 0.189692 0.233047 0.01 0.01
0 0.216163 0.242459 0.01 0.01
0 0.193001 0.202459 0.01 0.01
0 0.175133 0.133047 0.01 0.01
0 0.160574 0.118930 0.01 0.01
0 0.149324 0.063636 0.01 0.01
0 0.177119 0.085989 0.01 0.01
0 0.191677 0.016577 0.01 0.01
0 0.189692 0.069518 0.01 0.01
0 0.197633 0.076577 0.01 0.01
0 0.194986 0.087165 0.01 0.01
0 0.196972 0.093047 0.01 0.01
0 0.196972 0.111871 0.01 0.01
0 0.207560 0.115400 0.01 0.01
0 0.216163 0.124812 0.01 0.01
0 0.204913 0.078930 0.01 0.01
0 0.212192 0.076577 0.01 0.01
0 0.204913 0.060106 0.01 0.01
0 0.200942 0.054224 0.01 0.01
0 0.209545 0.068342 0.01 0.01
0 0.215501 0.062459 0.01 0.01
0 0.222119 0.055400 0.01 0.01
0 0.222780 0.048342 0.01 0.01
0 0.234030 0.036577 0.01 0.01
0 0.245942 0.038930 0.01 0.01
0 0.251898 0.049518 0.01 0.01
0 0.245942 0.070694 0.01 0.01
0 0.265133 0.076577 0.01 0.01
0 0.270427 0.043636 0.01 0.01
0 0.339251 0.037753 0.01 0.01
0 0.328001 0.061283 0.01 0.01
0 0.330648 0.143636 0.01 0.01
0 0.269766 0.227165 0.01 0.01
0 0.249251 0.358930 0.01 0.01
0 0.259839 0.420106 0.01 0.01
0 0.267780 0.423636 0.01 0.01
0 0.329324 0.278930 0.01 0.01
0 0.365722 0.328342 0.01 0.01
0 0.356457 0.423636 0.01 0.01
0 0.399471 0.356577 0.01 0.01
0 0.418663 0.318930 0.01 0.01
0 0.419324 0.240106 0.01 0.01
0 0.367045 0.108342 0.01 0.01
0 0.351824 0.045989 0.01 0.01
0 0.367045 0.047165 0.01 0.01
0 0.396163 0.040106 0.01 0.01
0 0.419324 0.054224 0.01 0.01
0 0.436530 0.030694 0.01 0.01
0 0.439177 0.048342 0.01 0.01
0 0.488810 0.036577 0.01 0.01
0 0.466971 0.090694 0.01 0.01
0 0.457707 0.097753 0.01 0.01
0 0.511972 0.042459 0.01 0.01
0 0.521898 0.043636 0.01 0.01
0 0.513957 0.103636 0.01 0.01
0 0.496751 0.161283 0.01 0.01
0 0.476898 0.195400 0.01 0.01
0 0.526530 0.175400 0.01 0.01
0 0.509324 0.243636 0.01 0.01
0 0.502045 0.288341 0.01 0.01
0 0.514619 0.311871 0.01 0.01
0 0.474913 0.355400 0.01 0.01
0 0.469619 0.375400 0.01 0.01
0 0.447119 0.411871 0.01 0.01
0 0.424619 0.391871 0.01 0.01
0 0.478883 0.460106 0.01 0.01
0 0.478883 0.523636 0.01 0.01
0 0.489472 0.535400 0.01 0.01
0 0.466971 0.545989 0.01 0.01
0 0.468295 0.578930 0.01 0.01
0 0.429913 0.577753 0.01 0.01
0 0.442486 0.657753 0.01 0.01
0 0.464986 0.690694 0.01 0.01
0 0.506677 0.622459 0.01 0.01
0 0.518589 0.678930 0.01 0.01
0 0.541089 0.509518 0.01 0.01
0 0.583442 0.216577 0.01 0.01
0 0.591383 0.225989 0.01 0.01
0 0.607266 0.214224 0.01 0.01
0 0.570869 0.316577 0.01 0.01
0 0.578148 0.328342 0.01 0.01
0 0.646310 0.311871 0.01 0.01
0 0.659545 0.364812 0.01 0.01
0 0.635060 0.380106 0.01 0.01
0 0.652266 0.393047 0.01 0.01
0 0.657560 0.441283 0.01 0.01
0 0.604619 0.434224 0.01 0.01
0 0.537780 0.417753 0.01 0.01
0 0.656236 0.473047 0.01 0.01
0 0.677413 0.564812 0.01 0.01
0 0.637707 0.543636 0.01 0.01
0 0.601972 0.544812 0.01 0.01
0 0.576824 0.591871 0.01 0.01
0 0.568883 0.648341 0.01 0.01
0 0.573516 0.671871 0.01 0.01
0 0.628442 0.660106 0.01 0.01
