0 0.822339 0.847165 0.01 0.01
0 0.840207 0.813047 0.01 0.01
0 0.797854 0.825989 0.01 0.01
0 0.793222 0.828341 0.01 0.01
0 0.765427 0.830694 0.01 0.01
0 0.758148 0.835400 0.01 0.01
0 0.801824 0.787165 0.01 0.01
0 0.822339 0.776577 0.01 0.01
0 0.817707 0.769518 0.01 0.01
0 0.822339 0.734224 0.01 0.01
0 0.817707 0.727165 0.01 0.01
0 0.819030 0.710694 0.01 0.01
0 0.828957 0.687165 0.01 0.01
0 0.848810 0.677753 0.01 0.01
0 0.851457 0.604812 0.01 0.01
0 0.763442 0.687165 0.01 0.01
0 0.750207 0.708342 0.01 0.01
0 0.720427 0.803636 0.01 0.01
0 0.719104 0.840106 0.01 0.01
0 0.693957 0.830694 0.01 0.01
0 0.683369 0.835400 0.01 0.01
0 0.679398 0.842459 0.01 0.01
0 0.691971 0.669518 0.01 0.01
0 0.735648 0.581283 0.01 0.01
0 0.813736 0.547165 0.01 0.01
0 0.817045 0.528342 0.01 0.01
0 0.819692 0.518930 0.01 0.01
0 0.808442 0.502459 0.01 0.01
0 0.794545 0.485989 0.01 0.01
0 0.832927 0.447165 0.01 0.01
0 0.844839 0.451871 0.01 0.01
0 0.754177 0.376577 0.01 0.01
0 0.821016 0.336577 0.01 0.01
0 0.812413 0.271871 0.01 0.01
0 0.790574 0.231871 0.01 0.01
0 0.815060 0.194224 0.01 0.01
0 0.801163 0.175400 0.01 0.01
0 0.821016 0.164812 0.01 0.01
0 0.821677 0.137753 0.01 0.01
0 0.813074 0.115400 0.01 0.01
0 0.809104 0.104812 0.01 0.01
0 0.811751 0.098930 0.01 0.01
0 0.807119 0.091871 0.01 0.01
0 0.807119 0.044812 0.01 0.01
0 0.799177 0.077753 0.01 0.01
0 0.789251 0.053047 0.01 0.01
0 0.768074 0.069518 0.01 0.01
0 0.759472 0.051871 0.01 0.01
0 0.754839 0.050694 0.01 0.01
0 0.747560 0.050694 0.01 0.01
0 0.727707 0.044812 0.01 0.01
0 0.714472 0.053047 0.01 0.01
0 0.698589 0.047165 0.01 0.01
0 0.693957 0.047165 0.01 0.01
0 0.692633 0.055400 0.01 0.01
0 0.672780 0.040106 0.01 0.01
0 0.668810 0.042459 0.01 0.01
0 0.654913 0.051871 0.01 0.01
0 0.633736 0.041283 0.01 0.01
0 0.623148 0.043636 0.01 0.01
0 0.632413 0.114224 0.01 0.01
0 0.654913 0.098930 0.01 0.01
0 0.641677 0.078930 0.01 0.01
0 0.670133 0.068342 0.01 0.01
0 0.686677 0.097753 0.01 0.01
0 0.685354 0.113047 0.01 0.01
0 0.758148 0.115400 0.01 0.01
0 0.703883 0.267165 0.01 0.01
0 0.658222 0.303636 0.01 0.01
0 0.649619 0.365989 0.01 0.01
0 0.650942 0.385989 0.01 0.01
0 0.625133 0.381283 0.01 0.01
0 0.641677 0.449518 0.01 0.01
0 0.648295 0.470694 0.01 0.01
0 0.660207 0.485989 0.01 0.01
0 0.684030 0.504812 0.01 0.01
0 0.613883 0.831871 0.01 0.01
0 0.575501 0.831871 0.01 0.01
0 0.549030 0.778930 0.01 0.01
0 0.572854 0.743636 0.01 0.01
0 0.622486 0.754224 0.01 0.01
0 0.617854 0.683636 0.01 0.01
0 0.560942 0.685989 0.01 0.01
0 0.566898 0.670694 0.01 0.01
0 0.560942 0.647165 0.01 0.01
0 0.568883 0.590694 0.01 0.01
0 0.589398 0.585989 0.01 0.01
0 0.536457 0.502459 0.01 0.01
0 0.597339 0.437753 0.01 0.01
0 0.547707 0.414224 0.01 0.01
0 0.566236 0.331871 0.01 0.01
0 0.576824 0.323636 0.01 0.01
0 0.584766 0.225989 0.01 0.01
0 0.587413 0.118930 0.01 0.01
0 0.601310 0.114224 0.01 0.01
0 0.571530 0.078930 0.01 0.01
0 0.578148 0.060106 0.01 0.01
0 0.555648 0.133047 0.01 0.01
0 0.535133 0.134224 0.01 0.01
0 0.524545 0.073047 0.01 0.01
0 0.508001 0.038930 0.01 0.01
0 0.500722 0.054224 0.01 0.01
0 0.476236 0.036577 0.01 0.01
0 0.468295 0.057753 0.01 0.01
0 0.439177 0.044812 0.01 0.01
0 0.439177 0.055400 0.01 0.01
0 0.422633 0.035400 0.01 0.01
0 0.407413 0.045989 0.01 0.01
0 0.393516 0.049518 0.01 0.01
0 0.361089 0.045989 0.01 0.01
0 0.350501 0.045989 0.01 0.01
0 0.354472 0.074224 0.01 0.01
0 0.333295 0.047165 0.01 0.01
0 0.322707 0.063636 0.01 0.01
0 0.483516 0.110694 0.01 0.01
0 0.472266 0.128342 0.01 0.01
0 0.489472 0.161283 0.01 0.01
0 0.486824 0.228342 0.01 0.01
0 0.498736 0.244812 0.01 0.01
0 0.512633 0.247165 0.01 0.01
0 0.539104 0.228342 0.01 0.01
0 0.511310 0.304812 0.01 0.01
0 0.472927 0.269518 0.01 0.01
0 0.422633 0.254224 0.01 0.01
0 0.380280 0.227165 0.01 0.01
0 0.321383 0.171871 0.01 0.01
0 0.294913 0.231871 0.01 0.01
0 0.271089 0.276577 0.01 0.01
0 0.228736 0.235400 0.01 0.01
0 0.200942 0.248342 0.01 0.01
0 0.183074 0.256577 0.01 0.01
0 0.179766 0.260106 0.01 0.01
0 0.182413 0.274224 0.01 0.01
0 0.167854 0.277753 0.01 0.01
0 0.167192 0.303636 0.01 0.01
0 0.183074 0.328342 0.01 0.01
0 0.182413 0.381283 0.01 0.01
0 0.166530 0.400106 0.01 0.01
0 0.134766 0.438930 0.01 0.01
0 0.176457 0.230694 0.01 0.01
0 0.272413 0.057753 0.01 0.01
0 0.263148 0.045989 0.01 0.01
0 0.242633 0.060106 0.01 0.01
0 0.243295 0.047165 0.01 0.01
0 0.238663 0.040106 0.01 0.01
0 0.231383 0.041283 0.01 0.01
0 0.235354 0.047165 0.01 0.01
0 0.234692 0.054224 0.01 0.01
0 0.208222 0.062459 0.01 0.01
0 0.201604 0.073047 0.01 0.01
0 0.190354 0.063636 0.01 0.01
0 0.190354 0.055400 0.01 0.01
0 0.172486 0.065989 0.01 0.01
0 0.157266 0.075400 0.01 0.01
0 0.153957 0.081283 0.01 0.01
0 0.142045 0.075400 0.01 0.01
0 0.175133 0.093047 0.01 0.01
0 0.178442 0.103636 0.01 0.01
0 0.187707 0.094224 0.01 0.01
0 0.181751 0.114224 0.01 0.01
0 0.185722 0.125989 0.01 0.01
0 0.200942 0.135400 0.01 0.01
0 0.208883 0.131871 0.01 0.01
0 0.199619 0.116577 0.01 0.01
0 0.212854 0.103636 0.01 0.01
0 0.239324 0.404812 0.01 0.01
0 0.242633 0.361283 0.01 0.01
0 0.269104 0.397753 0.01 0.01
0 0.324030 0.342459 0.01 0.01
0 0.386898 0.358930 0.01 0.01
0 0.412707 0.388342 0.01 0.01
0 0.457707 0.355400 0.01 0.01
0 0.462339 0.376577 0.01 0.01
0 0.478222 0.505989 0.01 0.01
0 0.481530 0.529518 0.01 0.01
0 0.459692 0.577753 0.01 0.01
0 0.459030 0.611871 0.01 0.01
0 0.500060 0.654224 0.01 0.01
0 0.504692 0.598930 0.01 0.01
0 0.439177 0.534224 0.01 0.01
0 0.418663 0.575400 0.01 0.01
0 0.425280 0.490694 0.01 0.01
0 0.398148 0.502459 0.01 0.01
0 0.380280 0.449518 0.01 0.01
0 0.370354 0.556577 0.01 0.01
0 0.340574 0.595400 0.01 0.01
0 0.309472 0.524812 0.01 0.01
0 0.279030 0.601283 0.01 0.01
0 0.281016 0.634224 0.01 0.01
0 0.279030 0.655400 0.01 0.01
0 0.268442 0.581283 0.01 0.01
0 0.239986 0.548342 0.01 0.01
0 0.228074 0.473047 0.01 0.01
0 0.182413 0.465989 0.01 0.01
0 0.180427 0.501283 0.01 0.01
0 0.177780 0.540106 0.01 0.01
0 0.180427 0.575400 0.01 0.01
0 0.165207 0.558930 0.01 0.01
0 0.193001 0.575400 0.01 0.01
0 0.179766 0.628341 0.01 0.01
0 0.181751 0.641283 0.01 0.01
0 0.181089 0.656577 0.01 0.01
0 0.127486 0.709518 0.01 0.01
0 0.185060 0.704812 0.01 0.01
0 0.195648 0.720106 0.01 0.01
0 0.177780 0.735400 0.01 0.01
0 0.178442 0.748342 0.01 0.01
0 0.178442 0.763636 0.01 0.01
0 0.171163 0.765989 0.01 0.01
0 0.161236 0.780106 0.01 0.01
0 0.166530 0.843636 0.01 0.01
0 0.150648 0.868342 0.01 0.01
0 0.192339 0.829518 0.01 0.01
0 0.212192 0.849518 0.01 0.01
0 0.214177 0.810694 0.01 0.01
0 0.197633 0.805989 0.01 0.01
0 0.193663 0.798930 0.01 0.01
0 0.189692 0.784812 0.01 0.01
0 0.183074 0.790694 0.01 0.01
0 0.214177 0.763636 0.01 0.01
0 0.234030 0.750694 0.01 0.01
0 0.247266 0.733047 0.01 0.01
0 0.229398 0.701283 0.01 0.01
0 0.239324 0.695400 0.01 0.01
0 0.247266 0.694224 0.01 0.01
0 0.249251 0.831871 0.01 0.01
0 0.255869 0.831871 0.01 0.01
0 0.255207 0.845989 0.01 0.01
0 0.273736 0.823636 0.01 0.01
0 0.279692 0.827165 0.01 0.01
0 0.316089 0.794224 0.01 0.01
0 0.319398 0.687165 0.01 0.01
0 0.393516 0.658930 0.01 0.01
0 0.380280 0.782459 0.01 0.01
0 0.383589 0.803636 0.01 0.01
0 0.392192 0.827165 0.01 0.01
0 0.437192 0.776577 0.01 0.01
0 0.455060 0.750694 0.01 0.01
0 0.456383 0.694224 0.01 0.01
0 0.444472 0.834224 0.01 0.01
0 0.452413 0.825989 0.01 0.01
0 0.468295 0.834224 0.01 0.01
0 0.484177 0.828341 0.01 0.01
0 0.502707 0.808341 0.01 0.01
0 0.509986 0.854224 0.01 0.01
0 0.522560 0.861283 0.01 0.01
