0 0.191406 0.216667 0.01 0.01
0 0.192969 0.150000 0.01 0.01
0 0.210938 0.168056 0.01 0.01
0 0.217187 0.205556 0.01 0.01
0 0.228906 0.247222 0.01 0.01
0 0.233594 0.263889 0.01 0.01
0 0.231250 0.211111 0.01 0.01
0 0.230469 0.175000 0.01 0.01
0 0.232812 0.133333 0.01 0.01
0 0.246094 0.140278 0.01 0.01
0 0.285937 0.108333 0.01 0.01
0 0.297656 0.102778 0.01 0.01
0 0.317969 0.106944 0.01 0.01
0 0.336719 0.150000 0.01 0.01
0 0.350781 0.155556 0.01 0.01
0 0.350781 0.118056 0.01 0.01
0 0.356250 0.106944 0.01 0.01
0 0.363281 0.201389 0.01 0.01
0 0.287500 0.343056 0.01 0.01
0 0.270312 0.394444 0.01 0.01
0 0.259375 0.441667 0.01 0.01
0 0.226562 0.413889 0.01 0.01
0 0.225000 0.438889 0.01 0.01
0 0.229687 0.483333 0.01 0.01
0 0.367188 0.475000 0.01 0.01
0 0.373437 0.351389 0.01 0.01
0 0.396094 0.306944 0.01 0.01
0 0.421094 0.373611 0.01 0.01
0 0.462500 0.388889 0.01 0.01
0 0.470313 0.438889 0.01 0.01
0 0.446875 0.512500 0.01 0.01
0 0.477344 0.359722 0.01 0.01
0 0.432813 0.270833 0.01 0.01
0 0.519531 0.286111 0.01 0.01
0 0.535156 0.226389 0.01 0.01
0 0.472656 0.109722 0.01 0.01
0 0.482812 0.093056 0.01 0.01
0 0.487500 0.076389 0.01 0.01
0 0.569531 0.102778 0.01 0.01
0 0.601562 0.108333 0.01 0.01
0 0.601562 0.140278 0.01 0.01
0 0.627344 0.108333 0.01 0.01
0 0.579687 0.372222 0.01 0.01
0 0.577344 0.356944 0.01 0.01
0 0.679688 0.223611 0.01 0.01
0 0.728125 0.113889 0.01 0.01
0 0.735937 0.094444 0.01 0.01
0 0.723437 0.076389 0.01 0.01
0 0.753125 0.090278 0.01 0.01
0 0.781250 0.106944 0.01 0.01
0 0.779688 0.155556 0.01 0.01
0 0.796094 0.097222 0.01 0.01
0 0.797656 0.115278 0.01 0.01
0 0.808594 0.115278 0.01 0.01
0 0.812500 0.072222 0.01 0.01
0 0.831250 0.108333 0.01 0.01
0 0.845312 0.101389 0.01 0.01
0 0.875000 0.113889 0.01 0.01
0 0.884375 0.134722 0.01 0.01
0 0.886719 0.168056 0.01 0.01
0 0.895312 0.168056 0.01 0.01
0 0.907812 0.177778 0.01 0.01
0 0.898438 0.150000 0.01 0.01
0 0.921094 0.150000 0.01 0.01
0 0.909375 0.108333 0.01 0.01
0 0.776563 0.247222 0.01 0.01
0 0.778125 0.276389 0.01 0.01
0 0.789844 0.340278 0.01 0.01
0 0.845312 0.312500 0.01 0.01
0 0.897656 0.333333 0.01 0.01
0 0.933594 0.304167 0.01 0.01
0 0.901563 0.433333 0.01 0.01
0 0.913281 0.461111 0.01 0.01
0 0.898438 0.572222 0.01 0.01
0 0.898438 0.612500 0.01 0.01
0 0.902344 0.631944 0.01 0.01
0 0.915625 0.647222 0.01 0.01
0 0.791406 0.608333 0.01 0.01
0 0.770312 0.600000 0.01 0.01
0 0.746094 0.651389 0.01 0.01
0 0.717188 0.581944 0.01 0.01
0 0.683594 0.544444 0.01 0.01
0 0.682813 0.487500 0.01 0.01
0 0.699219 0.477778 0.01 0.01
0 0.704687 0.422222 0.01 0.01
0 0.667969 0.454167 0.01 0.01
0 0.653125 0.456944 0.01 0.01
0 0.643750 0.481944 0.01 0.01
0 0.632812 0.552778 0.01 0.01
0 0.601562 0.520833 0.01 0.01
0 0.485156 0.520833 0.01 0.01
0 0.528906 0.590278 0.01 0.01
0 0.936719 0.772222 0.01 0.01
0 0.899219 0.812500 0.01 0.01
0 0.886719 0.831944 0.01 0.01
0 0.892187 0.894444 0.01 0.01
0 0.918750 0.931944 0.01 0.01
0 0.882031 0.909722 0.01 0.01
0 0.870313 0.900000 0.01 0.01
0 0.861719 0.912500 0.01 0.01
0 0.852344 0.920833 0.01 0.01
0 0.833594 0.950000 0.01 0.01
0 0.832031 0.936111 0.01 0.01
0 0.808594 0.977778 0.01 0.01
0 0.789062 0.936111 0.01 0.01
0 0.807031 0.861111 0.01 0.01
0 0.734375 0.927778 0.01 0.01
0 0.729688 0.936111 0.01 0.01
0 0.724219 0.951389 0.01 0.01
0 0.701563 0.922222 0.01 0.01
0 0.682813 0.877778 0.01 0.01
0 0.678906 0.880556 0.01 0.01
0 0.722656 0.872222 0.01 0.01
0 0.721094 0.838889 0.01 0.01
0 0.775781 0.770833 0.01 0.01
0 0.646875 0.704167 0.01 0.01
0 0.613281 0.744444 0.01 0.01
0 0.578906 0.806944 0.01 0.01
0 0.600781 0.659722 0.01 0.01
0 0.553906 0.691667 0.01 0.01
0 0.530469 0.762500 0.01 0.01
0 0.532031 0.909722 0.01 0.01
0 0.497656 0.886111 0.01 0.01
0 0.494531 0.908333 0.01 0.01
0 0.498437 0.944444 0.01 0.01
0 0.411719 0.937500 0.01 0.01
0 0.390625 0.923611 0.01 0.01
0 0.384375 0.926389 0.01 0.01
0 0.390625 0.894444 0.01 0.01
0 0.378125 0.852778 0.01 0.01
0 0.360938 0.862500 0.01 0.01
0 0.353906 0.920833 0.01 0.01
0 0.349219 0.937500 0.01 0.01
0 0.337500 0.930556 0.01 0.01
0 0.418750 0.783333 0.01 0.01
0 0.398438 0.754167 0.01 0.01
0 0.354688 0.780556 0.01 0.01
0 0.365625 0.740278 0.01 0.01
0 0.357031 0.740278 0.01 0.01
0 0.361719 0.655556 0.01 0.01
0 0.428906 0.654167 0.01 0.01
0 0.465625 0.670833 0.01 0.01
0 0.469531 0.644444 0.01 0.01
0 0.323438 0.670833 0.01 0.01
0 0.268750 0.663889 0.01 0.01
0 0.273438 0.652778 0.01 0.01
0 0.257031 0.570833 0.01 0.01
0 0.225000 0.559722 0.01 0.01
0 0.227344 0.669444 0.01 0.01
0 0.222656 0.715278 0.01 0.01
0 0.227344 0.752778 0.01 0.01
0 0.228906 0.816667 0.01 0.01
0 0.234375 0.825000 0.01 0.01
0 0.225000 0.825000 0.01 0.01
0 0.229687 0.855556 0.01 0.01
0 0.211719 0.879167 0.01 0.01
0 0.179688 0.870833 0.01 0.01
0 0.178906 0.929167 0.01 0.01
0 0.197656 0.970833 0.01 0.01
0 0.247656 0.977778 0.01 0.01
0 0.229687 0.877778 0.01 0.01
0 0.242188 0.902778 0.01 0.01
0 0.257031 0.919444 0.01 0.01
0 0.268750 0.911111 0.01 0.01
0 0.281250 0.936111 0.01 0.01
0 0.293750 0.916667 0.01 0.01
0 0.296094 0.877778 0.01 0.01
0 0.300781 0.983333 0.01 0.01
0 0.335156 0.363889 0.01 0.01
0 0.231250 0.337500 0.01 0.01
