0 0.869986 0.777753 0.01 0.01
0 0.869986 0.845989 0.01 0.01
0 0.843516 0.854224 0.01 0.01
0 0.830942 0.881283 0.01 0.01
0 0.803148 0.920106 0.01 0.01
0 0.812413 0.865989 0.01 0.01
0 0.807780 0.853047 0.01 0.01
0 0.787266 0.840106 0.01 0.01
0 0.776016 0.868342 0.01 0.01
0 0.763442 0.861283 0.01 0.01
0 0.744913 0.868342 0.01 0.01
0 0.707854 0.884812 0.01 0.01
0 0.715795 0.843636 0.01 0.01
0 0.680722 0.725989 0.01 0.01
0 0.705207 0.708342 0.01 0.01
0 0.593369 0.868342 0.01 0.01
0 0.588736 0.860106 0.01 0.01
0 0.572192 0.825989 0.01 0.01
0 0.586089 0.825989 0.01 0.01
0 0.587413 0.777753 0.01 0.01
0 0.606604 0.790694 0.01 0.01
0 0.757486 0.714224 0.01 0.01
0 0.731677 0.703636 0.01 0.01
0 0.778001 0.714224 0.01 0.01
0 0.830280 0.798930 0.01 0.01
0 0.831604 0.748342 0.01 0.01
0 0.833589 0.728342 0.01 0.01
0 0.846824 0.710694 0.01 0.01
0 0.820354 0.693047 0.01 0.01
0 0.815722 0.657753 0.01 0.01
0 0.834913 0.648341 0.01 0.01
0 0.828957 0.600106 0.01 0.01
0 0.833589 0.575400 0.01 0.01
0 0.826972 0.573047 0.01 0.01
0 0.818369 0.567165 0.01 0.01
0 0.791898 0.507165 0.01 0.01
0 0.857413 0.475400 0.01 0.01
0 0.862045 0.470694 0.01 0.01
0 0.834251 0.397753 0.01 0.01
0 0.800501 0.376577 0.01 0.01
0 0.827633 0.308342 0.01 0.01
0 0.855427 0.261283 0.01 0.01
0 0.830942 0.224812 0.01 0.01
0 0.805133 0.208342 0.01 0.01
0 0.742927 0.213047 0.01 0.01
0 0.833589 0.185989 0.01 0.01
0 0.836236 0.180106 0.01 0.01
0 0.844177 0.134224 0.01 0.01
0 0.834913 0.133047 0.01 0.01
0 0.842192 0.087165 0.01 0.01
0 0.830280 0.124812 0.01 0.01
0 0.825648 0.125989 0.01 0.01
0 0.821677 0.122459 0.01 0.01
0 0.812413 0.100106 0.01 0.01
0 0.801824 0.085989 0.01 0.01
0 0.796530 0.085989 0.01 0.01
0 0.773369 0.087165 0.01 0.01
0 0.766751 0.073047 0.01 0.01
0 0.764104 0.083636 0.01 0.01
0 0.779986 0.117753 0.01 0.01
0 0.751530 0.131871 0.01 0.01
0 0.739619 0.074224 0.01 0.01
0 0.723074 0.074224 0.01 0.01
0 0.718442 0.076577 0.01 0.01
0 0.722413 0.060106 0.01 0.01
0 0.701236 0.082459 0.01 0.01
0 0.688663 0.076577 0.01 0.01
0 0.679398 0.076577 0.01 0.01
0 0.669472 0.070694 0.01 0.01
0 0.658883 0.082459 0.01 0.01
0 0.652927 0.063636 0.01 0.01
0 0.689986 0.128342 0.01 0.01
0 0.640354 0.151871 0.01 0.01
0 0.621163 0.164812 0.01 0.01
0 0.623810 0.208342 0.01 0.01
0 0.619177 0.114224 0.01 0.01
0 0.603957 0.084812 0.01 0.01
0 0.591383 0.078930 0.01 0.01
0 0.589398 0.090694 0.01 0.01
0 0.572854 0.090694 0.01 0.01
0 0.551016 0.068342 0.01 0.01
0 0.527854 0.073047 0.01 0.01
0 0.491457 0.068342 0.01 0.01
0 0.474913 0.088342 0.01 0.01
0 0.452413 0.061283 0.01 0.01
0 0.435869 0.078930 0.01 0.01
0 0.431236 0.082459 0.01 0.01
0 0.463001 0.128342 0.01 0.01
0 0.477560 0.169518 0.01 0.01
0 0.488810 0.160106 0.01 0.01
0 0.500722 0.191871 0.01 0.01
0 0.530501 0.141283 0.01 0.01
0 0.570207 0.163636 0.01 0.01
0 0.590060 0.256577 0.01 0.01
0 0.584104 0.360106 0.01 0.01
0 0.560942 0.329518 0.01 0.01
0 0.510648 0.367165 0.01 0.01
0 0.515280 0.356577 0.01 0.01
0 0.515942 0.328342 0.01 0.01
0 0.511972 0.276577 0.01 0.01
0 0.429251 0.297753 0.01 0.01
0 0.384251 0.295400 0.01 0.01
0 0.401457 0.214224 0.01 0.01
0 0.374324 0.130694 0.01 0.01
0 0.376972 0.115400 0.01 0.01
0 0.371677 0.078930 0.01 0.01
0 0.393516 0.070694 0.01 0.01
0 0.343883 0.073047 0.01 0.01
0 0.335280 0.090694 0.01 0.01
0 0.296898 0.057753 0.01 0.01
0 0.271751 0.073047 0.01 0.01
0 0.262486 0.073047 0.01 0.01
0 0.248589 0.069518 0.01 0.01
0 0.254545 0.103636 0.01 0.01
0 0.228736 0.078930 0.01 0.01
0 0.222119 0.084812 0.01 0.01
0 0.216163 0.083636 0.01 0.01
0 0.212854 0.089518 0.01 0.01
0 0.216163 0.068342 0.01 0.01
0 0.193663 0.061283 0.01 0.01
0 0.203589 0.025989 0.01 0.01
0 0.220133 0.098930 0.01 0.01
0 0.220133 0.108342 0.01 0.01
0 0.209545 0.115400 0.01 0.01
0 0.208222 0.122459 0.01 0.01
0 0.202266 0.108342 0.01 0.01
0 0.193663 0.115400 0.01 0.01
0 0.202266 0.125989 0.01 0.01
0 0.200280 0.129518 0.01 0.01
0 0.202927 0.147165 0.01 0.01
0 0.193663 0.149518 0.01 0.01
0 0.186383 0.131871 0.01 0.01
0 0.167854 0.165989 0.01 0.01
0 0.171824 0.182459 0.01 0.01
0 0.212854 0.144812 0.01 0.01
0 0.222780 0.161283 0.01 0.01
0 0.210869 0.207165 0.01 0.01
0 0.198295 0.223636 0.01 0.01
0 0.194324 0.241283 0.01 0.01
0 0.195648 0.260106 0.01 0.01
0 0.196310 0.281283 0.01 0.01
0 0.193663 0.298930 0.01 0.01
0 0.193663 0.309518 0.01 0.01
0 0.186383 0.308342 0.01 0.01
0 0.171163 0.310694 0.01 0.01
0 0.273074 0.288341 0.01 0.01
0 0.277045 0.234224 0.01 0.01
0 0.292266 0.233047 0.01 0.01
0 0.326677 0.384812 0.01 0.01
0 0.260501 0.389518 0.01 0.01
0 0.247266 0.431871 0.01 0.01
0 0.194986 0.402459 0.01 0.01
0 0.194986 0.416577 0.01 0.01
0 0.184398 0.437753 0.01 0.01
0 0.174472 0.389518 0.01 0.01
0 0.193663 0.484812 0.01 0.01
0 0.192339 0.524812 0.01 0.01
0 0.639692 0.401283 0.01 0.01
0 0.639692 0.417753 0.01 0.01
0 0.648957 0.410694 0.01 0.01
0 0.712486 0.453047 0.01 0.01
0 0.696604 0.551871 0.01 0.01
0 0.660207 0.508341 0.01 0.01
0 0.625133 0.571871 0.01 0.01
0 0.609251 0.467165 0.01 0.01
0 0.644324 0.622459 0.01 0.01
0 0.590721 0.585989 0.01 0.01
0 0.568883 0.631871 0.01 0.01
0 0.573516 0.678930 0.01 0.01
0 0.578810 0.703636 0.01 0.01
0 0.508663 0.685989 0.01 0.01
0 0.533810 0.591871 0.01 0.01
0 0.528516 0.576577 0.01 0.01
0 0.494104 0.567165 0.01 0.01
0 0.480869 0.562459 0.01 0.01
0 0.447119 0.528342 0.01 0.01
0 0.464986 0.607165 0.01 0.01
0 0.436530 0.615400 0.01 0.01
0 0.445133 0.710694 0.01 0.01
0 0.469619 0.725989 0.01 0.01
0 0.525869 0.758930 0.01 0.01
0 0.522560 0.829518 0.01 0.01
0 0.536457 0.822459 0.01 0.01
0 0.524545 0.863636 0.01 0.01
0 0.494104 0.860106 0.01 0.01
0 0.480207 0.865989 0.01 0.01
0 0.472927 0.860106 0.01 0.01
0 0.462339 0.868342 0.01 0.01
0 0.421971 0.849518 0.01 0.01
0 0.395501 0.860106 0.01 0.01
0 0.396824 0.828341 0.01 0.01
0 0.393516 0.890694 0.01 0.01
0 0.354472 0.858930 0.01 0.01
0 0.331971 0.725989 0.01 0.01
0 0.455060 0.454224 0.01 0.01
0 0.433883 0.447165 0.01 0.01
0 0.427927 0.405989 0.01 0.01
0 0.451089 0.423636 0.01 0.01
0 0.476236 0.411871 0.01 0.01
0 0.486824 0.385989 0.01 0.01
0 0.522560 0.449518 0.01 0.01
0 0.352486 0.633047 0.01 0.01
0 0.376310 0.591871 0.01 0.01
0 0.322707 0.551871 0.01 0.01
0 0.279030 0.493047 0.01 0.01
0 0.251898 0.577753 0.01 0.01
0 0.246604 0.637753 0.01 0.01
0 0.234692 0.647165 0.01 0.01
0 0.273074 0.636577 0.01 0.01
0 0.278369 0.615400 0.01 0.01
0 0.287633 0.670694 0.01 0.01
0 0.288957 0.705989 0.01 0.01
0 0.277045 0.724812 0.01 0.01
0 0.257854 0.745989 0.01 0.01
0 0.247927 0.725989 0.01 0.01
0 0.242633 0.742459 0.01 0.01
0 0.239986 0.728342 0.01 0.01
0 0.246604 0.776577 0.01 0.01
0 0.267119 0.853047 0.01 0.01
0 0.289619 0.858930 0.01 0.01
0 0.247266 0.884812 0.01 0.01
0 0.237339 0.856577 0.01 0.01
0 0.194986 0.601283 0.01 0.01
0 0.142707 0.594224 0.01 0.01
0 0.173810 0.643636 0.01 0.01
0 0.191677 0.650694 0.01 0.01
0 0.193663 0.689518 0.01 0.01
0 0.189030 0.702459 0.01 0.01
0 0.189692 0.717753 0.01 0.01
0 0.155280 0.722459 0.01 0.01
0 0.155280 0.711871 0.01 0.01
0 0.144692 0.780106 0.01 0.01
0 0.136751 0.811871 0.01 0.01
0 0.189030 0.773047 0.01 0.01
0 0.193001 0.769518 0.01 0.01
0 0.189692 0.788342 0.01 0.01
0 0.191016 0.797753 0.01 0.01
0 0.196310 0.808341 0.01 0.01
0 0.201604 0.822459 0.01 0.01
0 0.210207 0.842459 0.01 0.01
0 0.214177 0.835400 0.01 0.01
0 0.222119 0.841283 0.01 0.01
0 0.227413 0.842459 0.01 0.01
0 0.209545 0.856577 0.01 0.01
0 0.204251 0.897753 0.01 0.01
0 0.183736 0.901283 0.01 0.01
0 0.176457 0.876577 0.01 0.01
0 0.190354 0.840106 0.01 0.01
