0 0.878906 0.166667 0.01 0.01
0 0.859375 0.184722 0.01 0.01
0 0.844531 0.126389 0.01 0.01
0 0.831250 0.106944 0.01 0.01
0 0.807813 0.100000 0.01 0.01
0 0.763281 0.093056 0.01 0.01
0 0.747656 0.063889 0.01 0.01
0 0.668750 0.091667 0.01 0.01
0 0.683594 0.165278 0.01 0.01
0 0.787500 0.179167 0.01 0.01
0 0.763281 0.238889 0.01 0.01
0 0.759375 0.323611 0.01 0.01
0 0.621094 0.194444 0.01 0.01
0 0.610937 0.087500 0.01 0.01
0 0.525781 0.090278 0.01 0.01
0 0.457812 0.091667 0.01 0.01
0 0.457812 0.113889 0.01 0.01
0 0.447656 0.140278 0.01 0.01
0 0.432813 0.201389 0.01 0.01
0 0.425781 0.088889 0.01 0.01
0 0.350000 0.259722 0.01 0.01
0 0.349219 0.086111 0.01 0.01
0 0.324219 0.122222 0.01 0.01
0 0.277344 0.086111 0.01 0.01
0 0.267969 0.033333 0.01 0.01
0 0.217969 0.118056 0.01 0.01
0 0.209375 0.137500 0.01 0.01
0 0.205469 0.152778 0.01 0.01
0 0.203906 0.251389 0.01 0.01
0 0.217187 0.447222 0.01 0.01
0 0.213281 0.481944 0.01 0.01
0 0.473437 0.337500 0.01 0.01
0 0.506250 0.426389 0.01 0.01
0 0.557031 0.383333 0.01 0.01
0 0.564844 0.365278 0.01 0.01
0 0.542969 0.366667 0.01 0.01
0 0.591406 0.263889 0.01 0.01
0 0.569531 0.250000 0.01 0.01
0 0.556250 0.250000 0.01 0.01
0 0.557813 0.226389 0.01 0.01
0 0.621094 0.350000 0.01 0.01
0 0.601562 0.362500 0.01 0.01
0 0.605469 0.430556 0.01 0.01
0 0.612500 0.515278 0.01 0.01
0 0.708594 0.501389 0.01 0.01
0 0.742188 0.552778 0.01 0.01
0 0.781250 0.537500 0.01 0.01
0 0.811719 0.463889 0.01 0.01
0 0.853125 0.415278 0.01 0.01
0 0.853125 0.523611 0.01 0.01
0 0.853125 0.600000 0.01 0.01
0 0.875781 0.651389 0.01 0.01
0 0.869531 0.666667 0.01 0.01
0 0.867969 0.672222 0.01 0.01
0 0.825000 0.704167 0.01 0.01
0 0.799219 0.762500 0.01 0.01
0 0.749219 0.804167 0.01 0.01
0 0.738281 0.777778 0.01 0.01
0 0.700000 0.634722 0.01 0.01
0 0.686719 0.663889 0.01 0.01
0 0.672656 0.704167 0.01 0.01
0 0.642187 0.673611 0.01 0.01
0 0.616406 0.625000 0.01 0.01
0 0.592188 0.522222 0.01 0.01
0 0.537500 0.527778 0.01 0.01
0 0.579687 0.661111 0.01 0.01
0 0.611719 0.709722 0.01 0.01
0 0.601562 0.748611 0.01 0.01
0 0.615625 0.786111 0.01 0.01
0 0.650000 0.784722 0.01 0.01
0 0.675781 0.773611 0.01 0.01
0 0.688281 0.795833 0.01 0.01
0 0.680469 0.869444 0.01 0.01
0 0.707031 0.905556 0.01 0.01
0 0.782031 0.909722 0.01 0.01
0 0.781250 0.901389 0.01 0.01
0 0.798437 0.915278 0.01 0.01
0 0.844531 0.858333 0.01 0.01
0 0.627344 0.904167 0.01 0.01
0 0.610937 0.881944 0.01 0.01
0 0.575000 0.897222 0.01 0.01
0 0.548437 0.870833 0.01 0.01
0 0.533594 0.866667 0.01 0.01
0 0.528906 0.837500 0.01 0.01
0 0.502344 0.752778 0.01 0.01
0 0.510938 0.873611 0.01 0.01
0 0.482812 0.901389 0.01 0.01
0 0.482812 0.890278 0.01 0.01
0 0.478125 0.890278 0.01 0.01
0 0.448438 0.844444 0.01 0.01
0 0.358594 0.881944 0.01 0.01
0 0.344531 0.883333 0.01 0.01
0 0.340625 0.827778 0.01 0.01
0 0.310156 0.873611 0.01 0.01
0 0.293750 0.888889 0.01 0.01
0 0.283594 0.883333 0.01 0.01
0 0.278125 0.873611 0.01 0.01
0 0.253125 0.884722 0.01 0.01
0 0.200000 0.820833 0.01 0.01
0 0.196875 0.805556 0.01 0.01
0 0.211719 0.768056 0.01 0.01
0 0.191406 0.770833 0.01 0.01
0 0.205469 0.668056 0.01 0.01
0 0.210938 0.661111 0.01 0.01
0 0.200781 0.626389 0.01 0.01
0 0.201562 0.606944 0.01 0.01
0 0.200781 0.602778 0.01 0.01
0 0.276563 0.745833 0.01 0.01
0 0.302344 0.779167 0.01 0.01
0 0.315625 0.681944 0.01 0.01
0 0.319531 0.569444 0.01 0.01
0 0.401563 0.680556 0.01 0.01
0 0.402344 0.790278 0.01 0.01
0 0.446094 0.691667 0.01 0.01
0 0.426562 0.598611 0.01 0.01
0 0.420312 0.572222 0.01 0.01
0 0.444531 0.566667 0.01 0.01
