0 0.856250 0.120833 0.01 0.01
0 0.864844 0.169444 0.01 0.01
0 0.787500 0.156944 0.01 0.01
0 0.803125 0.072222 0.01 0.01
0 0.781250 0.034722 0.01 0.01
0 0.782031 0.004167 0.01 0.01
0 0.697656 0.141667 0.01 0.01
0 0.642187 0.073611 0.01 0.01
0 0.831250 0.238889 0.01 0.01
0 0.751562 0.418056 0.01 0.01
0 0.725781 0.430556 0.01 0.01
0 0.818750 0.469444 0.01 0.01
0 0.863281 0.545833 0.01 0.01
0 0.621875 0.559722 0.01 0.01
0 0.501562 0.327778 0.01 0.01
0 0.410937 0.338889 0.01 0.01
0 0.442187 0.659722 0.01 0.01
0 0.476562 0.740278 0.01 0.01
0 0.512500 0.781944 0.01 0.01
0 0.558594 0.876389 0.01 0.01
0 0.572656 0.929167 0.01 0.01
0 0.789844 0.831944 0.01 0.01
0 0.853906 0.858333 0.01 0.01
0 0.858594 0.805556 0.01 0.01
0 0.267969 0.890278 0.01 0.01
0 0.233594 0.718056 0.01 0.01
0 0.297656 0.176389 0.01 0.01
0 0.135156 0.063889 0.01 0.01
