0 0.227344 0.098611 0.01 0.01
0 0.235156 0.194444 0.01 0.01
0 0.230469 0.168056 0.01 0.01
0 0.250000 0.150000 0.01 0.01
0 0.278906 0.172222 0.01 0.01
0 0.310937 0.122222 0.01 0.01
0 0.352344 0.130556 0.01 0.01
0 0.359375 0.122222 0.01 0.01
0 0.232812 0.247222 0.01 0.01
0 0.231250 0.398611 0.01 0.01
0 0.239063 0.551389 0.01 0.01
0 0.299219 0.512500 0.01 0.01
0 0.425000 0.600000 0.01 0.01
0 0.412500 0.543056 0.01 0.01
0 0.528125 0.450000 0.01 0.01
0 0.517969 0.431944 0.01 0.01
0 0.450000 0.309722 0.01 0.01
0 0.497656 0.184722 0.01 0.01
0 0.524219 0.131944 0.01 0.01
0 0.567187 0.108333 0.01 0.01
0 0.663281 0.148611 0.01 0.01
0 0.652344 0.162500 0.01 0.01
0 0.621875 0.220833 0.01 0.01
0 0.617188 0.268056 0.01 0.01
0 0.597656 0.309722 0.01 0.01
0 0.589063 0.256944 0.01 0.01
0 0.567969 0.272222 0.01 0.01
0 0.536719 0.273611 0.01 0.01
0 0.532031 0.248611 0.01 0.01
0 0.562500 0.261111 0.01 0.01
0 0.650000 0.391667 0.01 0.01
0 0.728125 0.318056 0.01 0.01
0 0.732813 0.308333 0.01 0.01
0 0.721094 0.133333 0.01 0.01
0 0.724219 0.118056 0.01 0.01
0 0.802344 0.093056 0.01 0.01
0 0.831250 0.141667 0.01 0.01
0 0.853906 0.168056 0.01 0.01
0 0.864844 0.151389 0.01 0.01
0 0.865625 0.200000 0.01 0.01
0 0.865625 0.211111 0.01 0.01
0 0.870313 0.254167 0.01 0.01
0 0.872656 0.291667 0.01 0.01
0 0.880469 0.304167 0.01 0.01
0 0.895312 0.270833 0.01 0.01
0 0.885156 0.375000 0.01 0.01
0 0.664062 0.469444 0.01 0.01
0 0.708594 0.469444 0.01 0.01
0 0.680469 0.522222 0.01 0.01
0 0.753125 0.591667 0.01 0.01
0 0.781250 0.526389 0.01 0.01
0 0.824219 0.576389 0.01 0.01
0 0.870313 0.604167 0.01 0.01
0 0.867969 0.625000 0.01 0.01
0 0.903125 0.858333 0.01 0.01
0 0.900781 0.911111 0.01 0.01
0 0.867188 0.901389 0.01 0.01
0 0.857031 0.901389 0.01 0.01
0 0.853906 0.901389 0.01 0.01
0 0.869531 0.806944 0.01 0.01
0 0.867969 0.733333 0.01 0.01
0 0.782031 0.805556 0.01 0.01
0 0.745313 0.761111 0.01 0.01
0 0.746875 0.823611 0.01 0.01
0 0.744531 0.840278 0.01 0.01
0 0.746094 0.904167 0.01 0.01
0 0.771094 0.872222 0.01 0.01
0 0.779688 0.906944 0.01 0.01
0 0.796875 0.920833 0.01 0.01
0 0.806250 0.936111 0.01 0.01
0 0.801562 0.941667 0.01 0.01
0 0.792188 0.943056 0.01 0.01
0 0.769531 0.936111 0.01 0.01
0 0.646875 0.919444 0.01 0.01
0 0.659375 0.819444 0.01 0.01
0 0.635156 0.800000 0.01 0.01
0 0.689844 0.733333 0.01 0.01
0 0.646875 0.713889 0.01 0.01
0 0.614844 0.650000 0.01 0.01
0 0.611719 0.576389 0.01 0.01
0 0.564062 0.615278 0.01 0.01
0 0.582031 0.690278 0.01 0.01
0 0.570312 0.758333 0.01 0.01
0 0.558594 0.909722 0.01 0.01
0 0.558594 0.925000 0.01 0.01
0 0.536719 0.712500 0.01 0.01
0 0.532031 0.687500 0.01 0.01
0 0.528906 0.654167 0.01 0.01
0 0.528906 0.586111 0.01 0.01
0 0.476562 0.773611 0.01 0.01
0 0.439844 0.706944 0.01 0.01
0 0.382812 0.726389 0.01 0.01
0 0.304688 0.775000 0.01 0.01
0 0.349219 0.791667 0.01 0.01
0 0.382031 0.818056 0.01 0.01
0 0.407031 0.837500 0.01 0.01
0 0.432031 0.862500 0.01 0.01
0 0.455469 0.902778 0.01 0.01
0 0.396875 0.922222 0.01 0.01
0 0.381250 0.897222 0.01 0.01
0 0.371875 0.905556 0.01 0.01
0 0.360156 0.905556 0.01 0.01
0 0.325781 0.900000 0.01 0.01
0 0.314063 0.904167 0.01 0.01
0 0.290625 0.906944 0.01 0.01
0 0.261719 0.944444 0.01 0.01
0 0.218750 0.931944 0.01 0.01
0 0.244531 0.879167 0.01 0.01
0 0.219531 0.868056 0.01 0.01
0 0.233594 0.862500 0.01 0.01
0 0.229687 0.850000 0.01 0.01
0 0.231250 0.844444 0.01 0.01
0 0.221875 0.820833 0.01 0.01
0 0.218750 0.798611 0.01 0.01
0 0.225781 0.761111 0.01 0.01
0 0.242969 0.673611 0.01 0.01
0 0.225000 0.668056 0.01 0.01
