0 0.211719 0.033333 0.01 0.01
0 0.203906 0.056944 0.01 0.01
0 0.192188 0.091667 0.01 0.01
0 0.170312 0.191667 0.01 0.01
0 0.185937 0.145833 0.01 0.01
0 0.193750 0.170833 0.01 0.01
0 0.197656 0.152778 0.01 0.01
0 0.198437 0.147222 0.01 0.01
0 0.200000 0.140278 0.01 0.01
0 0.192969 0.131944 0.01 0.01
0 0.214844 0.152778 0.01 0.01
0 0.223438 0.161111 0.01 0.01
0 0.210938 0.143056 0.01 0.01
0 0.217187 0.141667 0.01 0.01
0 0.219531 0.109722 0.01 0.01
0 0.215625 0.094444 0.01 0.01
0 0.219531 0.093056 0.01 0.01
0 0.225781 0.091667 0.01 0.01
0 0.230469 0.081944 0.01 0.01
0 0.242188 0.088889 0.01 0.01
0 0.247656 0.077778 0.01 0.01
0 0.264062 0.080556 0.01 0.01
0 0.275000 0.076389 0.01 0.01
0 0.273438 0.062500 0.01 0.01
0 0.339844 0.100000 0.01 0.01
0 0.335938 0.075000 0.01 0.01
0 0.354688 0.077778 0.01 0.01
0 0.375000 0.115278 0.01 0.01
0 0.421875 0.081944 0.01 0.01
0 0.435937 0.077778 0.01 0.01
0 0.478906 0.069444 0.01 0.01
0 0.488281 0.070833 0.01 0.01
0 0.484375 0.086111 0.01 0.01
0 0.528125 0.070833 0.01 0.01
0 0.524219 0.112500 0.01 0.01
0 0.502344 0.200000 0.01 0.01
0 0.479688 0.141667 0.01 0.01
0 0.461719 0.134722 0.01 0.01
0 0.401563 0.145833 0.01 0.01
0 0.400781 0.219444 0.01 0.01
0 0.384375 0.291667 0.01 0.01
0 0.313281 0.351389 0.01 0.01
0 0.281250 0.343056 0.01 0.01
0 0.267969 0.343056 0.01 0.01
0 0.271094 0.225000 0.01 0.01
0 0.196875 0.202778 0.01 0.01
0 0.195312 0.233333 0.01 0.01
0 0.193750 0.245833 0.01 0.01
0 0.196094 0.268056 0.01 0.01
0 0.193750 0.293056 0.01 0.01
0 0.191406 0.312500 0.01 0.01
0 0.186719 0.304167 0.01 0.01
0 0.174219 0.312500 0.01 0.01
0 0.178125 0.362500 0.01 0.01
0 0.192188 0.358333 0.01 0.01
0 0.193750 0.388889 0.01 0.01
0 0.192969 0.415278 0.01 0.01
0 0.180469 0.445833 0.01 0.01
0 0.194531 0.477778 0.01 0.01
0 0.191406 0.512500 0.01 0.01
0 0.428906 0.304167 0.01 0.01
0 0.481250 0.322222 0.01 0.01
0 0.516406 0.365278 0.01 0.01
0 0.512500 0.368056 0.01 0.01
0 0.490625 0.384722 0.01 0.01
0 0.476562 0.412500 0.01 0.01
0 0.457812 0.398611 0.01 0.01
0 0.453125 0.368056 0.01 0.01
0 0.426562 0.408333 0.01 0.01
0 0.411719 0.466667 0.01 0.01
0 0.384375 0.501389 0.01 0.01
0 0.324219 0.520833 0.01 0.01
0 0.322656 0.552778 0.01 0.01
0 0.283594 0.531944 0.01 0.01
0 0.585938 0.365278 0.01 0.01
0 0.609375 0.462500 0.01 0.01
0 0.642187 0.413889 0.01 0.01
0 0.666406 0.434722 0.01 0.01
0 0.660156 0.506944 0.01 0.01
0 0.653125 0.412500 0.01 0.01
0 0.664844 0.393056 0.01 0.01
0 0.658594 0.270833 0.01 0.01
0 0.589844 0.244444 0.01 0.01
0 0.560938 0.290278 0.01 0.01
0 0.510938 0.279167 0.01 0.01
0 0.567969 0.166667 0.01 0.01
0 0.618750 0.169444 0.01 0.01
0 0.619531 0.180556 0.01 0.01
0 0.570312 0.083333 0.01 0.01
0 0.573438 0.093056 0.01 0.01
0 0.588281 0.075000 0.01 0.01
0 0.604688 0.081944 0.01 0.01
0 0.665625 0.062500 0.01 0.01
0 0.667188 0.136111 0.01 0.01
0 0.683594 0.087500 0.01 0.01
0 0.696875 0.080556 0.01 0.01
0 0.712500 0.079167 0.01 0.01
0 0.714063 0.052778 0.01 0.01
0 0.732031 0.075000 0.01 0.01
0 0.747656 0.079167 0.01 0.01
0 0.774219 0.076389 0.01 0.01
0 0.775781 0.095833 0.01 0.01
0 0.789062 0.079167 0.01 0.01
0 0.798437 0.106944 0.01 0.01
0 0.807813 0.093056 0.01 0.01
0 0.841406 0.083333 0.01 0.01
0 0.817187 0.108333 0.01 0.01
0 0.822656 0.120833 0.01 0.01
0 0.830469 0.136111 0.01 0.01
0 0.841406 0.155556 0.01 0.01
0 0.839844 0.177778 0.01 0.01
0 0.747656 0.136111 0.01 0.01
0 0.723437 0.151389 0.01 0.01
0 0.671875 0.154167 0.01 0.01
0 0.807813 0.212500 0.01 0.01
0 0.855469 0.251389 0.01 0.01
0 0.832031 0.272222 0.01 0.01
0 0.826563 0.308333 0.01 0.01
0 0.828906 0.350000 0.01 0.01
0 0.837500 0.431944 0.01 0.01
0 0.864844 0.447222 0.01 0.01
0 0.853906 0.475000 0.01 0.01
0 0.787500 0.508333 0.01 0.01
0 0.715625 0.483333 0.01 0.01
0 0.625000 0.525000 0.01 0.01
0 0.617188 0.566667 0.01 0.01
0 0.653906 0.605556 0.01 0.01
0 0.721094 0.581944 0.01 0.01
0 0.829687 0.573611 0.01 0.01
0 0.819531 0.595833 0.01 0.01
0 0.832031 0.605556 0.01 0.01
0 0.835156 0.645833 0.01 0.01
0 0.819531 0.698611 0.01 0.01
0 0.834375 0.734722 0.01 0.01
0 0.872656 0.825000 0.01 0.01
0 0.862500 0.863889 0.01 0.01
0 0.839844 0.855556 0.01 0.01
0 0.832031 0.806944 0.01 0.01
0 0.763281 0.719444 0.01 0.01
0 0.732031 0.823611 0.01 0.01
0 0.760156 0.863889 0.01 0.01
0 0.777344 0.870833 0.01 0.01
0 0.815625 0.906944 0.01 0.01
0 0.796875 0.915278 0.01 0.01
0 0.807031 0.856944 0.01 0.01
0 0.659375 0.818056 0.01 0.01
0 0.607813 0.833333 0.01 0.01
0 0.589063 0.865278 0.01 0.01
0 0.595312 0.790278 0.01 0.01
0 0.587500 0.784722 0.01 0.01
0 0.556250 0.848611 0.01 0.01
0 0.551562 0.872222 0.01 0.01
0 0.530469 0.868056 0.01 0.01
0 0.494531 0.865278 0.01 0.01
0 0.476562 0.866667 0.01 0.01
0 0.426562 0.850000 0.01 0.01
0 0.394531 0.843056 0.01 0.01
0 0.366406 0.866667 0.01 0.01
0 0.362500 0.856944 0.01 0.01
0 0.338281 0.900000 0.01 0.01
0 0.329688 0.726389 0.01 0.01
0 0.354688 0.634722 0.01 0.01
0 0.373437 0.594444 0.01 0.01
0 0.401563 0.669444 0.01 0.01
0 0.435937 0.613889 0.01 0.01
0 0.465625 0.609722 0.01 0.01
0 0.478906 0.563889 0.01 0.01
0 0.497656 0.569444 0.01 0.01
0 0.488281 0.641667 0.01 0.01
0 0.508594 0.688889 0.01 0.01
0 0.483594 0.709722 0.01 0.01
0 0.550000 0.622222 0.01 0.01
0 0.572656 0.677778 0.01 0.01
0 0.577344 0.706944 0.01 0.01
0 0.542188 0.779167 0.01 0.01
0 0.514063 0.826389 0.01 0.01
0 0.500781 0.808333 0.01 0.01
0 0.139844 0.800000 0.01 0.01
0 0.145313 0.791667 0.01 0.01
0 0.144531 0.748611 0.01 0.01
0 0.167187 0.709722 0.01 0.01
0 0.142969 0.658333 0.01 0.01
0 0.194531 0.604167 0.01 0.01
0 0.251563 0.581944 0.01 0.01
0 0.254687 0.620833 0.01 0.01
0 0.192969 0.691667 0.01 0.01
0 0.189844 0.687500 0.01 0.01
0 0.192188 0.704167 0.01 0.01
0 0.221875 0.705556 0.01 0.01
0 0.237500 0.726389 0.01 0.01
0 0.246875 0.731944 0.01 0.01
0 0.263281 0.726389 0.01 0.01
0 0.261719 0.709722 0.01 0.01
0 0.290625 0.644444 0.01 0.01
0 0.279687 0.616667 0.01 0.01
0 0.251563 0.745833 0.01 0.01
0 0.247656 0.779167 0.01 0.01
0 0.196094 0.813889 0.01 0.01
0 0.192969 0.808333 0.01 0.01
0 0.195312 0.787500 0.01 0.01
0 0.189063 0.770833 0.01 0.01
0 0.182812 0.773611 0.01 0.01
0 0.155469 0.806944 0.01 0.01
0 0.167969 0.880556 0.01 0.01
0 0.178906 0.877778 0.01 0.01
0 0.198437 0.865278 0.01 0.01
0 0.189844 0.847222 0.01 0.01
0 0.201562 0.833333 0.01 0.01
0 0.212500 0.843056 0.01 0.01
0 0.217187 0.845833 0.01 0.01
0 0.224219 0.845833 0.01 0.01
0 0.214844 0.902778 0.01 0.01
0 0.244531 0.870833 0.01 0.01
0 0.240625 0.862500 0.01 0.01
0 0.277344 0.865278 0.01 0.01
0 0.282813 0.865278 0.01 0.01
0 0.296094 0.883333 0.01 0.01
