0 0.887854 0.931871 0.01 0.01
0 0.896457 0.909518 0.01 0.01
0 0.873295 0.888342 0.01 0.01
0 0.859398 0.873047 0.01 0.01
0 0.844839 0.916577 0.01 0.01
0 0.840207 0.931871 0.01 0.01
0 0.803148 0.953047 0.01 0.01
0 0.787266 0.960106 0.01 0.01
0 0.789251 0.937753 0.01 0.01
0 0.752192 0.956577 0.01 0.01
0 0.754839 0.942459 0.01 0.01
0 0.744913 0.935400 0.01 0.01
0 0.733663 0.900106 0.01 0.01
0 0.768074 0.901283 0.01 0.01
0 0.776677 0.887165 0.01 0.01
0 0.773369 0.820106 0.01 0.01
0 0.748883 0.809518 0.01 0.01
0 0.737633 0.777753 0.01 0.01
0 0.860721 0.751871 0.01 0.01
0 0.768074 0.668342 0.01 0.01
0 0.861383 0.641283 0.01 0.01
0 0.863369 0.594224 0.01 0.01
0 0.820354 0.595400 0.01 0.01
0 0.774030 0.545989 0.01 0.01
0 0.727707 0.576577 0.01 0.01
0 0.721089 0.520106 0.01 0.01
0 0.727045 0.322459 0.01 0.01
0 0.748883 0.336577 0.01 0.01
0 0.860721 0.316577 0.01 0.01
0 0.875280 0.324812 0.01 0.01
0 0.864030 0.293047 0.01 0.01
0 0.892486 0.269518 0.01 0.01
0 0.859398 0.243636 0.01 0.01
0 0.861383 0.225989 0.01 0.01
0 0.860721 0.210694 0.01 0.01
0 0.866016 0.194224 0.01 0.01
0 0.852119 0.202459 0.01 0.01
0 0.837560 0.165989 0.01 0.01
0 0.793883 0.110694 0.01 0.01
0 0.765427 0.141283 0.01 0.01
0 0.712486 0.151871 0.01 0.01
0 0.645648 0.151871 0.01 0.01
0 0.621824 0.173047 0.01 0.01
0 0.619839 0.235400 0.01 0.01
0 0.601310 0.281283 0.01 0.01
0 0.585427 0.267165 0.01 0.01
0 0.564913 0.284812 0.01 0.01
0 0.561604 0.271871 0.01 0.01
0 0.630427 0.365989 0.01 0.01
0 0.655574 0.484812 0.01 0.01
0 0.618516 0.444812 0.01 0.01
0 0.529839 0.283636 0.01 0.01
0 0.527854 0.261283 0.01 0.01
0 0.524545 0.142459 0.01 0.01
0 0.488810 0.228342 0.01 0.01
0 0.478222 0.194224 0.01 0.01
0 0.418001 0.135400 0.01 0.01
0 0.366383 0.134224 0.01 0.01
0 0.346530 0.136577 0.01 0.01
0 0.271751 0.177753 0.01 0.01
0 0.267780 0.164812 0.01 0.01
0 0.253883 0.160106 0.01 0.01
0 0.222780 0.100106 0.01 0.01
0 0.221457 0.180106 0.01 0.01
0 0.229398 0.253047 0.01 0.01
0 0.261824 0.254224 0.01 0.01
0 0.224104 0.330694 0.01 0.01
0 0.411383 0.343636 0.01 0.01
0 0.509324 0.445989 0.01 0.01
0 0.508663 0.455400 0.01 0.01
0 0.590060 0.562459 0.01 0.01
0 0.637707 0.728342 0.01 0.01
0 0.682707 0.713047 0.01 0.01
0 0.650280 0.837753 0.01 0.01
0 0.620501 0.867165 0.01 0.01
0 0.636383 0.933047 0.01 0.01
0 0.551016 0.920106 0.01 0.01
0 0.571530 0.807165 0.01 0.01
0 0.549030 0.781283 0.01 0.01
0 0.572192 0.702459 0.01 0.01
0 0.571530 0.664812 0.01 0.01
0 0.556310 0.629518 0.01 0.01
0 0.540427 0.674224 0.01 0.01
0 0.521236 0.700106 0.01 0.01
0 0.515942 0.607165 0.01 0.01
0 0.419324 0.613047 0.01 0.01
0 0.347192 0.610694 0.01 0.01
0 0.277045 0.571871 0.01 0.01
0 0.221457 0.568341 0.01 0.01
0 0.220133 0.598930 0.01 0.01
0 0.224766 0.704812 0.01 0.01
0 0.214839 0.785989 0.01 0.01
0 0.216163 0.838930 0.01 0.01
0 0.222119 0.853047 0.01 0.01
0 0.223442 0.867165 0.01 0.01
0 0.206236 0.882459 0.01 0.01
0 0.205574 0.950694 0.01 0.01
0 0.233369 0.885989 0.01 0.01
0 0.239324 0.895400 0.01 0.01
0 0.256530 0.954224 0.01 0.01
0 0.284986 0.905989 0.01 0.01
0 0.292266 0.911871 0.01 0.01
0 0.316089 0.915400 0.01 0.01
0 0.298222 0.787165 0.01 0.01
0 0.341898 0.804812 0.01 0.01
0 0.374324 0.740106 0.01 0.01
0 0.371016 0.830694 0.01 0.01
0 0.409398 0.773047 0.01 0.01
0 0.425942 0.820106 0.01 0.01
0 0.356457 0.918930 0.01 0.01
0 0.365722 0.918930 0.01 0.01
0 0.375648 0.915400 0.01 0.01
0 0.378957 0.938930 0.01 0.01
0 0.448442 0.916577 0.01 0.01
0 0.443148 0.861283 0.01 0.01
0 0.464986 0.788342 0.01 0.01
0 0.494104 0.845989 0.01 0.01
