0 0.783295 0.074224 0.01 0.01
0 0.776016 0.190694 0.01 0.01
0 0.767413 0.185989 0.01 0.01
0 0.855427 0.204812 0.01 0.01
0 0.830942 0.375400 0.01 0.01
0 0.854104 0.588342 0.01 0.01
0 0.850795 0.687165 0.01 0.01
0 0.850133 0.874224 0.01 0.01
0 0.837560 0.915400 0.01 0.01
0 0.742927 0.856577 0.01 0.01
0 0.672119 0.548342 0.01 0.01
0 0.697266 0.500106 0.01 0.01
0 0.697927 0.461283 0.01 0.01
0 0.650280 0.355400 0.01 0.01
0 0.654913 0.216577 0.01 0.01
0 0.613883 0.149518 0.01 0.01
0 0.497413 0.055400 0.01 0.01
0 0.466310 0.157753 0.01 0.01
0 0.394839 0.077753 0.01 0.01
0 0.293589 0.230694 0.01 0.01
0 0.282339 0.293047 0.01 0.01
0 0.376310 0.422459 0.01 0.01
0 0.377633 0.547165 0.01 0.01
0 0.220133 0.662459 0.01 0.01
0 0.392192 0.742459 0.01 0.01
0 0.442486 0.821283 0.01 0.01
0 0.404766 0.865989 0.01 0.01
0 0.473589 0.687165 0.01 0.01
0 0.540427 0.816577 0.01 0.01
0 0.535795 0.898930 0.01 0.01
0 0.461016 0.955400 0.01 0.01
