0 0.731016 0.342459 0.01 0.01
0 0.752192 0.305989 0.01 0.01
0 0.652927 0.304812 0.01 0.01
0 0.657560 0.362459 0.01 0.01
0 0.658222 0.384812 0.01 0.01
0 0.633736 0.380106 0.01 0.01
0 0.824324 0.336577 0.01 0.01
0 0.820354 0.275400 0.01 0.01
0 0.834251 0.224812 0.01 0.01
0 0.809104 0.167165 0.01 0.01
0 0.824324 0.170694 0.01 0.01
0 0.824324 0.160106 0.01 0.01
0 0.826972 0.138930 0.01 0.01
0 0.824324 0.123636 0.01 0.01
0 0.817045 0.105989 0.01 0.01
0 0.817045 0.100106 0.01 0.01
0 0.814398 0.084812 0.01 0.01
0 0.826972 0.051871 0.01 0.01
0 0.807780 0.051871 0.01 0.01
0 0.805795 0.074224 0.01 0.01
0 0.804471 0.065989 0.01 0.01
0 0.776677 0.056577 0.01 0.01
0 0.765427 0.051871 0.01 0.01
0 0.757486 0.045989 0.01 0.01
0 0.747560 0.042459 0.01 0.01
0 0.728369 0.044812 0.01 0.01
0 0.722413 0.050694 0.01 0.01
0 0.719104 0.044812 0.01 0.01
0 0.700574 0.043636 0.01 0.01
0 0.697927 0.050694 0.01 0.01
0 0.691971 0.044812 0.01 0.01
0 0.679398 0.041283 0.01 0.01
0 0.671457 0.043636 0.01 0.01
0 0.650942 0.045989 0.01 0.01
0 0.644324 0.042459 0.01 0.01
0 0.664839 0.067165 0.01 0.01
0 0.676751 0.093047 0.01 0.01
0 0.692633 0.117753 0.01 0.01
0 0.607266 0.115400 0.01 0.01
0 0.598001 0.095400 0.01 0.01
0 0.584104 0.056577 0.01 0.01
0 0.583442 0.062459 0.01 0.01
0 0.559619 0.081283 0.01 0.01
0 0.521236 0.085989 0.01 0.01
0 0.564251 0.130694 0.01 0.01
0 0.579471 0.211871 0.01 0.01
0 0.587413 0.222459 0.01 0.01
0 0.609251 0.200106 0.01 0.01
0 0.538442 0.042459 0.01 0.01
0 0.517927 0.041283 0.01 0.01
0 0.506016 0.040106 0.01 0.01
0 0.484839 0.031871 0.01 0.01
0 0.467633 0.095400 0.01 0.01
0 0.443810 0.110694 0.01 0.01
0 0.494104 0.160106 0.01 0.01
0 0.523221 0.184812 0.01 0.01
0 0.480869 0.209518 0.01 0.01
0 0.505354 0.243636 0.01 0.01
0 0.491457 0.277753 0.01 0.01
0 0.513295 0.304812 0.01 0.01
0 0.575501 0.324812 0.01 0.01
0 0.601310 0.429518 0.01 0.01
0 0.540427 0.413047 0.01 0.01
0 0.646972 0.449518 0.01 0.01
0 0.652927 0.468341 0.01 0.01
0 0.678736 0.536577 0.01 0.01
0 0.642339 0.536577 0.01 0.01
0 0.771383 0.561283 0.01 0.01
0 0.820354 0.550694 0.01 0.01
0 0.822339 0.531871 0.01 0.01
0 0.822339 0.515400 0.01 0.01
0 0.799177 0.483636 0.01 0.01
0 0.826310 0.474224 0.01 0.01
0 0.846163 0.440106 0.01 0.01
0 0.852780 0.450694 0.01 0.01
0 0.858074 0.655400 0.01 0.01
0 0.858074 0.714224 0.01 0.01
0 0.824986 0.701283 0.01 0.01
0 0.824324 0.660106 0.01 0.01
0 0.769398 0.683636 0.01 0.01
0 0.755501 0.701283 0.01 0.01
0 0.695942 0.667165 0.01 0.01
0 0.733001 0.820106 0.01 0.01
0 0.693295 0.829518 0.01 0.01
0 0.686677 0.829518 0.01 0.01
0 0.721089 0.833047 0.01 0.01
0 0.764104 0.829518 0.01 0.01
0 0.770722 0.827165 0.01 0.01
0 0.815060 0.861283 0.01 0.01
0 0.819030 0.814224 0.01 0.01
0 0.815060 0.803636 0.01 0.01
0 0.810427 0.793047 0.01 0.01
0 0.810427 0.782459 0.01 0.01
0 0.827633 0.760106 0.01 0.01
0 0.829619 0.728342 0.01 0.01
0 0.838222 0.753047 0.01 0.01
0 0.846163 0.808341 0.01 0.01
0 0.611236 0.822459 0.01 0.01
0 0.642339 0.774224 0.01 0.01
0 0.581457 0.827165 0.01 0.01
0 0.598663 0.765989 0.01 0.01
0 0.566236 0.776577 0.01 0.01
0 0.580795 0.744812 0.01 0.01
0 0.623148 0.676577 0.01 0.01
0 0.572854 0.665989 0.01 0.01
0 0.564913 0.638930 0.01 0.01
0 0.573516 0.591871 0.01 0.01
0 0.578148 0.583636 0.01 0.01
0 0.539104 0.504812 0.01 0.01
0 0.489472 0.529518 0.01 0.01
0 0.480869 0.514224 0.01 0.01
0 0.474251 0.504812 0.01 0.01
0 0.451089 0.535400 0.01 0.01
0 0.425942 0.573047 0.01 0.01
0 0.466310 0.578930 0.01 0.01
0 0.508001 0.611871 0.01 0.01
0 0.517266 0.668342 0.01 0.01
0 0.462339 0.688341 0.01 0.01
0 0.431236 0.694224 0.01 0.01
0 0.447119 0.762459 0.01 0.01
0 0.389545 0.802459 0.01 0.01
0 0.391530 0.797753 0.01 0.01
0 0.423295 0.809518 0.01 0.01
0 0.425942 0.823636 0.01 0.01
0 0.455060 0.825989 0.01 0.01
0 0.463663 0.825989 0.01 0.01
0 0.476236 0.855400 0.01 0.01
0 0.490133 0.827165 0.01 0.01
0 0.487486 0.787165 0.01 0.01
0 0.506016 0.801283 0.01 0.01
0 0.519913 0.842459 0.01 0.01
0 0.284324 0.824812 0.01 0.01
0 0.271751 0.805989 0.01 0.01
0 0.261163 0.824812 0.01 0.01
0 0.255869 0.816577 0.01 0.01
0 0.228074 0.836577 0.01 0.01
0 0.222780 0.840106 0.01 0.01
0 0.171163 0.844812 0.01 0.01
0 0.140060 0.833047 0.01 0.01
0 0.134766 0.735400 0.01 0.01
0 0.167854 0.762459 0.01 0.01
0 0.183736 0.740106 0.01 0.01
0 0.177780 0.816577 0.01 0.01
0 0.202266 0.815400 0.01 0.01
0 0.218810 0.808341 0.01 0.01
0 0.206898 0.796577 0.01 0.01
0 0.199619 0.795400 0.01 0.01
0 0.195648 0.801283 0.01 0.01
0 0.196972 0.789518 0.01 0.01
0 0.194324 0.782459 0.01 0.01
0 0.188369 0.707165 0.01 0.01
0 0.206236 0.754224 0.01 0.01
0 0.220133 0.758930 0.01 0.01
0 0.239324 0.745989 0.01 0.01
0 0.251236 0.731871 0.01 0.01
0 0.252560 0.725989 0.01 0.01
0 0.259177 0.721283 0.01 0.01
0 0.236016 0.694224 0.01 0.01
0 0.244619 0.690694 0.01 0.01
0 0.188369 0.660106 0.01 0.01
0 0.183074 0.638930 0.01 0.01
0 0.186383 0.617753 0.01 0.01
0 0.183736 0.602459 0.01 0.01
0 0.183074 0.596577 0.01 0.01
0 0.155280 0.591871 0.01 0.01
0 0.171163 0.565989 0.01 0.01
0 0.188369 0.550694 0.01 0.01
0 0.140060 0.471871 0.01 0.01
0 0.183074 0.467165 0.01 0.01
0 0.187045 0.456577 0.01 0.01
0 0.213516 0.498930 0.01 0.01
0 0.245280 0.548342 0.01 0.01
0 0.275060 0.580106 0.01 0.01
0 0.275060 0.593047 0.01 0.01
0 0.283001 0.636577 0.01 0.01
0 0.286310 0.648341 0.01 0.01
0 0.290280 0.682459 0.01 0.01
0 0.326677 0.687165 0.01 0.01
0 0.352486 0.662459 0.01 0.01
0 0.347192 0.595400 0.01 0.01
0 0.371677 0.557753 0.01 0.01
0 0.316751 0.521283 0.01 0.01
0 0.363074 0.429518 0.01 0.01
0 0.266457 0.417753 0.01 0.01
0 0.255207 0.420106 0.01 0.01
0 0.247927 0.356577 0.01 0.01
0 0.171824 0.390694 0.01 0.01
0 0.187707 0.374224 0.01 0.01
0 0.195648 0.341283 0.01 0.01
0 0.186383 0.329518 0.01 0.01
0 0.177119 0.288341 0.01 0.01
0 0.168516 0.273047 0.01 0.01
0 0.187707 0.276577 0.01 0.01
0 0.191016 0.261283 0.01 0.01
0 0.188369 0.254224 0.01 0.01
0 0.181751 0.234224 0.01 0.01
0 0.187045 0.231871 0.01 0.01
0 0.207560 0.245989 0.01 0.01
0 0.204913 0.208342 0.01 0.01
0 0.175133 0.127165 0.01 0.01
0 0.155942 0.116577 0.01 0.01
0 0.148663 0.071871 0.01 0.01
0 0.171824 0.034224 0.01 0.01
0 0.177119 0.071871 0.01 0.01
0 0.183736 0.070694 0.01 0.01
0 0.195648 0.076577 0.01 0.01
0 0.196972 0.054224 0.01 0.01
0 0.200942 0.057753 0.01 0.01
0 0.192339 0.088342 0.01 0.01
0 0.194986 0.095400 0.01 0.01
