0 0.825648 0.928342 0.01 0.01
0 0.866677 0.904812 0.01 0.01
0 0.809766 0.887165 0.01 0.01
0 0.796530 0.891871 0.01 0.01
0 0.796530 0.884812 0.01 0.01
0 0.798516 0.876577 0.01 0.01
0 0.743589 0.878930 0.01 0.01
0 0.715795 0.889518 0.01 0.01
0 0.676751 0.883636 0.01 0.01
0 0.670795 0.878930 0.01 0.01
0 0.641016 0.888342 0.01 0.01
0 0.604619 0.933047 0.01 0.01
0 0.582119 0.887165 0.01 0.01
0 0.607266 0.888342 0.01 0.01
0 0.600648 0.860106 0.01 0.01
0 0.660207 0.829518 0.01 0.01
0 0.833589 0.849518 0.01 0.01
0 0.844839 0.829518 0.01 0.01
0 0.844839 0.816577 0.01 0.01
0 0.848148 0.758930 0.01 0.01
0 0.845501 0.701283 0.01 0.01
0 0.856089 0.631871 0.01 0.01
0 0.881898 0.643636 0.01 0.01
0 0.836898 0.588342 0.01 0.01
0 0.839545 0.544812 0.01 0.01
0 0.834251 0.560106 0.01 0.01
0 0.781310 0.524812 0.01 0.01
0 0.752192 0.556577 0.01 0.01
0 0.781310 0.603636 0.01 0.01
0 0.762780 0.661283 0.01 0.01
0 0.724398 0.665989 0.01 0.01
0 0.716457 0.716577 0.01 0.01
0 0.739619 0.735400 0.01 0.01
0 0.747560 0.823636 0.01 0.01
0 0.774692 0.790694 0.01 0.01
0 0.578810 0.790694 0.01 0.01
0 0.535795 0.794224 0.01 0.01
0 0.504692 0.831871 0.01 0.01
0 0.496089 0.823636 0.01 0.01
0 0.475574 0.881283 0.01 0.01
0 0.449766 0.889518 0.01 0.01
0 0.418001 0.825989 0.01 0.01
0 0.396824 0.790694 0.01 0.01
0 0.378957 0.740106 0.01 0.01
0 0.443148 0.740106 0.01 0.01
0 0.500722 0.715400 0.01 0.01
0 0.537780 0.728342 0.01 0.01
0 0.598001 0.729518 0.01 0.01
0 0.580133 0.678930 0.01 0.01
0 0.592045 0.645989 0.01 0.01
0 0.636383 0.622459 0.01 0.01
0 0.623148 0.562459 0.01 0.01
0 0.630427 0.542459 0.01 0.01
0 0.619839 0.508341 0.01 0.01
0 0.631089 0.443636 0.01 0.01
0 0.648295 0.433047 0.01 0.01
0 0.671457 0.517753 0.01 0.01
0 0.694619 0.442459 0.01 0.01
0 0.699251 0.418930 0.01 0.01
0 0.679398 0.415400 0.01 0.01
0 0.696604 0.358930 0.01 0.01
0 0.842192 0.321283 0.01 0.01
0 0.848148 0.314224 0.01 0.01
0 0.881236 0.393047 0.01 0.01
0 0.883222 0.429518 0.01 0.01
0 0.845501 0.245989 0.01 0.01
0 0.845501 0.217753 0.01 0.01
0 0.859398 0.173047 0.01 0.01
0 0.834251 0.135400 0.01 0.01
0 0.843516 0.093047 0.01 0.01
0 0.834251 0.113047 0.01 0.01
0 0.830280 0.121283 0.01 0.01
0 0.824324 0.123636 0.01 0.01
0 0.802486 0.102459 0.01 0.01
0 0.791898 0.091871 0.01 0.01
0 0.791898 0.108342 0.01 0.01
0 0.786604 0.094224 0.01 0.01
0 0.778663 0.089518 0.01 0.01
0 0.786604 0.120106 0.01 0.01
0 0.766089 0.167165 0.01 0.01
0 0.764766 0.222459 0.01 0.01
0 0.785280 0.244812 0.01 0.01
0 0.748883 0.093047 0.01 0.01
0 0.744913 0.084812 0.01 0.01
0 0.750207 0.067165 0.01 0.01
0 0.705869 0.087165 0.01 0.01
0 0.699251 0.075400 0.01 0.01
0 0.725721 0.162459 0.01 0.01
0 0.701236 0.147165 0.01 0.01
0 0.693957 0.151871 0.01 0.01
0 0.700574 0.198930 0.01 0.01
0 0.676751 0.260106 0.01 0.01
0 0.628442 0.282459 0.01 0.01
0 0.613222 0.249518 0.01 0.01
0 0.654251 0.123636 0.01 0.01
0 0.652266 0.087165 0.01 0.01
0 0.641016 0.097753 0.01 0.01
0 0.629766 0.090694 0.01 0.01
0 0.625133 0.103636 0.01 0.01
0 0.573516 0.091871 0.01 0.01
0 0.560280 0.097753 0.01 0.01
0 0.533810 0.073047 0.01 0.01
0 0.529177 0.094224 0.01 0.01
0 0.508663 0.096577 0.01 0.01
0 0.498074 0.083636 0.01 0.01
0 0.498074 0.110694 0.01 0.01
0 0.502045 0.135400 0.01 0.01
0 0.536457 0.136577 0.01 0.01
0 0.560280 0.171871 0.01 0.01
0 0.517266 0.208342 0.01 0.01
0 0.482192 0.188341 0.01 0.01
0 0.473589 0.093047 0.01 0.01
0 0.466971 0.096577 0.01 0.01
0 0.427266 0.085989 0.01 0.01
0 0.422633 0.096577 0.01 0.01
0 0.375648 0.098930 0.01 0.01
0 0.360427 0.122459 0.01 0.01
0 0.348516 0.124812 0.01 0.01
0 0.344545 0.115400 0.01 0.01
0 0.341898 0.098930 0.01 0.01
0 0.330648 0.103636 0.01 0.01
0 0.326677 0.087165 0.01 0.01
0 0.314104 0.088342 0.01 0.01
0 0.306163 0.097753 0.01 0.01
0 0.298222 0.108342 0.01 0.01
0 0.293589 0.097753 0.01 0.01
0 0.273074 0.097753 0.01 0.01
0 0.260501 0.096577 0.01 0.01
0 0.252560 0.088342 0.01 0.01
0 0.261163 0.104812 0.01 0.01
0 0.261824 0.062459 0.01 0.01
0 0.201604 0.068342 0.01 0.01
0 0.214177 0.069518 0.01 0.01
0 0.193663 0.073047 0.01 0.01
0 0.196310 0.100106 0.01 0.01
0 0.224766 0.117753 0.01 0.01
0 0.234030 0.109518 0.01 0.01
0 0.238663 0.141283 0.01 0.01
0 0.261824 0.170694 0.01 0.01
0 0.342560 0.160106 0.01 0.01
0 0.351824 0.163636 0.01 0.01
0 0.347854 0.217753 0.01 0.01
0 0.230722 0.182459 0.01 0.01
0 0.225427 0.145989 0.01 0.01
0 0.208883 0.143636 0.01 0.01
0 0.201604 0.165989 0.01 0.01
0 0.199619 0.196577 0.01 0.01
0 0.204913 0.247165 0.01 0.01
0 0.216163 0.303636 0.01 0.01
0 0.204913 0.316577 0.01 0.01
0 0.201604 0.322459 0.01 0.01
0 0.187045 0.310694 0.01 0.01
0 0.191016 0.289518 0.01 0.01
0 0.235354 0.343636 0.01 0.01
0 0.247927 0.350694 0.01 0.01
0 0.293589 0.304812 0.01 0.01
0 0.441163 0.305989 0.01 0.01
0 0.443148 0.325989 0.01 0.01
0 0.480869 0.334224 0.01 0.01
0 0.509986 0.310694 0.01 0.01
0 0.551677 0.321283 0.01 0.01
0 0.551016 0.360106 0.01 0.01
0 0.547045 0.385989 0.01 0.01
0 0.566898 0.387165 0.01 0.01
0 0.570869 0.422459 0.01 0.01
0 0.517266 0.403636 0.01 0.01
0 0.496089 0.367165 0.01 0.01
0 0.486824 0.425989 0.01 0.01
0 0.445133 0.458930 0.01 0.01
0 0.452413 0.402459 0.01 0.01
0 0.418001 0.449518 0.01 0.01
0 0.393516 0.537753 0.01 0.01
0 0.322045 0.461283 0.01 0.01
0 0.331971 0.527165 0.01 0.01
0 0.321383 0.556577 0.01 0.01
0 0.248589 0.478930 0.01 0.01
0 0.243957 0.449518 0.01 0.01
0 0.200280 0.416577 0.01 0.01
0 0.203589 0.440106 0.01 0.01
0 0.198295 0.474224 0.01 0.01
0 0.201604 0.497753 0.01 0.01
0 0.224766 0.529518 0.01 0.01
0 0.211530 0.545989 0.01 0.01
0 0.201604 0.554224 0.01 0.01
0 0.202266 0.575400 0.01 0.01
0 0.200280 0.585989 0.01 0.01
0 0.208222 0.600106 0.01 0.01
0 0.214177 0.577753 0.01 0.01
0 0.218810 0.588342 0.01 0.01
0 0.261824 0.605989 0.01 0.01
0 0.178442 0.618930 0.01 0.01
0 0.158589 0.631871 0.01 0.01
0 0.204913 0.663636 0.01 0.01
0 0.204251 0.680106 0.01 0.01
0 0.202927 0.714224 0.01 0.01
0 0.226751 0.675400 0.01 0.01
0 0.267119 0.747165 0.01 0.01
0 0.264472 0.760106 0.01 0.01
0 0.259839 0.751871 0.01 0.01
0 0.242633 0.771871 0.01 0.01
0 0.204913 0.768341 0.01 0.01
0 0.195648 0.800106 0.01 0.01
0 0.175795 0.884812 0.01 0.01
0 0.211530 0.814224 0.01 0.01
0 0.210869 0.841283 0.01 0.01
0 0.218810 0.860106 0.01 0.01
0 0.229398 0.824812 0.01 0.01
0 0.236677 0.821283 0.01 0.01
0 0.228074 0.868342 0.01 0.01
0 0.238001 0.876577 0.01 0.01
0 0.245942 0.902459 0.01 0.01
0 0.273736 0.948342 0.01 0.01
0 0.259839 0.896577 0.01 0.01
0 0.269766 0.881283 0.01 0.01
0 0.272413 0.851871 0.01 0.01
0 0.259839 0.831871 0.01 0.01
0 0.262486 0.822459 0.01 0.01
0 0.288957 0.883636 0.01 0.01
0 0.297560 0.893047 0.01 0.01
0 0.306824 0.882459 0.01 0.01
0 0.333295 0.688341 0.01 0.01
0 0.307486 0.664812 0.01 0.01
0 0.282339 0.653047 0.01 0.01
0 0.339913 0.661283 0.01 0.01
0 0.328663 0.605989 0.01 0.01
0 0.335942 0.585989 0.01 0.01
0 0.400795 0.591871 0.01 0.01
0 0.412045 0.614224 0.01 0.01
0 0.447780 0.638930 0.01 0.01
0 0.482854 0.675400 0.01 0.01
0 0.508663 0.668342 0.01 0.01
0 0.519251 0.878930 0.01 0.01
0 0.525207 0.647165 0.01 0.01
0 0.498736 0.623636 0.01 0.01
0 0.505354 0.588342 0.01 0.01
0 0.513295 0.575400 0.01 0.01
0 0.504692 0.556577 0.01 0.01
0 0.515942 0.556577 0.01 0.01
0 0.545722 0.505989 0.01 0.01
