0 0.804471 0.837753 0.01 0.01
0 0.803148 0.823636 0.01 0.01
0 0.803148 0.807165 0.01 0.01
0 0.796530 0.796577 0.01 0.01
0 0.816383 0.784812 0.01 0.01
0 0.832927 0.808341 0.01 0.01
0 0.834251 0.831871 0.01 0.01
0 0.763442 0.856577 0.01 0.01
0 0.744913 0.860106 0.01 0.01
0 0.713810 0.858930 0.01 0.01
0 0.686677 0.856577 0.01 0.01
0 0.711824 0.796577 0.01 0.01
0 0.652266 0.857753 0.01 0.01
0 0.747560 0.727165 0.01 0.01
0 0.735648 0.678930 0.01 0.01
0 0.686016 0.690694 0.01 0.01
0 0.671457 0.721283 0.01 0.01
0 0.698589 0.628341 0.01 0.01
0 0.805133 0.681283 0.01 0.01
0 0.821016 0.748342 0.01 0.01
0 0.842854 0.624812 0.01 0.01
0 0.848148 0.561283 0.01 0.01
0 0.809104 0.583636 0.01 0.01
0 0.804471 0.529518 0.01 0.01
0 0.799177 0.525989 0.01 0.01
0 0.836236 0.515400 0.01 0.01
0 0.766089 0.530694 0.01 0.01
0 0.820354 0.468341 0.01 0.01
0 0.815722 0.440106 0.01 0.01
0 0.712486 0.502459 0.01 0.01
0 0.662854 0.494224 0.01 0.01
0 0.643663 0.496577 0.01 0.01
0 0.617854 0.497753 0.01 0.01
0 0.602633 0.488342 0.01 0.01
0 0.621824 0.415400 0.01 0.01
0 0.648957 0.389518 0.01 0.01
0 0.667486 0.376577 0.01 0.01
0 0.720427 0.337753 0.01 0.01
0 0.715133 0.240106 0.01 0.01
0 0.751530 0.200106 0.01 0.01
0 0.766089 0.244812 0.01 0.01
0 0.807780 0.296577 0.01 0.01
0 0.813736 0.277753 0.01 0.01
0 0.806457 0.208342 0.01 0.01
0 0.807780 0.184812 0.01 0.01
0 0.818369 0.170694 0.01 0.01
0 0.809766 0.165989 0.01 0.01
0 0.808442 0.144812 0.01 0.01
0 0.797854 0.121283 0.01 0.01
0 0.807119 0.118930 0.01 0.01
0 0.802486 0.113047 0.01 0.01
0 0.801163 0.104812 0.01 0.01
0 0.791898 0.074224 0.01 0.01
0 0.768074 0.104812 0.01 0.01
0 0.763442 0.081283 0.01 0.01
0 0.758148 0.077753 0.01 0.01
0 0.746898 0.082459 0.01 0.01
0 0.738295 0.077753 0.01 0.01
0 0.727707 0.077753 0.01 0.01
0 0.721089 0.074224 0.01 0.01
0 0.704545 0.087165 0.01 0.01
0 0.686677 0.076577 0.01 0.01
0 0.691971 0.070694 0.01 0.01
0 0.670795 0.073047 0.01 0.01
0 0.662192 0.063636 0.01 0.01
0 0.684692 0.143636 0.01 0.01
0 0.660207 0.093047 0.01 0.01
0 0.625795 0.069518 0.01 0.01
0 0.624472 0.081283 0.01 0.01
0 0.613222 0.091871 0.01 0.01
0 0.605280 0.110694 0.01 0.01
0 0.591383 0.073047 0.01 0.01
0 0.569545 0.108342 0.01 0.01
0 0.578148 0.087165 0.01 0.01
0 0.572854 0.073047 0.01 0.01
0 0.547045 0.074224 0.01 0.01
0 0.628442 0.180106 0.01 0.01
0 0.582780 0.249518 0.01 0.01
0 0.555648 0.188341 0.01 0.01
0 0.605942 0.894224 0.01 0.01
0 0.616530 0.884812 0.01 0.01
0 0.613222 0.850694 0.01 0.01
0 0.608589 0.789518 0.01 0.01
0 0.576824 0.850694 0.01 0.01
0 0.542413 0.847165 0.01 0.01
0 0.531824 0.790694 0.01 0.01
0 0.572192 0.775400 0.01 0.01
0 0.563589 0.694224 0.01 0.01
0 0.554324 0.662459 0.01 0.01
0 0.564251 0.615400 0.01 0.01
0 0.591383 0.585989 0.01 0.01
0 0.540427 0.509518 0.01 0.01
0 0.546383 0.438930 0.01 0.01
0 0.561604 0.351871 0.01 0.01
0 0.568883 0.317753 0.01 0.01
0 0.545060 0.338930 0.01 0.01
0 0.513957 0.334224 0.01 0.01
0 0.521898 0.303636 0.01 0.01
0 0.517927 0.220106 0.01 0.01
0 0.518589 0.188341 0.01 0.01
0 0.506677 0.194224 0.01 0.01
0 0.483516 0.188341 0.01 0.01
0 0.467633 0.153047 0.01 0.01
0 0.462339 0.148342 0.01 0.01
0 0.474913 0.118930 0.01 0.01
0 0.471604 0.068342 0.01 0.01
0 0.463663 0.049518 0.01 0.01
0 0.502707 0.065989 0.01 0.01
0 0.432560 0.120106 0.01 0.01
0 0.429251 0.183636 0.01 0.01
0 0.418663 0.065989 0.01 0.01
0 0.411383 0.070694 0.01 0.01
0 0.390207 0.073047 0.01 0.01
0 0.369030 0.075400 0.01 0.01
0 0.373001 0.115400 0.01 0.01
0 0.347854 0.220106 0.01 0.01
0 0.340574 0.103636 0.01 0.01
0 0.318074 0.089518 0.01 0.01
0 0.322045 0.055400 0.01 0.01
0 0.277707 0.124812 0.01 0.01
0 0.259177 0.065989 0.01 0.01
0 0.255869 0.077753 0.01 0.01
0 0.249251 0.071871 0.01 0.01
0 0.236677 0.069518 0.01 0.01
0 0.234030 0.070694 0.01 0.01
0 0.227413 0.074224 0.01 0.01
0 0.228074 0.084812 0.01 0.01
0 0.224766 0.062459 0.01 0.01
0 0.206236 0.082459 0.01 0.01
0 0.202266 0.084812 0.01 0.01
0 0.186383 0.075400 0.01 0.01
0 0.175795 0.070694 0.01 0.01
0 0.155280 0.083636 0.01 0.01
0 0.150648 0.097753 0.01 0.01
0 0.141383 0.090694 0.01 0.01
0 0.185722 0.104812 0.01 0.01
0 0.189030 0.115400 0.01 0.01
0 0.183074 0.137753 0.01 0.01
0 0.190354 0.160106 0.01 0.01
0 0.206236 0.153047 0.01 0.01
0 0.218810 0.151871 0.01 0.01
0 0.179766 0.193047 0.01 0.01
0 0.214177 0.196577 0.01 0.01
0 0.179766 0.242459 0.01 0.01
0 0.180427 0.274224 0.01 0.01
0 0.177119 0.288341 0.01 0.01
0 0.177119 0.301283 0.01 0.01
0 0.194986 0.277753 0.01 0.01
0 0.222780 0.282459 0.01 0.01
0 0.252560 0.255400 0.01 0.01
0 0.294913 0.231871 0.01 0.01
0 0.270427 0.337753 0.01 0.01
0 0.238001 0.385989 0.01 0.01
0 0.236677 0.407165 0.01 0.01
0 0.181089 0.402459 0.01 0.01
0 0.181089 0.378930 0.01 0.01
0 0.163883 0.342459 0.01 0.01
0 0.167192 0.427165 0.01 0.01
0 0.198957 0.444812 0.01 0.01
0 0.194324 0.475400 0.01 0.01
0 0.191677 0.489518 0.01 0.01
0 0.218148 0.507165 0.01 0.01
0 0.261824 0.449518 0.01 0.01
0 0.368369 0.413047 0.01 0.01
0 0.460354 0.396577 0.01 0.01
0 0.432560 0.374224 0.01 0.01
0 0.445795 0.308342 0.01 0.01
0 0.425280 0.304812 0.01 0.01
0 0.482192 0.525989 0.01 0.01
0 0.478222 0.554224 0.01 0.01
0 0.439839 0.533047 0.01 0.01
0 0.406751 0.500106 0.01 0.01
0 0.393516 0.527165 0.01 0.01
0 0.397486 0.578930 0.01 0.01
0 0.369692 0.562459 0.01 0.01
0 0.306824 0.549518 0.01 0.01
0 0.296898 0.558930 0.01 0.01
0 0.273074 0.628341 0.01 0.01
0 0.255207 0.640106 0.01 0.01
0 0.265795 0.604812 0.01 0.01
0 0.237339 0.575400 0.01 0.01
0 0.177780 0.533047 0.01 0.01
0 0.171163 0.537753 0.01 0.01
0 0.177780 0.561283 0.01 0.01
0 0.169177 0.608342 0.01 0.01
0 0.130133 0.673047 0.01 0.01
0 0.172486 0.655400 0.01 0.01
0 0.198957 0.661283 0.01 0.01
0 0.178442 0.682459 0.01 0.01
0 0.178442 0.689518 0.01 0.01
0 0.174472 0.694224 0.01 0.01
0 0.174472 0.718930 0.01 0.01
0 0.165869 0.722459 0.01 0.01
0 0.173810 0.742459 0.01 0.01
0 0.171163 0.757753 0.01 0.01
0 0.171824 0.782459 0.01 0.01
0 0.176457 0.780106 0.01 0.01
0 0.226751 0.718930 0.01 0.01
0 0.234692 0.714224 0.01 0.01
0 0.267119 0.773047 0.01 0.01
0 0.241972 0.764812 0.01 0.01
0 0.231383 0.775400 0.01 0.01
0 0.212192 0.783636 0.01 0.01
0 0.204913 0.834224 0.01 0.01
0 0.198957 0.844812 0.01 0.01
0 0.191677 0.820106 0.01 0.01
0 0.174472 0.847165 0.01 0.01
0 0.161236 0.869518 0.01 0.01
0 0.183074 0.909518 0.01 0.01
0 0.217486 0.873047 0.01 0.01
0 0.216163 0.849518 0.01 0.01
0 0.239986 0.841283 0.01 0.01
0 0.259839 0.853047 0.01 0.01
0 0.275721 0.853047 0.01 0.01
0 0.287633 0.847165 0.01 0.01
0 0.314766 0.856577 0.01 0.01
0 0.354472 0.853047 0.01 0.01
0 0.397486 0.855400 0.01 0.01
0 0.431898 0.853047 0.01 0.01
0 0.443148 0.851871 0.01 0.01
0 0.484177 0.877753 0.01 0.01
0 0.490133 0.857753 0.01 0.01
0 0.427266 0.809518 0.01 0.01
0 0.419324 0.802459 0.01 0.01
0 0.377633 0.774224 0.01 0.01
0 0.341236 0.658930 0.01 0.01
0 0.316089 0.643636 0.01 0.01
0 0.330648 0.622459 0.01 0.01
0 0.369030 0.635400 0.01 0.01
0 0.430574 0.618930 0.01 0.01
0 0.457045 0.607165 0.01 0.01
0 0.516604 0.625989 0.01 0.01
0 0.481530 0.662459 0.01 0.01
0 0.423295 0.675400 0.01 0.01
0 0.451751 0.715400 0.01 0.01
0 0.473589 0.730694 0.01 0.01
0 0.475574 0.793047 0.01 0.01
0 0.439177 0.788342 0.01 0.01
