0 0.601310 0.683423 0.01 0.01
0 0.609913 0.686953 0.01 0.01
0 0.621824 0.678717 0.01 0.01
0 0.622486 0.665776 0.01 0.01
0 0.615869 0.652835 0.01 0.01
0 0.620501 0.637541 0.01 0.01
0 0.637707 0.634011 0.01 0.01
0 0.627119 0.624600 0.01 0.01
0 0.631751 0.614011 0.01 0.01
0 0.625133 0.612835 0.01 0.01
0 0.634398 0.599894 0.01 0.01
0 0.627780 0.594011 0.01 0.01
0 0.614545 0.614011 0.01 0.01
0 0.605280 0.669306 0.01 0.01
0 0.641677 0.578717 0.01 0.01
0 0.637045 0.588129 0.01 0.01
0 0.631751 0.576364 0.01 0.01
0 0.652927 0.557541 0.01 0.01
0 0.647633 0.566953 0.01 0.01
0 0.642339 0.559894 0.01 0.01
0 0.644986 0.554011 0.01 0.01
0 0.645648 0.541070 0.01 0.01
0 0.646310 0.525776 0.01 0.01
0 0.650280 0.517541 0.01 0.01
0 0.657560 0.515188 0.01 0.01
0 0.647633 0.504600 0.01 0.01
0 0.654913 0.496364 0.01 0.01
0 0.635722 0.538717 0.01 0.01
0 0.639692 0.524600 0.01 0.01
0 0.636383 0.522247 0.01 0.01
0 0.633074 0.517541 0.01 0.01
0 0.634398 0.496364 0.01 0.01
0 0.637045 0.485776 0.01 0.01
0 0.640354 0.489306 0.01 0.01
0 0.650942 0.477541 0.01 0.01
0 0.650280 0.465776 0.01 0.01
0 0.652266 0.449306 0.01 0.01
0 0.641016 0.469306 0.01 0.01
0 0.641016 0.469306 0.01 0.01
0 0.629104 0.456364 0.01 0.01
0 0.619177 0.461070 0.01 0.01
0 0.633074 0.474011 0.01 0.01
0 0.629104 0.441070 0.01 0.01
0 0.636383 0.435188 0.01 0.01
0 0.632413 0.419894 0.01 0.01
0 0.631751 0.406953 0.01 0.01
0 0.637707 0.411658 0.01 0.01
0 0.648957 0.419894 0.01 0.01
0 0.667486 0.417541 0.01 0.01
0 0.652927 0.401070 0.01 0.01
0 0.649619 0.405776 0.01 0.01
0 0.637045 0.397541 0.01 0.01
0 0.640354 0.389306 0.01 0.01
0 0.646972 0.386953 0.01 0.01
0 0.641016 0.374011 0.01 0.01
0 0.643663 0.363423 0.01 0.01
0 0.643001 0.349306 0.01 0.01
0 0.636383 0.357541 0.01 0.01
0 0.627780 0.354011 0.01 0.01
0 0.621824 0.336364 0.01 0.01
0 0.639030 0.326953 0.01 0.01
0 0.634398 0.308129 0.01 0.01
0 0.648295 0.306953 0.01 0.01
0 0.621824 0.304600 0.01 0.01
0 0.612560 0.301070 0.01 0.01
0 0.605280 0.305776 0.01 0.01
0 0.598663 0.297541 0.01 0.01
0 0.611236 0.279894 0.01 0.01
0 0.615207 0.274011 0.01 0.01
0 0.623810 0.271658 0.01 0.01
0 0.594030 0.338717 0.01 0.01
0 0.600648 0.425776 0.01 0.01
0 0.605280 0.421070 0.01 0.01
0 0.610574 0.421070 0.01 0.01
0 0.654913 0.244600 0.01 0.01
0 0.633074 0.245776 0.01 0.01
0 0.614545 0.218717 0.01 0.01
0 0.607266 0.197541 0.01 0.01
0 0.606604 0.224600 0.01 0.01
0 0.604619 0.239894 0.01 0.01
0 0.624472 0.138717 0.01 0.01
0 0.615869 0.121070 0.01 0.01
0 0.623810 0.110482 0.01 0.01
0 0.615207 0.110482 0.01 0.01
0 0.617192 0.094011 0.01 0.01
0 0.603957 0.115188 0.01 0.01
0 0.586751 0.130482 0.01 0.01
0 0.594692 0.217541 0.01 0.01
0 0.580133 0.205776 0.01 0.01
0 0.572192 0.211658 0.01 0.01
0 0.563589 0.206953 0.01 0.01
0 0.564913 0.195188 0.01 0.01
0 0.566236 0.185776 0.01 0.01
0 0.558295 0.192835 0.01 0.01
0 0.552339 0.198717 0.01 0.01
0 0.553663 0.189306 0.01 0.01
0 0.550354 0.178717 0.01 0.01
0 0.556971 0.162247 0.01 0.01
0 0.541089 0.175188 0.01 0.01
0 0.543736 0.182247 0.01 0.01
0 0.537780 0.188129 0.01 0.01
0 0.530501 0.196364 0.01 0.01
0 0.529839 0.192835 0.01 0.01
0 0.527854 0.179894 0.01 0.01
0 0.525869 0.163423 0.01 0.01
0 0.518589 0.158717 0.01 0.01
0 0.508663 0.152835 0.01 0.01
0 0.504692 0.159894 0.01 0.01
0 0.490795 0.157541 0.01 0.01
0 0.494766 0.144600 0.01 0.01
0 0.497413 0.124600 0.01 0.01
0 0.474251 0.154011 0.01 0.01
0 0.469619 0.155188 0.01 0.01
0 0.464324 0.156364 0.01 0.01
0 0.462339 0.150482 0.01 0.01
0 0.459692 0.145776 0.01 0.01
0 0.451089 0.157541 0.01 0.01
0 0.466310 0.176364 0.01 0.01
0 0.454398 0.169306 0.01 0.01
0 0.443810 0.175188 0.01 0.01
0 0.443148 0.161070 0.01 0.01
0 0.443148 0.154011 0.01 0.01
0 0.434545 0.177541 0.01 0.01
0 0.437192 0.186953 0.01 0.01
0 0.429251 0.186953 0.01 0.01
0 0.431236 0.197541 0.01 0.01
0 0.426604 0.170482 0.01 0.01
0 0.420648 0.162247 0.01 0.01
0 0.416677 0.197541 0.01 0.01
0 0.406751 0.192835 0.01 0.01
0 0.406751 0.201070 0.01 0.01
0 0.425280 0.216364 0.01 0.01
0 0.390207 0.191659 0.01 0.01
0 0.388222 0.201070 0.01 0.01
0 0.373001 0.212835 0.01 0.01
0 0.378957 0.231659 0.01 0.01
0 0.378295 0.203423 0.01 0.01
0 0.365722 0.175188 0.01 0.01
0 0.355133 0.175188 0.01 0.01
0 0.342560 0.229306 0.01 0.01
0 0.364398 0.217541 0.01 0.01
0 0.363736 0.224600 0.01 0.01
0 0.392192 0.239894 0.01 0.01
0 0.389545 0.259894 0.01 0.01
0 0.425280 0.234011 0.01 0.01
0 0.413369 0.239894 0.01 0.01
0 0.383589 0.281070 0.01 0.01
0 0.381604 0.286953 0.01 0.01
0 0.376972 0.286953 0.01 0.01
0 0.373663 0.297541 0.01 0.01
0 0.367707 0.299894 0.01 0.01
0 0.357119 0.310482 0.01 0.01
0 0.359104 0.298717 0.01 0.01
0 0.355133 0.294011 0.01 0.01
0 0.355133 0.288129 0.01 0.01
0 0.355133 0.283423 0.01 0.01
0 0.354472 0.270482 0.01 0.01
0 0.367707 0.259894 0.01 0.01
0 0.349839 0.254011 0.01 0.01
0 0.340574 0.250482 0.01 0.01
0 0.365722 0.284600 0.01 0.01
0 0.336604 0.269306 0.01 0.01
0 0.334619 0.282247 0.01 0.01
0 0.332633 0.286953 0.01 0.01
0 0.339251 0.290482 0.01 0.01
0 0.329986 0.303423 0.01 0.01
0 0.331971 0.322247 0.01 0.01
0 0.337927 0.319894 0.01 0.01
0 0.312780 0.341070 0.01 0.01
0 0.310133 0.359894 0.01 0.01
0 0.318074 0.364600 0.01 0.01
0 0.351163 0.329306 0.01 0.01
0 0.339913 0.349306 0.01 0.01
0 0.330648 0.372835 0.01 0.01
0 0.317413 0.386953 0.01 0.01
0 0.291604 0.381070 0.01 0.01
0 0.287633 0.404600 0.01 0.01
0 0.357119 0.338717 0.01 0.01
0 0.356457 0.404600 0.01 0.01
0 0.376310 0.369306 0.01 0.01
0 0.381604 0.370482 0.01 0.01
0 0.405427 0.359894 0.01 0.01
0 0.417339 0.376364 0.01 0.01
0 0.437854 0.379894 0.01 0.01
0 0.429251 0.375188 0.01 0.01
0 0.459030 0.317541 0.01 0.01
0 0.455060 0.301070 0.01 0.01
0 0.439839 0.319894 0.01 0.01
0 0.443810 0.296364 0.01 0.01
0 0.429913 0.281070 0.01 0.01
0 0.419986 0.265776 0.01 0.01
0 0.414692 0.284600 0.01 0.01
0 0.413369 0.295188 0.01 0.01
0 0.409398 0.282247 0.01 0.01
0 0.453736 0.239894 0.01 0.01
0 0.454398 0.234011 0.01 0.01
0 0.453736 0.265776 0.01 0.01
0 0.471604 0.271658 0.01 0.01
0 0.474251 0.237541 0.01 0.01
0 0.480869 0.241070 0.01 0.01
0 0.486824 0.245776 0.01 0.01
0 0.494766 0.208129 0.01 0.01
0 0.484839 0.192835 0.01 0.01
0 0.490133 0.191659 0.01 0.01
0 0.505354 0.182247 0.01 0.01
0 0.504030 0.204600 0.01 0.01
0 0.504692 0.228129 0.01 0.01
0 0.504692 0.254011 0.01 0.01
0 0.484177 0.263423 0.01 0.01
0 0.488148 0.288129 0.01 0.01
0 0.472927 0.323423 0.01 0.01
0 0.458369 0.350482 0.01 0.01
0 0.471604 0.357541 0.01 0.01
0 0.475574 0.357541 0.01 0.01
0 0.519251 0.322247 0.01 0.01
0 0.509324 0.316364 0.01 0.01
0 0.504692 0.306953 0.01 0.01
0 0.506677 0.329306 0.01 0.01
0 0.499398 0.336364 0.01 0.01
0 0.483516 0.337541 0.01 0.01
0 0.536457 0.274011 0.01 0.01
0 0.534472 0.259894 0.01 0.01
0 0.545722 0.262247 0.01 0.01
0 0.540427 0.246953 0.01 0.01
0 0.533810 0.234011 0.01 0.01
0 0.523883 0.226953 0.01 0.01
0 0.512633 0.212835 0.01 0.01
0 0.511310 0.245776 0.01 0.01
0 0.511972 0.261070 0.01 0.01
0 0.561604 0.223423 0.01 0.01
0 0.577486 0.243423 0.01 0.01
0 0.585427 0.246953 0.01 0.01
0 0.574177 0.254011 0.01 0.01
0 0.579471 0.265776 0.01 0.01
0 0.596016 0.264600 0.01 0.01
0 0.590060 0.285776 0.01 0.01
0 0.583442 0.294011 0.01 0.01
0 0.580133 0.309306 0.01 0.01
0 0.568222 0.291658 0.01 0.01
0 0.568222 0.316364 0.01 0.01
0 0.536457 0.297541 0.01 0.01
0 0.534472 0.338717 0.01 0.01
0 0.539766 0.364600 0.01 0.01
0 0.547045 0.375188 0.01 0.01
0 0.553663 0.384600 0.01 0.01
0 0.529839 0.362247 0.01 0.01
0 0.517266 0.375188 0.01 0.01
0 0.522560 0.369306 0.01 0.01
0 0.519251 0.363423 0.01 0.01
0 0.517927 0.355188 0.01 0.01
0 0.498736 0.384600 0.01 0.01
0 0.492119 0.396364 0.01 0.01
0 0.482192 0.376364 0.01 0.01
0 0.484839 0.415188 0.01 0.01
0 0.469619 0.398717 0.01 0.01
0 0.461016 0.397541 0.01 0.01
0 0.543736 0.098717 0.01 0.01
0 0.559619 0.078717 0.01 0.01
0 0.568883 0.074011 0.01 0.01
0 0.573516 0.065776 0.01 0.01
0 0.481530 0.026953 0.01 0.01
0 0.504030 0.078717 0.01 0.01
0 0.550354 0.046953 0.01 0.01
0 0.541089 0.036364 0.01 0.01
0 0.490795 0.083423 0.01 0.01
0 0.476236 0.102247 0.01 0.01
0 0.463001 0.118717 0.01 0.01
0 0.442486 0.063423 0.01 0.01
0 0.433883 0.046953 0.01 0.01
0 0.435207 0.122247 0.01 0.01
0 0.355133 0.134011 0.01 0.01
0 0.382927 0.038717 0.01 0.01
0 0.340574 0.066953 0.01 0.01
0 0.329986 0.114011 0.01 0.01
0 0.284986 0.143423 0.01 0.01
0 0.284986 0.143423 0.01 0.01
0 0.253883 0.178717 0.01 0.01
0 0.284986 0.201070 0.01 0.01
0 0.300869 0.179894 0.01 0.01
0 0.248589 0.264600 0.01 0.01
0 0.240648 0.262247 0.01 0.01
0 0.214177 0.283423 0.01 0.01
0 0.237339 0.378717 0.01 0.01
0 0.247266 0.402247 0.01 0.01
0 0.231383 0.415188 0.01 0.01
0 0.199619 0.435188 0.01 0.01
0 0.191016 0.463423 0.01 0.01
0 0.191677 0.491658 0.01 0.01
0 0.200280 0.508129 0.01 0.01
0 0.217486 0.535188 0.01 0.01
0 0.307486 0.404600 0.01 0.01
0 0.302192 0.425776 0.01 0.01
0 0.309472 0.422247 0.01 0.01
0 0.314104 0.426953 0.01 0.01
0 0.324692 0.409306 0.01 0.01
0 0.338589 0.402247 0.01 0.01
0 0.352486 0.358717 0.01 0.01
0 0.356457 0.355188 0.01 0.01
0 0.400133 0.397541 0.01 0.01
0 0.406751 0.416364 0.01 0.01
0 0.409398 0.425776 0.01 0.01
0 0.439177 0.444600 0.01 0.01
0 0.443148 0.454011 0.01 0.01
0 0.445133 0.476364 0.01 0.01
0 0.449104 0.469306 0.01 0.01
0 0.427927 0.462247 0.01 0.01
0 0.405427 0.456364 0.01 0.01
0 0.465648 0.503423 0.01 0.01
0 0.474251 0.494011 0.01 0.01
0 0.478222 0.543423 0.01 0.01
0 0.466310 0.535188 0.01 0.01
0 0.536457 0.441070 0.01 0.01
0 0.543736 0.441070 0.01 0.01
0 0.554986 0.448129 0.01 0.01
0 0.560942 0.418717 0.01 0.01
0 0.578148 0.421070 0.01 0.01
0 0.562927 0.446953 0.01 0.01
0 0.582780 0.464600 0.01 0.01
0 0.580795 0.494011 0.01 0.01
0 0.594030 0.559894 0.01 0.01
0 0.553001 0.479894 0.01 0.01
0 0.557633 0.488129 0.01 0.01
0 0.551016 0.466953 0.01 0.01
0 0.548369 0.514011 0.01 0.01
0 0.544398 0.545776 0.01 0.01
0 0.533148 0.557541 0.01 0.01
0 0.517266 0.510482 0.01 0.01
0 0.513295 0.485776 0.01 0.01
0 0.492780 0.536364 0.01 0.01
0 0.514619 0.596364 0.01 0.01
0 0.506016 0.631658 0.01 0.01
0 0.516604 0.632835 0.01 0.01
0 0.524545 0.646953 0.01 0.01
0 0.535795 0.619894 0.01 0.01
0 0.584766 0.631658 0.01 0.01
0 0.596016 0.656364 0.01 0.01
0 0.588736 0.661070 0.01 0.01
0 0.307486 0.449306 0.01 0.01
0 0.286972 0.465776 0.01 0.01
0 0.281016 0.508129 0.01 0.01
0 0.304839 0.504600 0.01 0.01
0 0.305501 0.483423 0.01 0.01
0 0.298222 0.477541 0.01 0.01
0 0.271751 0.438717 0.01 0.01
0 0.343221 0.436364 0.01 0.01
0 0.324692 0.463423 0.01 0.01
0 0.322707 0.514011 0.01 0.01
0 0.337266 0.505776 0.01 0.01
0 0.345869 0.523423 0.01 0.01
0 0.346530 0.505776 0.01 0.01
0 0.359104 0.479894 0.01 0.01
0 0.375648 0.495188 0.01 0.01
0 0.388883 0.483423 0.01 0.01
0 0.404766 0.497541 0.01 0.01
0 0.401457 0.504600 0.01 0.01
0 0.370354 0.551659 0.01 0.01
0 0.377633 0.557541 0.01 0.01
0 0.387560 0.554011 0.01 0.01
0 0.414030 0.579894 0.01 0.01
0 0.423957 0.537541 0.01 0.01
0 0.484177 0.575188 0.01 0.01
0 0.466971 0.609306 0.01 0.01
0 0.461677 0.614011 0.01 0.01
0 0.443148 0.643423 0.01 0.01
0 0.425280 0.644600 0.01 0.01
0 0.425942 0.652835 0.01 0.01
0 0.404104 0.694011 0.01 0.01
0 0.438516 0.724600 0.01 0.01
0 0.489472 0.658717 0.01 0.01
0 0.441163 0.695188 0.01 0.01
0 0.515942 0.685776 0.01 0.01
0 0.551016 0.683423 0.01 0.01
0 0.538442 0.704600 0.01 0.01
0 0.551016 0.606953 0.01 0.01
0 0.573516 0.571658 0.01 0.01
0 0.519251 0.562247 0.01 0.01
0 0.574839 0.674011 0.01 0.01
0 0.578810 0.699894 0.01 0.01
0 0.587413 0.706953 0.01 0.01
0 0.574177 0.717541 0.01 0.01
0 0.551677 0.739894 0.01 0.01
0 0.543074 0.745776 0.01 0.01
0 0.534472 0.752835 0.01 0.01
0 0.522560 0.741070 0.01 0.01
0 0.507339 0.730482 0.01 0.01
0 0.513957 0.770482 0.01 0.01
0 0.509986 0.770482 0.01 0.01
0 0.538442 0.797541 0.01 0.01
0 0.517266 0.794011 0.01 0.01
0 0.496751 0.802247 0.01 0.01
0 0.485501 0.771658 0.01 0.01
0 0.474913 0.779894 0.01 0.01
0 0.491457 0.750482 0.01 0.01
0 0.447119 0.777541 0.01 0.01
0 0.433883 0.762247 0.01 0.01
0 0.424619 0.757541 0.01 0.01
0 0.403442 0.742247 0.01 0.01
0 0.398148 0.750482 0.01 0.01
0 0.397486 0.739894 0.01 0.01
0 0.390869 0.734011 0.01 0.01
0 0.384913 0.735188 0.01 0.01
0 0.384251 0.719894 0.01 0.01
0 0.380942 0.719894 0.01 0.01
0 0.372339 0.716364 0.01 0.01
0 0.373663 0.679894 0.01 0.01
0 0.368369 0.686953 0.01 0.01
0 0.366383 0.701070 0.01 0.01
0 0.361751 0.702247 0.01 0.01
0 0.359766 0.696364 0.01 0.01
0 0.359104 0.674011 0.01 0.01
0 0.357780 0.655188 0.01 0.01
0 0.353148 0.624600 0.01 0.01
0 0.348516 0.659894 0.01 0.01
0 0.345869 0.650482 0.01 0.01
0 0.337266 0.643423 0.01 0.01
0 0.328001 0.636364 0.01 0.01
0 0.343883 0.585776 0.01 0.01
0 0.324030 0.579894 0.01 0.01
0 0.323369 0.604600 0.01 0.01
0 0.315427 0.603423 0.01 0.01
0 0.312119 0.569306 0.01 0.01
0 0.304839 0.543423 0.01 0.01
0 0.299545 0.604600 0.01 0.01
0 0.288957 0.611658 0.01 0.01
0 0.269104 0.568129 0.01 0.01
0 0.275721 0.610482 0.01 0.01
0 0.255207 0.605776 0.01 0.01
0 0.250574 0.639894 0.01 0.01
0 0.220133 0.639894 0.01 0.01
0 0.212854 0.654011 0.01 0.01
0 0.205574 0.611658 0.01 0.01
0 0.236016 0.668129 0.01 0.01
0 0.226751 0.683423 0.01 0.01
0 0.251898 0.682247 0.01 0.01
0 0.242633 0.735188 0.01 0.01
0 0.283663 0.682247 0.01 0.01
0 0.663516 0.178717 0.01 0.01
0 0.660207 0.171659 0.01 0.01
0 0.681383 0.203423 0.01 0.01
0 0.678074 0.226953 0.01 0.01
0 0.700574 0.256364 0.01 0.01
0 0.694619 0.315188 0.01 0.01
0 0.707854 0.344600 0.01 0.01
0 0.725060 0.349306 0.01 0.01
0 0.719104 0.317541 0.01 0.01
0 0.730354 0.390482 0.01 0.01
0 0.719104 0.450482 0.01 0.01
0 0.704545 0.462247 0.01 0.01
0 0.688663 0.446953 0.01 0.01
0 0.682045 0.445776 0.01 0.01
0 0.723074 0.503423 0.01 0.01
0 0.732339 0.485776 0.01 0.01
0 0.738295 0.476364 0.01 0.01
0 0.719766 0.475188 0.01 0.01
0 0.715795 0.562247 0.01 0.01
0 0.709839 0.548129 0.01 0.01
0 0.721089 0.526953 0.01 0.01
0 0.701898 0.517541 0.01 0.01
0 0.733663 0.572835 0.01 0.01
0 0.727707 0.604600 0.01 0.01
0 0.715795 0.604600 0.01 0.01
0 0.715795 0.621070 0.01 0.01
0 0.723074 0.631658 0.01 0.01
0 0.711824 0.666953 0.01 0.01
0 0.701236 0.641070 0.01 0.01
0 0.682045 0.642247 0.01 0.01
0 0.670133 0.619894 0.01 0.01
0 0.731016 0.424600 0.01 0.01
0 0.675427 0.290482 0.01 0.01
0 0.711824 0.409306 0.01 0.01
0 0.662854 0.332835 0.01 0.01
0 0.436530 0.412835 0.01 0.01
0 0.658883 0.697541 0.01 0.01
0 0.647633 0.701070 0.01 0.01
0 0.641016 0.717541 0.01 0.01
0 0.658883 0.752835 0.01 0.01
0 0.664839 0.725776 0.01 0.01
0 0.676751 0.754011 0.01 0.01
0 0.688663 0.748129 0.01 0.01
0 0.703883 0.709306 0.01 0.01
0 0.651604 0.802247 0.01 0.01
0 0.650942 0.819894 0.01 0.01
0 0.647633 0.824600 0.01 0.01
0 0.642339 0.837541 0.01 0.01
0 0.622486 0.782247 0.01 0.01
0 0.627780 0.836364 0.01 0.01
0 0.616530 0.826953 0.01 0.01
0 0.601972 0.803423 0.01 0.01
0 0.606604 0.759894 0.01 0.01
0 0.579471 0.766953 0.01 0.01
0 0.592707 0.846953 0.01 0.01
0 0.568883 0.865776 0.01 0.01
0 0.557633 0.858717 0.01 0.01
0 0.547707 0.892835 0.01 0.01
0 0.535795 0.891659 0.01 0.01
0 0.537780 0.904600 0.01 0.01
0 0.547045 0.910482 0.01 0.01
0 0.515280 0.872835 0.01 0.01
0 0.507339 0.946953 0.01 0.01
0 0.484839 0.962247 0.01 0.01
0 0.450427 0.943423 0.01 0.01
0 0.470280 0.883423 0.01 0.01
0 0.468295 0.925776 0.01 0.01
0 0.521898 0.816364 0.01 0.01
0 0.407413 0.918717 0.01 0.01
0 0.423957 0.842247 0.01 0.01
0 0.423957 0.821070 0.01 0.01
0 0.390869 0.850482 0.01 0.01
0 0.397486 0.804600 0.01 0.01
0 0.404104 0.788129 0.01 0.01
0 0.383589 0.814011 0.01 0.01
0 0.378957 0.757541 0.01 0.01
0 0.353810 0.915188 0.01 0.01
0 0.337266 0.878717 0.01 0.01
0 0.328001 0.835188 0.01 0.01
0 0.322045 0.830482 0.01 0.01
0 0.306163 0.799894 0.01 0.01
0 0.306163 0.812835 0.01 0.01
0 0.306163 0.879894 0.01 0.01
0 0.322707 0.862247 0.01 0.01
0 0.411383 0.316364 0.01 0.01
0 0.415354 0.319894 0.01 0.01
0 0.548369 0.290482 0.01 0.01
0 0.527854 0.283423 0.01 0.01
0 0.399471 0.719894 0.01 0.01
