0 0.245280 0.732835 0.01 0.01
0 0.224766 0.688129 0.01 0.01
0 0.251236 0.685776 0.01 0.01
0 0.230060 0.669306 0.01 0.01
0 0.212192 0.651658 0.01 0.01
0 0.220133 0.639894 0.01 0.01
0 0.206236 0.614011 0.01 0.01
0 0.247927 0.637541 0.01 0.01
0 0.215501 0.529306 0.01 0.01
0 0.201604 0.509306 0.01 0.01
0 0.194986 0.488129 0.01 0.01
0 0.190354 0.464600 0.01 0.01
0 0.200280 0.435188 0.01 0.01
0 0.230060 0.415188 0.01 0.01
0 0.247266 0.399894 0.01 0.01
0 0.238001 0.377541 0.01 0.01
0 0.257854 0.372835 0.01 0.01
0 0.215501 0.277541 0.01 0.01
0 0.283001 0.503423 0.01 0.01
0 0.272413 0.612835 0.01 0.01
0 0.288957 0.609306 0.01 0.01
0 0.296236 0.602247 0.01 0.01
0 0.270427 0.568129 0.01 0.01
0 0.286972 0.464600 0.01 0.01
0 0.296236 0.471658 0.01 0.01
0 0.303516 0.485776 0.01 0.01
0 0.304177 0.502247 0.01 0.01
0 0.268442 0.441070 0.01 0.01
0 0.286310 0.409306 0.01 0.01
0 0.291604 0.377541 0.01 0.01
0 0.306163 0.405776 0.01 0.01
0 0.300869 0.426953 0.01 0.01
0 0.313442 0.426953 0.01 0.01
0 0.309472 0.448129 0.01 0.01
0 0.326677 0.409306 0.01 0.01
0 0.317413 0.386953 0.01 0.01
0 0.312119 0.362247 0.01 0.01
0 0.317413 0.365776 0.01 0.01
0 0.314104 0.342247 0.01 0.01
0 0.332633 0.369306 0.01 0.01
0 0.333957 0.348129 0.01 0.01
0 0.339913 0.349306 0.01 0.01
0 0.330648 0.326953 0.01 0.01
0 0.336604 0.322247 0.01 0.01
0 0.326677 0.309306 0.01 0.01
0 0.335942 0.289306 0.01 0.01
0 0.333957 0.276364 0.01 0.01
0 0.337927 0.286953 0.01 0.01
0 0.340574 0.249306 0.01 0.01
0 0.349839 0.254011 0.01 0.01
0 0.343221 0.230482 0.01 0.01
0 0.237339 0.259894 0.01 0.01
0 0.283663 0.203423 0.01 0.01
0 0.255869 0.183423 0.01 0.01
0 0.300869 0.179894 0.01 0.01
0 0.283663 0.142247 0.01 0.01
0 0.284986 0.144600 0.01 0.01
0 0.329324 0.116364 0.01 0.01
0 0.355795 0.136364 0.01 0.01
0 0.341898 0.062247 0.01 0.01
0 0.429913 0.049306 0.01 0.01
0 0.484839 0.026953 0.01 0.01
0 0.383589 0.041070 0.01 0.01
0 0.249251 0.266953 0.01 0.01
0 0.367045 0.171659 0.01 0.01
0 0.355795 0.177541 0.01 0.01
0 0.357780 0.190482 0.01 0.01
0 0.442486 0.063423 0.01 0.01
0 0.435207 0.125776 0.01 0.01
0 0.461677 0.116364 0.01 0.01
0 0.474913 0.102247 0.01 0.01
0 0.492119 0.082247 0.01 0.01
0 0.505354 0.077541 0.01 0.01
0 0.543736 0.096364 0.01 0.01
0 0.559619 0.076364 0.01 0.01
0 0.570207 0.070482 0.01 0.01
0 0.575501 0.070482 0.01 0.01
0 0.617192 0.095188 0.01 0.01
0 0.621163 0.110482 0.01 0.01
0 0.613883 0.108129 0.01 0.01
0 0.624472 0.138717 0.01 0.01
0 0.603295 0.114011 0.01 0.01
0 0.662854 0.175188 0.01 0.01
0 0.662854 0.178717 0.01 0.01
0 0.587413 0.131659 0.01 0.01
0 0.679398 0.204600 0.01 0.01
0 0.678736 0.232835 0.01 0.01
0 0.703883 0.256364 0.01 0.01
0 0.654251 0.239894 0.01 0.01
0 0.676751 0.292835 0.01 0.01
0 0.693295 0.312835 0.01 0.01
0 0.717119 0.316364 0.01 0.01
0 0.705869 0.346953 0.01 0.01
0 0.723074 0.352835 0.01 0.01
0 0.731016 0.389306 0.01 0.01
0 0.733663 0.424600 0.01 0.01
0 0.711824 0.408129 0.01 0.01
0 0.719104 0.446953 0.01 0.01
0 0.705869 0.464600 0.01 0.01
0 0.373663 0.296364 0.01 0.01
0 0.368369 0.297541 0.01 0.01
0 0.359104 0.337541 0.01 0.01
0 0.359766 0.308129 0.01 0.01
0 0.360427 0.297541 0.01 0.01
0 0.356457 0.291658 0.01 0.01
0 0.355133 0.274011 0.01 0.01
0 0.390869 0.257541 0.01 0.01
0 0.393516 0.237541 0.01 0.01
0 0.368369 0.258717 0.01 0.01
0 0.364398 0.288129 0.01 0.01
0 0.380942 0.288129 0.01 0.01
0 0.382266 0.277541 0.01 0.01
0 0.374324 0.282247 0.01 0.01
0 0.353148 0.328129 0.01 0.01
0 0.347854 0.334011 0.01 0.01
0 0.355795 0.359894 0.01 0.01
0 0.375648 0.365776 0.01 0.01
0 0.380942 0.366953 0.01 0.01
0 0.380280 0.357541 0.01 0.01
0 0.406089 0.361070 0.01 0.01
0 0.415354 0.323423 0.01 0.01
0 0.412045 0.311658 0.01 0.01
0 0.412707 0.292835 0.01 0.01
0 0.415354 0.282247 0.01 0.01
0 0.408074 0.277541 0.01 0.01
0 0.384251 0.245776 0.01 0.01
0 0.369030 0.231659 0.01 0.01
0 0.364398 0.226953 0.01 0.01
0 0.364398 0.219894 0.01 0.01
0 0.378957 0.228129 0.01 0.01
0 0.370354 0.212835 0.01 0.01
0 0.380942 0.201070 0.01 0.01
0 0.387560 0.204600 0.01 0.01
0 0.388222 0.194011 0.01 0.01
0 0.337266 0.404600 0.01 0.01
0 0.358442 0.402247 0.01 0.01
0 0.402780 0.403423 0.01 0.01
0 0.431898 0.282247 0.01 0.01
0 0.421971 0.263423 0.01 0.01
0 0.414030 0.239894 0.01 0.01
0 0.406751 0.223423 0.01 0.01
0 0.420648 0.211658 0.01 0.01
0 0.411383 0.202247 0.01 0.01
0 0.405427 0.203423 0.01 0.01
0 0.407413 0.196364 0.01 0.01
0 0.427266 0.188129 0.01 0.01
0 0.431898 0.202247 0.01 0.01
0 0.435207 0.190482 0.01 0.01
0 0.435869 0.178717 0.01 0.01
0 0.429913 0.169306 0.01 0.01
0 0.425942 0.164600 0.01 0.01
0 0.444472 0.174011 0.01 0.01
0 0.451751 0.168129 0.01 0.01
0 0.443148 0.159894 0.01 0.01
0 0.443148 0.146953 0.01 0.01
0 0.451089 0.151658 0.01 0.01
0 0.458369 0.143423 0.01 0.01
0 0.461677 0.151658 0.01 0.01
0 0.464986 0.154011 0.01 0.01
0 0.470942 0.155188 0.01 0.01
0 0.464324 0.177541 0.01 0.01
0 0.498736 0.126953 0.01 0.01
0 0.455722 0.228129 0.01 0.01
0 0.453074 0.232835 0.01 0.01
0 0.457045 0.262247 0.01 0.01
0 0.443810 0.296364 0.01 0.01
0 0.455060 0.299894 0.01 0.01
0 0.440501 0.312835 0.01 0.01
0 0.460354 0.314011 0.01 0.01
0 0.484177 0.264600 0.01 0.01
0 0.474913 0.272835 0.01 0.01
0 0.488810 0.245776 0.01 0.01
0 0.482192 0.242247 0.01 0.01
0 0.474913 0.242247 0.01 0.01
0 0.487486 0.229306 0.01 0.01
0 0.494104 0.211658 0.01 0.01
0 0.482854 0.194011 0.01 0.01
0 0.489472 0.191659 0.01 0.01
0 0.490133 0.156364 0.01 0.01
0 0.495427 0.143423 0.01 0.01
0 0.509324 0.150482 0.01 0.01
0 0.502707 0.159894 0.01 0.01
0 0.516604 0.159894 0.01 0.01
0 0.523221 0.166953 0.01 0.01
0 0.529177 0.166953 0.01 0.01
0 0.504030 0.185776 0.01 0.01
0 0.504692 0.198717 0.01 0.01
0 0.506677 0.226953 0.01 0.01
0 0.504030 0.251658 0.01 0.01
0 0.510648 0.246953 0.01 0.01
0 0.513957 0.215188 0.01 0.01
0 0.524545 0.226953 0.01 0.01
0 0.533148 0.230482 0.01 0.01
0 0.525207 0.194011 0.01 0.01
0 0.530501 0.195188 0.01 0.01
0 0.527854 0.182247 0.01 0.01
0 0.536457 0.190482 0.01 0.01
0 0.544398 0.174011 0.01 0.01
0 0.540427 0.185776 0.01 0.01
0 0.551016 0.178717 0.01 0.01
0 0.554324 0.192835 0.01 0.01
0 0.550354 0.198717 0.01 0.01
0 0.564913 0.181070 0.01 0.01
0 0.562927 0.192835 0.01 0.01
0 0.562927 0.204600 0.01 0.01
0 0.560942 0.224600 0.01 0.01
0 0.551677 0.230482 0.01 0.01
0 0.538442 0.246953 0.01 0.01
0 0.534472 0.257541 0.01 0.01
0 0.547707 0.264600 0.01 0.01
0 0.537119 0.272835 0.01 0.01
0 0.525869 0.284600 0.01 0.01
0 0.537119 0.297541 0.01 0.01
0 0.533148 0.301070 0.01 0.01
0 0.515942 0.321070 0.01 0.01
0 0.490133 0.290482 0.01 0.01
0 0.474251 0.319894 0.01 0.01
0 0.458369 0.351658 0.01 0.01
0 0.472266 0.365776 0.01 0.01
0 0.480869 0.357541 0.01 0.01
0 0.482192 0.336364 0.01 0.01
0 0.497413 0.337541 0.01 0.01
0 0.506677 0.332835 0.01 0.01
0 0.502707 0.303423 0.01 0.01
0 0.535795 0.336364 0.01 0.01
0 0.516604 0.346953 0.01 0.01
0 0.508663 0.348129 0.01 0.01
0 0.517927 0.357541 0.01 0.01
0 0.531824 0.362247 0.01 0.01
0 0.523883 0.369306 0.01 0.01
0 0.520574 0.374011 0.01 0.01
0 0.509986 0.379894 0.01 0.01
0 0.500722 0.388129 0.01 0.01
0 0.490795 0.397541 0.01 0.01
0 0.484839 0.371659 0.01 0.01
0 0.428589 0.376364 0.01 0.01
0 0.433222 0.385776 0.01 0.01
0 0.406089 0.418717 0.01 0.01
0 0.411383 0.428129 0.01 0.01
0 0.416016 0.377541 0.01 0.01
0 0.377633 0.401070 0.01 0.01
0 0.345207 0.441070 0.01 0.01
0 0.334619 0.461070 0.01 0.01
0 0.322707 0.465776 0.01 0.01
0 0.336604 0.511658 0.01 0.01
0 0.347192 0.510482 0.01 0.01
0 0.321383 0.511658 0.01 0.01
0 0.359104 0.484600 0.01 0.01
0 0.376972 0.501070 0.01 0.01
0 0.304839 0.542247 0.01 0.01
0 0.311457 0.564600 0.01 0.01
0 0.314104 0.603423 0.01 0.01
0 0.321383 0.605776 0.01 0.01
0 0.343883 0.584600 0.01 0.01
0 0.325354 0.582247 0.01 0.01
0 0.367707 0.557541 0.01 0.01
0 0.377633 0.557541 0.01 0.01
0 0.388883 0.551659 0.01 0.01
0 0.329324 0.632835 0.01 0.01
0 0.335942 0.642247 0.01 0.01
0 0.345207 0.648129 0.01 0.01
0 0.347854 0.656364 0.01 0.01
0 0.361089 0.671659 0.01 0.01
0 0.357119 0.655188 0.01 0.01
0 0.352486 0.622247 0.01 0.01
0 0.361751 0.636364 0.01 0.01
0 0.412045 0.577541 0.01 0.01
0 0.421971 0.538717 0.01 0.01
0 0.399471 0.505776 0.01 0.01
0 0.402780 0.498717 0.01 0.01
0 0.387560 0.486953 0.01 0.01
0 0.407413 0.451659 0.01 0.01
0 0.430574 0.464600 0.01 0.01
0 0.439177 0.418717 0.01 0.01
0 0.437854 0.448129 0.01 0.01
0 0.443148 0.452835 0.01 0.01
0 0.446457 0.472835 0.01 0.01
0 0.457707 0.488129 0.01 0.01
0 0.464324 0.503423 0.01 0.01
0 0.476236 0.498717 0.01 0.01
0 0.486824 0.412835 0.01 0.01
0 0.459030 0.399894 0.01 0.01
0 0.463001 0.539894 0.01 0.01
0 0.467633 0.536364 0.01 0.01
0 0.476236 0.539894 0.01 0.01
0 0.492780 0.536364 0.01 0.01
0 0.521898 0.511658 0.01 0.01
0 0.515280 0.490482 0.01 0.01
0 0.457045 0.614011 0.01 0.01
0 0.464324 0.608129 0.01 0.01
0 0.423295 0.648129 0.01 0.01
0 0.429251 0.652835 0.01 0.01
0 0.438516 0.645776 0.01 0.01
0 0.537119 0.442247 0.01 0.01
0 0.547045 0.444600 0.01 0.01
0 0.553663 0.450482 0.01 0.01
0 0.531163 0.565776 0.01 0.01
0 0.543736 0.541070 0.01 0.01
0 0.562927 0.492835 0.01 0.01
0 0.554986 0.486953 0.01 0.01
0 0.559619 0.483423 0.01 0.01
0 0.562927 0.448129 0.01 0.01
0 0.562927 0.418717 0.01 0.01
0 0.580795 0.424600 0.01 0.01
0 0.554986 0.388129 0.01 0.01
0 0.549030 0.375188 0.01 0.01
0 0.540427 0.365776 0.01 0.01
0 0.594030 0.557541 0.01 0.01
0 0.582119 0.494011 0.01 0.01
0 0.547707 0.466953 0.01 0.01
0 0.547045 0.517541 0.01 0.01
0 0.519251 0.562247 0.01 0.01
0 0.481530 0.576364 0.01 0.01
0 0.514619 0.599894 0.01 0.01
0 0.517927 0.632835 0.01 0.01
0 0.521898 0.645776 0.01 0.01
0 0.488810 0.658717 0.01 0.01
0 0.503369 0.631658 0.01 0.01
0 0.465648 0.664600 0.01 0.01
0 0.441824 0.692835 0.01 0.01
0 0.437192 0.730482 0.01 0.01
0 0.423295 0.759894 0.01 0.01
0 0.435207 0.768129 0.01 0.01
0 0.409398 0.699894 0.01 0.01
0 0.398810 0.722247 0.01 0.01
0 0.404104 0.737541 0.01 0.01
0 0.399471 0.752835 0.01 0.01
0 0.388883 0.737541 0.01 0.01
0 0.386236 0.721070 0.01 0.01
0 0.380942 0.721070 0.01 0.01
0 0.373663 0.719894 0.01 0.01
0 0.375648 0.688129 0.01 0.01
0 0.371677 0.695188 0.01 0.01
0 0.367045 0.703423 0.01 0.01
0 0.360427 0.706953 0.01 0.01
0 0.359104 0.696364 0.01 0.01
0 0.306824 0.804600 0.01 0.01
0 0.306824 0.815188 0.01 0.01
0 0.321383 0.829306 0.01 0.01
0 0.327339 0.839894 0.01 0.01
0 0.339251 0.877541 0.01 0.01
0 0.323369 0.868129 0.01 0.01
0 0.305501 0.879894 0.01 0.01
0 0.392192 0.854011 0.01 0.01
0 0.351824 0.919894 0.01 0.01
0 0.408074 0.919894 0.01 0.01
0 0.423295 0.843423 0.01 0.01
0 0.424619 0.822247 0.01 0.01
0 0.381604 0.814011 0.01 0.01
0 0.396824 0.806953 0.01 0.01
0 0.408074 0.790482 0.01 0.01
0 0.378957 0.757541 0.01 0.01
0 0.453074 0.942247 0.01 0.01
0 0.475574 0.881070 0.01 0.01
0 0.468295 0.928129 0.01 0.01
0 0.489472 0.965776 0.01 0.01
0 0.537780 0.897541 0.01 0.01
0 0.545060 0.891659 0.01 0.01
0 0.540427 0.905776 0.01 0.01
0 0.546383 0.908129 0.01 0.01
0 0.507339 0.944600 0.01 0.01
0 0.513957 0.866953 0.01 0.01
0 0.539766 0.931659 0.01 0.01
0 0.547045 0.935188 0.01 0.01
0 0.559619 0.857541 0.01 0.01
0 0.591383 0.845776 0.01 0.01
0 0.652927 0.821070 0.01 0.01
0 0.646972 0.829306 0.01 0.01
0 0.623810 0.837541 0.01 0.01
0 0.617192 0.831658 0.01 0.01
0 0.598663 0.806953 0.01 0.01
0 0.625795 0.790482 0.01 0.01
0 0.619839 0.777541 0.01 0.01
0 0.652266 0.809306 0.01 0.01
0 0.608589 0.764600 0.01 0.01
0 0.521898 0.817541 0.01 0.01
0 0.517927 0.792835 0.01 0.01
0 0.539766 0.799894 0.01 0.01
0 0.498074 0.801070 0.01 0.01
0 0.486824 0.774011 0.01 0.01
0 0.492780 0.752835 0.01 0.01
0 0.506677 0.735188 0.01 0.01
0 0.516604 0.686953 0.01 0.01
0 0.535795 0.705776 0.01 0.01
0 0.552339 0.682247 0.01 0.01
0 0.533148 0.624600 0.01 0.01
0 0.553001 0.605776 0.01 0.01
0 0.583442 0.629306 0.01 0.01
0 0.592707 0.630482 0.01 0.01
0 0.594692 0.657541 0.01 0.01
0 0.589398 0.662247 0.01 0.01
0 0.576163 0.672835 0.01 0.01
0 0.509324 0.766953 0.01 0.01
0 0.513957 0.772835 0.01 0.01
0 0.506016 0.782247 0.01 0.01
0 0.519913 0.742247 0.01 0.01
0 0.543736 0.745776 0.01 0.01
0 0.552339 0.741070 0.01 0.01
0 0.564251 0.742247 0.01 0.01
0 0.570207 0.722247 0.01 0.01
0 0.578810 0.703423 0.01 0.01
0 0.584104 0.708129 0.01 0.01
0 0.600648 0.682247 0.01 0.01
0 0.576163 0.770482 0.01 0.01
0 0.567560 0.863423 0.01 0.01
0 0.677413 0.757541 0.01 0.01
0 0.659545 0.754011 0.01 0.01
0 0.664839 0.729306 0.01 0.01
0 0.690648 0.749306 0.01 0.01
0 0.645648 0.716364 0.01 0.01
0 0.648295 0.702247 0.01 0.01
0 0.660207 0.696364 0.01 0.01
0 0.703883 0.710482 0.01 0.01
0 0.609251 0.203423 0.01 0.01
0 0.618516 0.219894 0.01 0.01
0 0.607927 0.219894 0.01 0.01
0 0.592707 0.215188 0.01 0.01
0 0.580795 0.206953 0.01 0.01
0 0.573516 0.215188 0.01 0.01
0 0.603957 0.239894 0.01 0.01
0 0.576824 0.245776 0.01 0.01
0 0.585427 0.246953 0.01 0.01
0 0.572854 0.255188 0.01 0.01
0 0.566898 0.283423 0.01 0.01
0 0.566236 0.321070 0.01 0.01
0 0.579471 0.310482 0.01 0.01
0 0.583442 0.294011 0.01 0.01
0 0.593369 0.286953 0.01 0.01
0 0.579471 0.270482 0.01 0.01
0 0.594692 0.266953 0.01 0.01
0 0.612560 0.279894 0.01 0.01
0 0.617192 0.270482 0.01 0.01
0 0.625795 0.274011 0.01 0.01
0 0.629766 0.250482 0.01 0.01
0 0.646310 0.303423 0.01 0.01
0 0.637045 0.305776 0.01 0.01
0 0.621163 0.303423 0.01 0.01
0 0.612560 0.303423 0.01 0.01
0 0.603295 0.306953 0.01 0.01
0 0.601972 0.297541 0.01 0.01
0 0.592045 0.334011 0.01 0.01
0 0.627780 0.326953 0.01 0.01
0 0.623148 0.335188 0.01 0.01
0 0.639692 0.325776 0.01 0.01
0 0.642339 0.348129 0.01 0.01
0 0.644986 0.375188 0.01 0.01
0 0.634398 0.354011 0.01 0.01
0 0.642339 0.358717 0.01 0.01
0 0.627119 0.348129 0.01 0.01
0 0.584104 0.468129 0.01 0.01
0 0.611898 0.424600 0.01 0.01
0 0.606604 0.419894 0.01 0.01
0 0.602633 0.423423 0.01 0.01
0 0.608589 0.688129 0.01 0.01
0 0.619177 0.679894 0.01 0.01
0 0.622486 0.664600 0.01 0.01
0 0.607266 0.669306 0.01 0.01
0 0.617192 0.646953 0.01 0.01
0 0.619839 0.636364 0.01 0.01
0 0.638369 0.632835 0.01 0.01
0 0.656898 0.630482 0.01 0.01
0 0.627780 0.624600 0.01 0.01
0 0.632413 0.614011 0.01 0.01
0 0.635722 0.601070 0.01 0.01
0 0.629104 0.596364 0.01 0.01
0 0.623148 0.611658 0.01 0.01
0 0.615869 0.615188 0.01 0.01
0 0.613883 0.579894 0.01 0.01
0 0.640354 0.576364 0.01 0.01
0 0.638369 0.582247 0.01 0.01
0 0.633736 0.574011 0.01 0.01
0 0.652266 0.559894 0.01 0.01
0 0.648295 0.565776 0.01 0.01
0 0.643663 0.555188 0.01 0.01
0 0.644324 0.548129 0.01 0.01
0 0.645648 0.537541 0.01 0.01
0 0.646972 0.524600 0.01 0.01
0 0.649619 0.519894 0.01 0.01
0 0.660207 0.516364 0.01 0.01
0 0.649619 0.505776 0.01 0.01
0 0.650280 0.495188 0.01 0.01
0 0.651604 0.472835 0.01 0.01
0 0.648957 0.462247 0.01 0.01
0 0.656236 0.428129 0.01 0.01
0 0.664177 0.408129 0.01 0.01
0 0.652927 0.412835 0.01 0.01
0 0.647633 0.419894 0.01 0.01
0 0.653589 0.398717 0.01 0.01
0 0.648295 0.403423 0.01 0.01
0 0.644324 0.410482 0.01 0.01
0 0.639692 0.412835 0.01 0.01
0 0.633074 0.419894 0.01 0.01
0 0.633736 0.408129 0.01 0.01
0 0.636383 0.398717 0.01 0.01
0 0.641677 0.392835 0.01 0.01
0 0.645648 0.388129 0.01 0.01
0 0.637707 0.430482 0.01 0.01
0 0.629766 0.442247 0.01 0.01
0 0.631751 0.457541 0.01 0.01
0 0.622486 0.457541 0.01 0.01
0 0.633074 0.471658 0.01 0.01
0 0.640354 0.470482 0.01 0.01
0 0.640354 0.470482 0.01 0.01
0 0.680060 0.446953 0.01 0.01
0 0.688663 0.446953 0.01 0.01
0 0.642339 0.490482 0.01 0.01
0 0.637707 0.489306 0.01 0.01
0 0.634398 0.494011 0.01 0.01
0 0.641016 0.522247 0.01 0.01
0 0.637707 0.523423 0.01 0.01
0 0.632413 0.517541 0.01 0.01
0 0.633736 0.544600 0.01 0.01
0 0.712486 0.668129 0.01 0.01
0 0.704545 0.643423 0.01 0.01
0 0.680722 0.645776 0.01 0.01
0 0.668148 0.617541 0.01 0.01
0 0.717119 0.606953 0.01 0.01
0 0.723074 0.631658 0.01 0.01
0 0.717780 0.623423 0.01 0.01
0 0.727045 0.598717 0.01 0.01
0 0.731016 0.574011 0.01 0.01
0 0.712486 0.562247 0.01 0.01
0 0.712486 0.562247 0.01 0.01
0 0.709177 0.550482 0.01 0.01
0 0.700574 0.517541 0.01 0.01
0 0.724398 0.501070 0.01 0.01
0 0.722413 0.526953 0.01 0.01
0 0.731677 0.485776 0.01 0.01
0 0.740280 0.481070 0.01 0.01
0 0.719104 0.477541 0.01 0.01
0 0.692633 0.557541 0.01 0.01
0 0.426604 0.435188 0.01 0.01
0 0.285648 0.682247 0.01 0.01
0 0.449766 0.777541 0.01 0.01
0 0.472927 0.776364 0.01 0.01
0 0.533810 0.755188 0.01 0.01
0 0.556310 0.751658 0.01 0.01
0 0.404104 0.172835 0.01 0.01
0 0.422633 0.238717 0.01 0.01
0 0.599324 0.455188 0.01 0.01
