0 0.226751 0.694011 0.01 0.01
0 0.244619 0.735188 0.01 0.01
0 0.253883 0.686953 0.01 0.01
0 0.235354 0.674011 0.01 0.01
0 0.251236 0.636364 0.01 0.01
0 0.224104 0.639894 0.01 0.01
0 0.216163 0.655188 0.01 0.01
0 0.202927 0.614011 0.01 0.01
0 0.218148 0.529306 0.01 0.01
0 0.204251 0.511658 0.01 0.01
0 0.193663 0.491658 0.01 0.01
0 0.191016 0.464600 0.01 0.01
0 0.203589 0.422247 0.01 0.01
0 0.226751 0.419894 0.01 0.01
0 0.602633 0.682247 0.01 0.01
0 0.615869 0.678717 0.01 0.01
0 0.621163 0.677541 0.01 0.01
0 0.586751 0.665776 0.01 0.01
0 0.594692 0.656364 0.01 0.01
0 0.607266 0.671659 0.01 0.01
0 0.619177 0.662247 0.01 0.01
0 0.617854 0.648129 0.01 0.01
0 0.623810 0.635188 0.01 0.01
0 0.636383 0.635188 0.01 0.01
0 0.626457 0.625776 0.01 0.01
0 0.633074 0.616364 0.01 0.01
0 0.635722 0.602247 0.01 0.01
0 0.628442 0.595188 0.01 0.01
0 0.626457 0.605776 0.01 0.01
0 0.617192 0.612835 0.01 0.01
0 0.640354 0.583423 0.01 0.01
0 0.635060 0.574011 0.01 0.01
0 0.650280 0.572835 0.01 0.01
0 0.654251 0.562247 0.01 0.01
0 0.649619 0.554011 0.01 0.01
0 0.645648 0.549306 0.01 0.01
0 0.644324 0.559894 0.01 0.01
0 0.635722 0.543423 0.01 0.01
0 0.632413 0.528129 0.01 0.01
0 0.636383 0.522247 0.01 0.01
0 0.639692 0.518717 0.01 0.01
0 0.646972 0.536364 0.01 0.01
0 0.649619 0.526953 0.01 0.01
0 0.650942 0.516364 0.01 0.01
0 0.658883 0.518717 0.01 0.01
0 0.650280 0.506953 0.01 0.01
0 0.652927 0.496364 0.01 0.01
0 0.656898 0.486953 0.01 0.01
0 0.643663 0.486953 0.01 0.01
0 0.639030 0.490482 0.01 0.01
0 0.636383 0.499894 0.01 0.01
0 0.632413 0.476364 0.01 0.01
0 0.641677 0.466953 0.01 0.01
0 0.641677 0.466953 0.01 0.01
0 0.650942 0.455188 0.01 0.01
0 0.650942 0.464600 0.01 0.01
0 0.650280 0.474011 0.01 0.01
0 0.621163 0.455188 0.01 0.01
0 0.627119 0.454011 0.01 0.01
0 0.630427 0.435188 0.01 0.01
0 0.633736 0.435188 0.01 0.01
0 0.633736 0.419894 0.01 0.01
0 0.635060 0.404600 0.01 0.01
0 0.658883 0.422247 0.01 0.01
0 0.651604 0.416364 0.01 0.01
0 0.639030 0.410482 0.01 0.01
0 0.645648 0.409306 0.01 0.01
0 0.664839 0.409306 0.01 0.01
0 0.654913 0.403423 0.01 0.01
0 0.641016 0.388129 0.01 0.01
0 0.643001 0.383423 0.01 0.01
0 0.639692 0.398717 0.01 0.01
0 0.640354 0.370482 0.01 0.01
0 0.642339 0.366953 0.01 0.01
0 0.643663 0.358717 0.01 0.01
0 0.641677 0.346953 0.01 0.01
0 0.637707 0.352835 0.01 0.01
0 0.627119 0.357541 0.01 0.01
0 0.622486 0.336364 0.01 0.01
0 0.628442 0.328129 0.01 0.01
0 0.613883 0.422247 0.01 0.01
0 0.606604 0.417541 0.01 0.01
0 0.611898 0.385776 0.01 0.01
0 0.639030 0.321070 0.01 0.01
0 0.633074 0.302247 0.01 0.01
0 0.665501 0.336364 0.01 0.01
0 0.645648 0.303423 0.01 0.01
0 0.622486 0.305776 0.01 0.01
0 0.617192 0.317541 0.01 0.01
0 0.613222 0.299894 0.01 0.01
0 0.606604 0.308129 0.01 0.01
0 0.603295 0.301070 0.01 0.01
0 0.612560 0.268129 0.01 0.01
0 0.620501 0.264600 0.01 0.01
0 0.655574 0.244600 0.01 0.01
0 0.677413 0.291658 0.01 0.01
0 0.621163 0.223423 0.01 0.01
0 0.622486 0.236364 0.01 0.01
0 0.610574 0.203423 0.01 0.01
0 0.586751 0.191659 0.01 0.01
0 0.595354 0.288129 0.01 0.01
0 0.583442 0.294011 0.01 0.01
0 0.580795 0.308129 0.01 0.01
0 0.580795 0.309306 0.01 0.01
0 0.567560 0.289306 0.01 0.01
0 0.582119 0.269306 0.01 0.01
0 0.595354 0.266953 0.01 0.01
0 0.586751 0.245776 0.01 0.01
0 0.577486 0.242247 0.01 0.01
0 0.572192 0.254011 0.01 0.01
0 0.568222 0.231659 0.01 0.01
0 0.564913 0.224600 0.01 0.01
0 0.561604 0.205776 0.01 0.01
0 0.564913 0.194011 0.01 0.01
0 0.564913 0.181070 0.01 0.01
0 0.574839 0.197541 0.01 0.01
0 0.558295 0.192835 0.01 0.01
0 0.555648 0.192835 0.01 0.01
0 0.554324 0.186953 0.01 0.01
0 0.534472 0.203423 0.01 0.01
0 0.531163 0.194011 0.01 0.01
0 0.525207 0.191659 0.01 0.01
0 0.545060 0.189306 0.01 0.01
0 0.531824 0.182247 0.01 0.01
0 0.538442 0.170482 0.01 0.01
0 0.554986 0.164600 0.01 0.01
0 0.531163 0.168129 0.01 0.01
0 0.526530 0.168129 0.01 0.01
0 0.518589 0.159894 0.01 0.01
0 0.509324 0.152835 0.01 0.01
0 0.504030 0.159894 0.01 0.01
0 0.490133 0.156364 0.01 0.01
0 0.477560 0.101070 0.01 0.01
0 0.478883 0.025776 0.01 0.01
0 0.435869 0.050482 0.01 0.01
0 0.441163 0.062247 0.01 0.01
0 0.474251 0.152835 0.01 0.01
0 0.470942 0.155188 0.01 0.01
0 0.465648 0.155188 0.01 0.01
0 0.458369 0.152835 0.01 0.01
0 0.453736 0.152835 0.01 0.01
0 0.459692 0.141070 0.01 0.01
0 0.497413 0.143423 0.01 0.01
0 0.444472 0.155188 0.01 0.01
0 0.454398 0.165776 0.01 0.01
0 0.447119 0.170482 0.01 0.01
0 0.466971 0.177541 0.01 0.01
0 0.427927 0.171659 0.01 0.01
0 0.429251 0.185776 0.01 0.01
0 0.431898 0.195188 0.01 0.01
0 0.422633 0.162247 0.01 0.01
0 0.419986 0.195188 0.01 0.01
0 0.425280 0.216364 0.01 0.01
0 0.406751 0.205776 0.01 0.01
0 0.408074 0.196364 0.01 0.01
0 0.401457 0.179894 0.01 0.01
0 0.393516 0.189306 0.01 0.01
0 0.389545 0.199894 0.01 0.01
0 0.363074 0.179894 0.01 0.01
0 0.356457 0.175188 0.01 0.01
0 0.378295 0.198717 0.01 0.01
0 0.382266 0.204600 0.01 0.01
0 0.375648 0.224600 0.01 0.01
0 0.374324 0.217541 0.01 0.01
0 0.365060 0.219894 0.01 0.01
0 0.371677 0.271658 0.01 0.01
0 0.381604 0.245776 0.01 0.01
0 0.392192 0.255188 0.01 0.01
0 0.390869 0.241070 0.01 0.01
0 0.455060 0.231659 0.01 0.01
0 0.453074 0.230482 0.01 0.01
0 0.483516 0.195188 0.01 0.01
0 0.490133 0.188129 0.01 0.01
0 0.503369 0.184600 0.01 0.01
0 0.505354 0.203423 0.01 0.01
0 0.495427 0.209306 0.01 0.01
0 0.488148 0.222247 0.01 0.01
0 0.488810 0.238717 0.01 0.01
0 0.475574 0.238717 0.01 0.01
0 0.486824 0.269306 0.01 0.01
0 0.498736 0.258717 0.01 0.01
0 0.507339 0.226953 0.01 0.01
0 0.511310 0.244600 0.01 0.01
0 0.513295 0.261070 0.01 0.01
0 0.513957 0.215188 0.01 0.01
0 0.527192 0.231659 0.01 0.01
0 0.533148 0.232835 0.01 0.01
0 0.551016 0.230482 0.01 0.01
0 0.537780 0.244600 0.01 0.01
0 0.537780 0.254011 0.01 0.01
0 0.537119 0.268129 0.01 0.01
0 0.527192 0.286953 0.01 0.01
0 0.545722 0.268129 0.01 0.01
0 0.536457 0.298717 0.01 0.01
0 0.532486 0.302247 0.01 0.01
0 0.536457 0.342247 0.01 0.01
0 0.541751 0.364600 0.01 0.01
0 0.549030 0.372835 0.01 0.01
0 0.554986 0.388129 0.01 0.01
0 0.529839 0.361070 0.01 0.01
0 0.521898 0.370482 0.01 0.01
0 0.519913 0.375188 0.01 0.01
0 0.513957 0.379894 0.01 0.01
0 0.521236 0.346953 0.01 0.01
0 0.505354 0.331659 0.01 0.01
0 0.496089 0.336364 0.01 0.01
0 0.515280 0.321070 0.01 0.01
0 0.510648 0.314011 0.01 0.01
0 0.482192 0.337541 0.01 0.01
0 0.479545 0.349306 0.01 0.01
0 0.470942 0.358717 0.01 0.01
0 0.476898 0.321070 0.01 0.01
0 0.457707 0.316364 0.01 0.01
0 0.457045 0.315188 0.01 0.01
0 0.462339 0.350482 0.01 0.01
0 0.484839 0.372835 0.01 0.01
0 0.494104 0.392835 0.01 0.01
0 0.502707 0.381070 0.01 0.01
0 0.474913 0.282247 0.01 0.01
0 0.450427 0.266953 0.01 0.01
0 0.456383 0.297541 0.01 0.01
0 0.448442 0.295188 0.01 0.01
0 0.441163 0.314011 0.01 0.01
0 0.431898 0.281070 0.01 0.01
0 0.421310 0.264600 0.01 0.01
0 0.414692 0.277541 0.01 0.01
0 0.412707 0.291658 0.01 0.01
0 0.407413 0.279894 0.01 0.01
0 0.414692 0.237541 0.01 0.01
0 0.384251 0.279894 0.01 0.01
0 0.381604 0.284600 0.01 0.01
0 0.375648 0.284600 0.01 0.01
0 0.373001 0.290482 0.01 0.01
0 0.369030 0.302247 0.01 0.01
0 0.367045 0.288129 0.01 0.01
0 0.361751 0.277541 0.01 0.01
0 0.357119 0.266953 0.01 0.01
0 0.351824 0.252835 0.01 0.01
0 0.344545 0.243423 0.01 0.01
0 0.341236 0.236364 0.01 0.01
0 0.341898 0.259894 0.01 0.01
0 0.337266 0.281070 0.01 0.01
0 0.330648 0.292835 0.01 0.01
0 0.338589 0.294011 0.01 0.01
0 0.355795 0.281070 0.01 0.01
0 0.355795 0.291658 0.01 0.01
0 0.358442 0.295188 0.01 0.01
0 0.360427 0.310482 0.01 0.01
0 0.330648 0.309306 0.01 0.01
0 0.331310 0.323423 0.01 0.01
0 0.337927 0.318717 0.01 0.01
0 0.338589 0.344600 0.01 0.01
0 0.351824 0.326953 0.01 0.01
0 0.352486 0.331659 0.01 0.01
0 0.348516 0.315188 0.01 0.01
0 0.358442 0.357541 0.01 0.01
0 0.358442 0.337541 0.01 0.01
0 0.407413 0.363423 0.01 0.01
0 0.411383 0.315188 0.01 0.01
0 0.417339 0.318717 0.01 0.01
0 0.427266 0.238717 0.01 0.01
0 0.506016 0.084600 0.01 0.01
0 0.545722 0.099894 0.01 0.01
0 0.581457 0.128129 0.01 0.01
0 0.441163 0.117541 0.01 0.01
0 0.453736 0.121070 0.01 0.01
0 0.380942 0.357541 0.01 0.01
0 0.378295 0.369306 0.01 0.01
0 0.380280 0.371659 0.01 0.01
0 0.358442 0.409306 0.01 0.01
0 0.339251 0.408129 0.01 0.01
0 0.330648 0.372835 0.01 0.01
0 0.320060 0.364600 0.01 0.01
0 0.312780 0.361070 0.01 0.01
0 0.316751 0.386953 0.01 0.01
0 0.326677 0.411658 0.01 0.01
0 0.311457 0.431659 0.01 0.01
0 0.312780 0.423423 0.01 0.01
0 0.304177 0.423423 0.01 0.01
0 0.309472 0.405776 0.01 0.01
0 0.284986 0.409306 0.01 0.01
0 0.290280 0.377541 0.01 0.01
0 0.266457 0.442247 0.01 0.01
0 0.245280 0.399894 0.01 0.01
0 0.257192 0.374011 0.01 0.01
0 0.240648 0.379894 0.01 0.01
0 0.283001 0.502247 0.01 0.01
0 0.288957 0.488129 0.01 0.01
0 0.297560 0.463423 0.01 0.01
0 0.311457 0.448129 0.01 0.01
0 0.302854 0.452835 0.01 0.01
0 0.427927 0.370482 0.01 0.01
0 0.435207 0.377541 0.01 0.01
0 0.419324 0.376364 0.01 0.01
0 0.401457 0.398717 0.01 0.01
0 0.344545 0.438717 0.01 0.01
0 0.378295 0.391658 0.01 0.01
0 0.324692 0.471658 0.01 0.01
0 0.306163 0.486953 0.01 0.01
0 0.301530 0.506953 0.01 0.01
0 0.322045 0.510482 0.01 0.01
0 0.337266 0.506953 0.01 0.01
0 0.344545 0.522247 0.01 0.01
0 0.347854 0.506953 0.01 0.01
0 0.359104 0.485776 0.01 0.01
0 0.380942 0.497541 0.01 0.01
0 0.387560 0.483423 0.01 0.01
0 0.413369 0.429306 0.01 0.01
0 0.405427 0.421070 0.01 0.01
0 0.408074 0.448129 0.01 0.01
0 0.425280 0.539894 0.01 0.01
0 0.391530 0.557541 0.01 0.01
0 0.379619 0.558717 0.01 0.01
0 0.372339 0.552835 0.01 0.01
0 0.348516 0.568129 0.01 0.01
0 0.343221 0.583423 0.01 0.01
0 0.386236 0.522247 0.01 0.01
0 0.402119 0.511658 0.01 0.01
0 0.404104 0.499894 0.01 0.01
0 0.335280 0.456364 0.01 0.01
0 0.316089 0.341070 0.01 0.01
0 0.368369 0.259894 0.01 0.01
0 0.322045 0.605776 0.01 0.01
0 0.328663 0.577541 0.01 0.01
0 0.313442 0.562247 0.01 0.01
0 0.306824 0.544600 0.01 0.01
0 0.315427 0.603423 0.01 0.01
0 0.298883 0.598717 0.01 0.01
0 0.288295 0.621070 0.01 0.01
0 0.277045 0.618717 0.01 0.01
0 0.264472 0.612835 0.01 0.01
0 0.353810 0.622247 0.01 0.01
0 0.361751 0.630482 0.01 0.01
0 0.356457 0.656364 0.01 0.01
0 0.362413 0.671659 0.01 0.01
0 0.349839 0.657541 0.01 0.01
0 0.347854 0.648129 0.01 0.01
0 0.338589 0.651658 0.01 0.01
0 0.335942 0.641070 0.01 0.01
0 0.328001 0.632835 0.01 0.01
0 0.435207 0.417541 0.01 0.01
0 0.427266 0.435188 0.01 0.01
0 0.428589 0.458717 0.01 0.01
0 0.439177 0.446953 0.01 0.01
0 0.443148 0.452835 0.01 0.01
0 0.446457 0.472835 0.01 0.01
0 0.447119 0.474011 0.01 0.01
0 0.459030 0.486953 0.01 0.01
0 0.477560 0.495188 0.01 0.01
0 0.465648 0.504600 0.01 0.01
0 0.459030 0.401070 0.01 0.01
0 0.556310 0.446953 0.01 0.01
0 0.564251 0.443423 0.01 0.01
0 0.562927 0.419894 0.01 0.01
0 0.581457 0.426953 0.01 0.01
0 0.547045 0.442247 0.01 0.01
0 0.542413 0.438717 0.01 0.01
0 0.558957 0.491658 0.01 0.01
0 0.552339 0.484600 0.01 0.01
0 0.560280 0.479894 0.01 0.01
0 0.553001 0.470482 0.01 0.01
0 0.584104 0.468129 0.01 0.01
0 0.581457 0.498717 0.01 0.01
0 0.504692 0.431659 0.01 0.01
0 0.515280 0.491658 0.01 0.01
0 0.517927 0.514011 0.01 0.01
0 0.478883 0.539894 0.01 0.01
0 0.464324 0.541070 0.01 0.01
0 0.494766 0.534011 0.01 0.01
0 0.545722 0.542247 0.01 0.01
0 0.530501 0.557541 0.01 0.01
0 0.593369 0.556364 0.01 0.01
0 0.572192 0.569306 0.01 0.01
0 0.583442 0.632835 0.01 0.01
0 0.592045 0.635188 0.01 0.01
0 0.616530 0.576364 0.01 0.01
0 0.551677 0.609306 0.01 0.01
0 0.535795 0.621070 0.01 0.01
0 0.527854 0.646953 0.01 0.01
0 0.520574 0.631658 0.01 0.01
0 0.508663 0.631658 0.01 0.01
0 0.482854 0.572835 0.01 0.01
0 0.549692 0.512835 0.01 0.01
0 0.488810 0.658717 0.01 0.01
0 0.467633 0.610482 0.01 0.01
0 0.461016 0.604600 0.01 0.01
0 0.439839 0.645776 0.01 0.01
0 0.431898 0.655188 0.01 0.01
0 0.425942 0.645776 0.01 0.01
0 0.409398 0.589306 0.01 0.01
0 0.516604 0.689306 0.01 0.01
0 0.539104 0.702247 0.01 0.01
0 0.553663 0.676364 0.01 0.01
0 0.468957 0.397541 0.01 0.01
0 0.358442 0.137541 0.01 0.01
0 0.337266 0.108129 0.01 0.01
0 0.283001 0.143423 0.01 0.01
0 0.283001 0.143423 0.01 0.01
0 0.302854 0.181070 0.01 0.01
0 0.288957 0.199894 0.01 0.01
0 0.253883 0.184600 0.01 0.01
0 0.252560 0.272835 0.01 0.01
0 0.240648 0.259894 0.01 0.01
0 0.218810 0.282247 0.01 0.01
0 0.306163 0.811659 0.01 0.01
0 0.308810 0.819894 0.01 0.01
0 0.320060 0.831658 0.01 0.01
0 0.326016 0.841070 0.01 0.01
0 0.310795 0.877541 0.01 0.01
0 0.339251 0.876364 0.01 0.01
0 0.353148 0.922247 0.01 0.01
0 0.404766 0.921070 0.01 0.01
0 0.380942 0.811659 0.01 0.01
0 0.423295 0.842247 0.01 0.01
0 0.424619 0.821070 0.01 0.01
0 0.400795 0.804600 0.01 0.01
0 0.407413 0.791659 0.01 0.01
0 0.380280 0.756364 0.01 0.01
0 0.395501 0.736364 0.01 0.01
0 0.384913 0.734011 0.01 0.01
0 0.379619 0.732835 0.01 0.01
0 0.379619 0.725776 0.01 0.01
0 0.385574 0.718717 0.01 0.01
0 0.378957 0.699894 0.01 0.01
0 0.371016 0.709306 0.01 0.01
0 0.367707 0.704600 0.01 0.01
0 0.372339 0.692835 0.01 0.01
0 0.360427 0.696364 0.01 0.01
0 0.409398 0.696364 0.01 0.01
0 0.399471 0.721070 0.01 0.01
0 0.403442 0.738717 0.01 0.01
0 0.403442 0.754011 0.01 0.01
0 0.439839 0.730482 0.01 0.01
0 0.441824 0.690482 0.01 0.01
0 0.423295 0.755188 0.01 0.01
0 0.435869 0.766953 0.01 0.01
0 0.447780 0.777541 0.01 0.01
0 0.490133 0.963423 0.01 0.01
0 0.451089 0.948129 0.01 0.01
0 0.472927 0.924600 0.01 0.01
0 0.549030 0.934011 0.01 0.01
0 0.546383 0.929305 0.01 0.01
0 0.541751 0.923423 0.01 0.01
0 0.543074 0.914011 0.01 0.01
0 0.544398 0.897541 0.01 0.01
0 0.541751 0.889306 0.01 0.01
0 0.506677 0.949306 0.01 0.01
0 0.515280 0.869306 0.01 0.01
0 0.561604 0.856364 0.01 0.01
0 0.565574 0.857541 0.01 0.01
0 0.554324 0.906953 0.01 0.01
0 0.519913 0.814011 0.01 0.01
0 0.503369 0.796364 0.01 0.01
0 0.473589 0.778717 0.01 0.01
0 0.493442 0.774011 0.01 0.01
0 0.492119 0.754011 0.01 0.01
0 0.506677 0.732835 0.01 0.01
0 0.534472 0.742247 0.01 0.01
0 0.538442 0.757541 0.01 0.01
0 0.516604 0.770482 0.01 0.01
0 0.509324 0.774011 0.01 0.01
0 0.542413 0.796364 0.01 0.01
0 0.542413 0.745776 0.01 0.01
0 0.552339 0.745776 0.01 0.01
0 0.571530 0.718717 0.01 0.01
0 0.576824 0.695188 0.01 0.01
0 0.590060 0.708129 0.01 0.01
0 0.577486 0.669306 0.01 0.01
0 0.594692 0.846953 0.01 0.01
0 0.596677 0.808129 0.01 0.01
0 0.608589 0.765776 0.01 0.01
0 0.582119 0.759894 0.01 0.01
0 0.627780 0.839894 0.01 0.01
0 0.617854 0.830482 0.01 0.01
0 0.624472 0.789306 0.01 0.01
0 0.642339 0.841070 0.01 0.01
0 0.655574 0.826953 0.01 0.01
0 0.646972 0.826953 0.01 0.01
0 0.654251 0.798717 0.01 0.01
0 0.680060 0.759894 0.01 0.01
0 0.688663 0.742247 0.01 0.01
0 0.659545 0.743423 0.01 0.01
0 0.666824 0.723423 0.01 0.01
0 0.644986 0.711658 0.01 0.01
0 0.646972 0.695188 0.01 0.01
0 0.656236 0.697541 0.01 0.01
0 0.664177 0.691658 0.01 0.01
0 0.704545 0.711658 0.01 0.01
0 0.716457 0.666953 0.01 0.01
0 0.682707 0.648129 0.01 0.01
0 0.655574 0.626953 0.01 0.01
0 0.674766 0.604600 0.01 0.01
0 0.702560 0.628129 0.01 0.01
0 0.722413 0.636364 0.01 0.01
0 0.712486 0.611658 0.01 0.01
0 0.731677 0.598717 0.01 0.01
0 0.719766 0.621070 0.01 0.01
0 0.731016 0.576364 0.01 0.01
0 0.712486 0.546953 0.01 0.01
0 0.721751 0.525776 0.01 0.01
0 0.712486 0.521070 0.01 0.01
0 0.705207 0.517541 0.01 0.01
0 0.684030 0.459894 0.01 0.01
0 0.683369 0.448129 0.01 0.01
0 0.706530 0.446953 0.01 0.01
0 0.719104 0.451659 0.01 0.01
0 0.720427 0.476364 0.01 0.01
0 0.693295 0.552835 0.01 0.01
0 0.715795 0.563423 0.01 0.01
0 0.726383 0.508129 0.01 0.01
0 0.728369 0.486953 0.01 0.01
0 0.740942 0.478717 0.01 0.01
0 0.733001 0.424600 0.01 0.01
0 0.732339 0.386953 0.01 0.01
0 0.713810 0.406953 0.01 0.01
0 0.710501 0.363423 0.01 0.01
0 0.726383 0.349306 0.01 0.01
0 0.720427 0.316364 0.01 0.01
0 0.693957 0.311658 0.01 0.01
0 0.709839 0.275188 0.01 0.01
0 0.703883 0.258717 0.01 0.01
0 0.680060 0.224600 0.01 0.01
0 0.682707 0.201070 0.01 0.01
0 0.664839 0.176364 0.01 0.01
0 0.660207 0.164600 0.01 0.01
0 0.609251 0.124600 0.01 0.01
0 0.616530 0.106953 0.01 0.01
0 0.609251 0.114011 0.01 0.01
0 0.618516 0.116364 0.01 0.01
0 0.570869 0.082247 0.01 0.01
0 0.575501 0.064600 0.01 0.01
0 0.560942 0.082247 0.01 0.01
0 0.392854 0.854011 0.01 0.01
0 0.567560 0.318717 0.01 0.01
0 0.504030 0.305776 0.01 0.01
0 0.484839 0.416364 0.01 0.01
