0 0.213281 0.516667 0.01 0.01
0 0.204688 0.508333 0.01 0.01
0 0.208594 0.619444 0.01 0.01
0 0.224219 0.636111 0.01 0.01
0 0.248437 0.634722 0.01 0.01
0 0.269531 0.613889 0.01 0.01
0 0.277344 0.615278 0.01 0.01
0 0.288281 0.629167 0.01 0.01
0 0.372656 0.695833 0.01 0.01
0 0.377344 0.700000 0.01 0.01
0 0.385938 0.715278 0.01 0.01
0 0.382031 0.719444 0.01 0.01
0 0.373437 0.715278 0.01 0.01
0 0.373437 0.722222 0.01 0.01
0 0.360156 0.693056 0.01 0.01
0 0.369531 0.705556 0.01 0.01
0 0.396875 0.719444 0.01 0.01
0 0.391406 0.733333 0.01 0.01
0 0.307031 0.823611 0.01 0.01
0 0.307813 0.809722 0.01 0.01
0 0.319531 0.834722 0.01 0.01
0 0.324219 0.841667 0.01 0.01
0 0.321094 0.866667 0.01 0.01
0 0.310937 0.875000 0.01 0.01
0 0.256250 0.691667 0.01 0.01
0 0.235938 0.672222 0.01 0.01
0 0.225781 0.695833 0.01 0.01
0 0.241406 0.723611 0.01 0.01
0 0.339063 0.877778 0.01 0.01
0 0.357031 0.916667 0.01 0.01
0 0.405469 0.918056 0.01 0.01
0 0.397656 0.852778 0.01 0.01
0 0.373437 0.804167 0.01 0.01
0 0.377344 0.743056 0.01 0.01
0 0.400000 0.811111 0.01 0.01
0 0.406250 0.784722 0.01 0.01
0 0.407031 0.743056 0.01 0.01
0 0.414062 0.744444 0.01 0.01
0 0.423438 0.752778 0.01 0.01
0 0.425000 0.818056 0.01 0.01
0 0.424219 0.834722 0.01 0.01
0 0.435937 0.763889 0.01 0.01
0 0.441406 0.769444 0.01 0.01
0 0.469531 0.873611 0.01 0.01
0 0.475781 0.926389 0.01 0.01
0 0.453906 0.951389 0.01 0.01
0 0.488281 0.927778 0.01 0.01
0 0.509375 0.948611 0.01 0.01
0 0.540625 0.916667 0.01 0.01
0 0.546875 0.922222 0.01 0.01
0 0.543750 0.920833 0.01 0.01
0 0.557031 0.897222 0.01 0.01
0 0.541406 0.895833 0.01 0.01
0 0.542188 0.881944 0.01 0.01
0 0.516406 0.869444 0.01 0.01
0 0.400781 0.181944 0.01 0.01
0 0.395312 0.186111 0.01 0.01
0 0.387500 0.200000 0.01 0.01
0 0.382031 0.206944 0.01 0.01
0 0.382812 0.191667 0.01 0.01
0 0.375000 0.212500 0.01 0.01
0 0.380469 0.226389 0.01 0.01
0 0.370313 0.216667 0.01 0.01
0 0.366406 0.227778 0.01 0.01
0 0.346875 0.243056 0.01 0.01
0 0.336719 0.251389 0.01 0.01
0 0.336719 0.280556 0.01 0.01
0 0.330469 0.294444 0.01 0.01
0 0.330469 0.311111 0.01 0.01
0 0.331250 0.330556 0.01 0.01
0 0.335938 0.316667 0.01 0.01
0 0.340625 0.294444 0.01 0.01
0 0.351562 0.254167 0.01 0.01
0 0.315625 0.334722 0.01 0.01
0 0.320312 0.362500 0.01 0.01
0 0.311719 0.365278 0.01 0.01
0 0.317969 0.384722 0.01 0.01
0 0.307813 0.401389 0.01 0.01
0 0.302344 0.425000 0.01 0.01
0 0.300000 0.451389 0.01 0.01
0 0.316406 0.425000 0.01 0.01
0 0.310156 0.422222 0.01 0.01
0 0.325000 0.409722 0.01 0.01
0 0.338281 0.400000 0.01 0.01
0 0.331250 0.365278 0.01 0.01
0 0.339844 0.344444 0.01 0.01
0 0.339063 0.336111 0.01 0.01
0 0.352344 0.338889 0.01 0.01
0 0.354688 0.336111 0.01 0.01
0 0.361719 0.306944 0.01 0.01
0 0.353125 0.313889 0.01 0.01
0 0.357812 0.301389 0.01 0.01
0 0.351562 0.291667 0.01 0.01
0 0.357812 0.290278 0.01 0.01
0 0.360938 0.276389 0.01 0.01
0 0.357812 0.270833 0.01 0.01
0 0.365625 0.284722 0.01 0.01
0 0.371875 0.300000 0.01 0.01
0 0.375781 0.284722 0.01 0.01
0 0.382031 0.286111 0.01 0.01
0 0.384375 0.281944 0.01 0.01
0 0.370313 0.263889 0.01 0.01
0 0.372656 0.247222 0.01 0.01
0 0.381250 0.248611 0.01 0.01
0 0.394531 0.241667 0.01 0.01
0 0.391406 0.251389 0.01 0.01
0 0.360156 0.181944 0.01 0.01
0 0.357031 0.188889 0.01 0.01
0 0.354688 0.175000 0.01 0.01
0 0.361719 0.137500 0.01 0.01
0 0.348437 0.097222 0.01 0.01
0 0.302344 0.179167 0.01 0.01
0 0.282813 0.141667 0.01 0.01
0 0.285937 0.197222 0.01 0.01
0 0.255469 0.181944 0.01 0.01
0 0.239063 0.377778 0.01 0.01
0 0.226562 0.419444 0.01 0.01
0 0.206250 0.415278 0.01 0.01
0 0.192188 0.455556 0.01 0.01
0 0.193750 0.493056 0.01 0.01
0 0.217969 0.277778 0.01 0.01
0 0.241406 0.259722 0.01 0.01
0 0.256250 0.269444 0.01 0.01
0 0.260156 0.368056 0.01 0.01
0 0.245312 0.401389 0.01 0.01
0 0.268750 0.440278 0.01 0.01
0 0.284375 0.408333 0.01 0.01
0 0.291406 0.376389 0.01 0.01
0 0.285937 0.501389 0.01 0.01
0 0.271094 0.562500 0.01 0.01
0 0.291406 0.527778 0.01 0.01
0 0.302344 0.508333 0.01 0.01
0 0.314063 0.484722 0.01 0.01
0 0.325781 0.506944 0.01 0.01
0 0.325781 0.475000 0.01 0.01
0 0.360156 0.672222 0.01 0.01
0 0.358442 0.654011 0.01 0.01
0 0.350501 0.656364 0.01 0.01
0 0.347192 0.648129 0.01 0.01
0 0.337927 0.650482 0.01 0.01
0 0.334619 0.639894 0.01 0.01
0 0.329986 0.635188 0.01 0.01
0 0.321383 0.605776 0.01 0.01
0 0.313442 0.604600 0.01 0.01
0 0.298883 0.598717 0.01 0.01
0 0.326016 0.579894 0.01 0.01
0 0.310133 0.558717 0.01 0.01
0 0.305501 0.538717 0.01 0.01
0 0.342560 0.519894 0.01 0.01
0 0.347192 0.506953 0.01 0.01
0 0.345869 0.566953 0.01 0.01
0 0.355133 0.621070 0.01 0.01
0 0.370354 0.552835 0.01 0.01
0 0.378295 0.555188 0.01 0.01
0 0.392854 0.557541 0.01 0.01
0 0.384913 0.521070 0.01 0.01
0 0.377633 0.501070 0.01 0.01
0 0.339251 0.508129 0.01 0.01
0 0.357780 0.485776 0.01 0.01
0 0.392854 0.481070 0.01 0.01
0 0.402780 0.512835 0.01 0.01
0 0.421971 0.538717 0.01 0.01
0 0.333957 0.458717 0.01 0.01
0 0.308148 0.448129 0.01 0.01
0 0.343221 0.442247 0.01 0.01
0 0.403442 0.604600 0.01 0.01
0 0.408736 0.697541 0.01 0.01
0 0.424619 0.648129 0.01 0.01
0 0.433222 0.646953 0.01 0.01
0 0.440501 0.648129 0.01 0.01
0 0.440501 0.691658 0.01 0.01
0 0.435869 0.729306 0.01 0.01
0 0.466310 0.609306 0.01 0.01
0 0.460354 0.592835 0.01 0.01
0 0.464986 0.665776 0.01 0.01
0 0.470280 0.778717 0.01 0.01
0 0.488810 0.656364 0.01 0.01
0 0.491457 0.755188 0.01 0.01
0 0.498074 0.763423 0.01 0.01
0 0.499398 0.743423 0.01 0.01
0 0.506677 0.731659 0.01 0.01
0 0.506677 0.801070 0.01 0.01
0 0.511972 0.771658 0.01 0.01
0 0.515280 0.775188 0.01 0.01
0 0.514619 0.817541 0.01 0.01
0 0.488148 0.964600 0.01 0.01
0 0.566898 0.851658 0.01 0.01
0 0.599986 0.843423 0.01 0.01
0 0.625795 0.839894 0.01 0.01
0 0.614545 0.829306 0.01 0.01
0 0.638369 0.837541 0.01 0.01
0 0.653589 0.825776 0.01 0.01
0 0.643663 0.819894 0.01 0.01
0 0.655574 0.795188 0.01 0.01
0 0.680722 0.758717 0.01 0.01
0 0.662854 0.749306 0.01 0.01
0 0.596677 0.809306 0.01 0.01
0 0.602633 0.770482 0.01 0.01
0 0.545722 0.789306 0.01 0.01
0 0.532486 0.785776 0.01 0.01
0 0.537119 0.754011 0.01 0.01
0 0.554324 0.757541 0.01 0.01
0 0.543074 0.745776 0.01 0.01
0 0.551677 0.742247 0.01 0.01
0 0.647633 0.709306 0.01 0.01
0 0.644986 0.694011 0.01 0.01
0 0.660869 0.698717 0.01 0.01
0 0.668810 0.723423 0.01 0.01
0 0.680722 0.738717 0.01 0.01
0 0.703883 0.708129 0.01 0.01
0 0.711824 0.665776 0.01 0.01
0 0.683369 0.646953 0.01 0.01
0 0.722413 0.637541 0.01 0.01
0 0.701898 0.617541 0.01 0.01
0 0.710501 0.621070 0.01 0.01
0 0.729692 0.599894 0.01 0.01
0 0.726383 0.578717 0.01 0.01
0 0.617192 0.681070 0.01 0.01
0 0.599986 0.682247 0.01 0.01
0 0.580133 0.703423 0.01 0.01
0 0.573516 0.722247 0.01 0.01
0 0.537780 0.705776 0.01 0.01
0 0.513957 0.686953 0.01 0.01
0 0.551677 0.679894 0.01 0.01
0 0.523883 0.646953 0.01 0.01
0 0.517927 0.628129 0.01 0.01
0 0.535133 0.612835 0.01 0.01
0 0.552339 0.610482 0.01 0.01
0 0.515280 0.599894 0.01 0.01
0 0.509324 0.632835 0.01 0.01
0 0.575501 0.671659 0.01 0.01
0 0.586089 0.631658 0.01 0.01
0 0.593369 0.632835 0.01 0.01
0 0.594030 0.657541 0.01 0.01
0 0.607266 0.670482 0.01 0.01
0 0.607927 0.655188 0.01 0.01
0 0.615869 0.649306 0.01 0.01
0 0.621824 0.637541 0.01 0.01
0 0.633074 0.638717 0.01 0.01
0 0.616530 0.614011 0.01 0.01
0 0.627119 0.624600 0.01 0.01
0 0.625795 0.614011 0.01 0.01
0 0.625795 0.610482 0.01 0.01
0 0.635722 0.598717 0.01 0.01
0 0.628442 0.595188 0.01 0.01
0 0.633736 0.618717 0.01 0.01
0 0.619177 0.574011 0.01 0.01
0 0.633736 0.570482 0.01 0.01
0 0.644324 0.590482 0.01 0.01
0 0.674104 0.577541 0.01 0.01
0 0.658883 0.630482 0.01 0.01
0 0.664177 0.679894 0.01 0.01
0 0.654251 0.562247 0.01 0.01
0 0.653589 0.571658 0.01 0.01
0 0.641677 0.557541 0.01 0.01
0 0.645648 0.557541 0.01 0.01
0 0.647633 0.548129 0.01 0.01
0 0.636383 0.544600 0.01 0.01
0 0.634398 0.534011 0.01 0.01
0 0.636383 0.521070 0.01 0.01
0 0.639030 0.516364 0.01 0.01
0 0.648295 0.518717 0.01 0.01
0 0.652266 0.515188 0.01 0.01
0 0.658883 0.516364 0.01 0.01
0 0.644986 0.530482 0.01 0.01
0 0.653589 0.494011 0.01 0.01
0 0.655574 0.477541 0.01 0.01
0 0.635722 0.495188 0.01 0.01
0 0.637707 0.485776 0.01 0.01
0 0.643663 0.488129 0.01 0.01
0 0.651604 0.454011 0.01 0.01
0 0.630427 0.459894 0.01 0.01
0 0.621163 0.454011 0.01 0.01
0 0.634398 0.472835 0.01 0.01
0 0.641677 0.466953 0.01 0.01
0 0.662192 0.399894 0.01 0.01
0 0.656898 0.418717 0.01 0.01
0 0.655574 0.401070 0.01 0.01
0 0.649619 0.419894 0.01 0.01
0 0.648295 0.402247 0.01 0.01
0 0.632413 0.408129 0.01 0.01
0 0.640354 0.412835 0.01 0.01
0 0.634398 0.419894 0.01 0.01
0 0.637045 0.396364 0.01 0.01
0 0.644324 0.388129 0.01 0.01
0 0.641677 0.371659 0.01 0.01
0 0.645648 0.364600 0.01 0.01
0 0.637707 0.355188 0.01 0.01
0 0.627780 0.358717 0.01 0.01
0 0.621824 0.335188 0.01 0.01
0 0.627119 0.329306 0.01 0.01
0 0.605280 0.416364 0.01 0.01
0 0.611236 0.418717 0.01 0.01
0 0.592707 0.561070 0.01 0.01
0 0.570869 0.566953 0.01 0.01
0 0.588074 0.754011 0.01 0.01
0 0.625133 0.766953 0.01 0.01
0 0.623148 0.786953 0.01 0.01
0 0.622486 0.799894 0.01 0.01
0 0.693295 0.555188 0.01 0.01
0 0.716457 0.558717 0.01 0.01
0 0.709839 0.543423 0.01 0.01
0 0.721751 0.524600 0.01 0.01
0 0.722413 0.505776 0.01 0.01
0 0.725060 0.486953 0.01 0.01
0 0.739619 0.482247 0.01 0.01
0 0.715795 0.504600 0.01 0.01
0 0.703883 0.508129 0.01 0.01
0 0.718442 0.475188 0.01 0.01
0 0.719766 0.450482 0.01 0.01
0 0.683369 0.470482 0.01 0.01
0 0.682707 0.448129 0.01 0.01
0 0.705869 0.428129 0.01 0.01
0 0.732339 0.418717 0.01 0.01
0 0.708516 0.376364 0.01 0.01
0 0.730354 0.386953 0.01 0.01
0 0.725721 0.349306 0.01 0.01
0 0.719104 0.319894 0.01 0.01
0 0.708516 0.281070 0.01 0.01
0 0.701236 0.256364 0.01 0.01
0 0.680722 0.219894 0.01 0.01
0 0.680722 0.202247 0.01 0.01
0 0.654913 0.249306 0.01 0.01
0 0.673442 0.279894 0.01 0.01
0 0.660869 0.336364 0.01 0.01
0 0.695280 0.308129 0.01 0.01
0 0.635722 0.306953 0.01 0.01
0 0.642339 0.298717 0.01 0.01
0 0.620501 0.306953 0.01 0.01
0 0.616530 0.318717 0.01 0.01
0 0.612560 0.303423 0.01 0.01
0 0.611236 0.258717 0.01 0.01
0 0.606604 0.255188 0.01 0.01
0 0.711163 0.404600 0.01 0.01
0 0.665501 0.174011 0.01 0.01
0 0.657560 0.164600 0.01 0.01
0 0.617192 0.105776 0.01 0.01
0 0.607266 0.106953 0.01 0.01
0 0.596016 0.104600 0.01 0.01
0 0.571530 0.085776 0.01 0.01
0 0.572854 0.081070 0.01 0.01
0 0.565574 0.088129 0.01 0.01
0 0.539766 0.101070 0.01 0.01
0 0.504692 0.079894 0.01 0.01
0 0.553001 0.045776 0.01 0.01
0 0.543074 0.031659 0.01 0.01
0 0.477560 0.019894 0.01 0.01
0 0.383589 0.038717 0.01 0.01
0 0.337927 0.070482 0.01 0.01
0 0.439177 0.042247 0.01 0.01
0 0.435207 0.066953 0.01 0.01
0 0.439839 0.108129 0.01 0.01
0 0.477560 0.097541 0.01 0.01
0 0.445795 0.128129 0.01 0.01
0 0.459030 0.137541 0.01 0.01
0 0.429913 0.166953 0.01 0.01
0 0.441163 0.150482 0.01 0.01
0 0.445133 0.155188 0.01 0.01
0 0.453736 0.149306 0.01 0.01
0 0.457707 0.157541 0.01 0.01
0 0.463663 0.154011 0.01 0.01
0 0.470942 0.154011 0.01 0.01
0 0.445795 0.170482 0.01 0.01
0 0.453736 0.165776 0.01 0.01
0 0.468295 0.178717 0.01 0.01
0 0.438516 0.174011 0.01 0.01
0 0.429913 0.183423 0.01 0.01
0 0.433883 0.196364 0.01 0.01
0 0.419324 0.192835 0.01 0.01
0 0.423957 0.217541 0.01 0.01
0 0.403442 0.203423 0.01 0.01
0 0.410721 0.205776 0.01 0.01
0 0.407413 0.194011 0.01 0.01
0 0.407413 0.219894 0.01 0.01
0 0.410721 0.241070 0.01 0.01
0 0.416016 0.234011 0.01 0.01
0 0.424619 0.236364 0.01 0.01
0 0.421971 0.259894 0.01 0.01
0 0.408074 0.275188 0.01 0.01
0 0.415354 0.278717 0.01 0.01
0 0.412707 0.296364 0.01 0.01
0 0.408736 0.315188 0.01 0.01
0 0.418663 0.319894 0.01 0.01
0 0.359104 0.355188 0.01 0.01
0 0.356457 0.409306 0.01 0.01
0 0.374986 0.383423 0.01 0.01
0 0.378295 0.369306 0.01 0.01
0 0.380942 0.362247 0.01 0.01
0 0.404104 0.357541 0.01 0.01
0 0.427266 0.368129 0.01 0.01
0 0.434545 0.375188 0.01 0.01
0 0.418001 0.375188 0.01 0.01
0 0.401457 0.404600 0.01 0.01
0 0.404104 0.419894 0.01 0.01
0 0.411383 0.425776 0.01 0.01
0 0.407413 0.451659 0.01 0.01
0 0.436530 0.418717 0.01 0.01
0 0.425942 0.432835 0.01 0.01
0 0.439839 0.452835 0.01 0.01
0 0.428589 0.463423 0.01 0.01
0 0.447780 0.471658 0.01 0.01
0 0.447780 0.476364 0.01 0.01
0 0.459692 0.488129 0.01 0.01
0 0.475574 0.496364 0.01 0.01
0 0.458369 0.506953 0.01 0.01
0 0.463663 0.545776 0.01 0.01
0 0.466310 0.538717 0.01 0.01
0 0.477560 0.537541 0.01 0.01
0 0.485501 0.578717 0.01 0.01
0 0.494766 0.532835 0.01 0.01
0 0.505354 0.528129 0.01 0.01
0 0.515280 0.504600 0.01 0.01
0 0.513295 0.484600 0.01 0.01
0 0.517927 0.562247 0.01 0.01
0 0.531824 0.557541 0.01 0.01
0 0.543074 0.544600 0.01 0.01
0 0.583442 0.506953 0.01 0.01
0 0.545722 0.512835 0.01 0.01
0 0.560280 0.494011 0.01 0.01
0 0.553001 0.482247 0.01 0.01
0 0.560942 0.481070 0.01 0.01
0 0.550354 0.469306 0.01 0.01
0 0.583442 0.465776 0.01 0.01
0 0.555648 0.449306 0.01 0.01
0 0.562927 0.418717 0.01 0.01
0 0.542413 0.430482 0.01 0.01
0 0.579471 0.423423 0.01 0.01
0 0.546383 0.441070 0.01 0.01
0 0.553001 0.135188 0.01 0.01
0 0.570869 0.168129 0.01 0.01
0 0.556310 0.162247 0.01 0.01
0 0.490133 0.155188 0.01 0.01
0 0.504030 0.156364 0.01 0.01
0 0.509324 0.157541 0.01 0.01
0 0.516604 0.158717 0.01 0.01
0 0.524545 0.168129 0.01 0.01
0 0.527192 0.165776 0.01 0.01
0 0.534472 0.168129 0.01 0.01
0 0.535133 0.176364 0.01 0.01
0 0.547045 0.169306 0.01 0.01
0 0.561604 0.204600 0.01 0.01
0 0.556971 0.196364 0.01 0.01
0 0.564913 0.198717 0.01 0.01
0 0.551677 0.189306 0.01 0.01
0 0.542413 0.185776 0.01 0.01
0 0.539104 0.194011 0.01 0.01
0 0.531163 0.191659 0.01 0.01
0 0.527192 0.191659 0.01 0.01
0 0.525869 0.206953 0.01 0.01
0 0.504692 0.182247 0.01 0.01
0 0.508001 0.201070 0.01 0.01
0 0.490795 0.185776 0.01 0.01
0 0.486163 0.191659 0.01 0.01
0 0.494766 0.210482 0.01 0.01
0 0.488810 0.226953 0.01 0.01
0 0.491457 0.236364 0.01 0.01
0 0.494766 0.256364 0.01 0.01
0 0.486824 0.268129 0.01 0.01
0 0.474913 0.239894 0.01 0.01
0 0.472927 0.271658 0.01 0.01
0 0.451751 0.234011 0.01 0.01
0 0.454398 0.229306 0.01 0.01
0 0.450427 0.261070 0.01 0.01
0 0.455722 0.271658 0.01 0.01
0 0.432560 0.281070 0.01 0.01
0 0.445795 0.295188 0.01 0.01
0 0.455722 0.299894 0.01 0.01
0 0.457045 0.316364 0.01 0.01
0 0.439839 0.314011 0.01 0.01
0 0.447119 0.316364 0.01 0.01
0 0.476236 0.318717 0.01 0.01
0 0.460354 0.350482 0.01 0.01
0 0.474913 0.361070 0.01 0.01
0 0.461016 0.398717 0.01 0.01
0 0.473589 0.395188 0.01 0.01
0 0.506677 0.417541 0.01 0.01
0 0.492119 0.391658 0.01 0.01
0 0.486824 0.374011 0.01 0.01
0 0.494766 0.328129 0.01 0.01
0 0.506016 0.335188 0.01 0.01
0 0.501383 0.309306 0.01 0.01
0 0.509986 0.311658 0.01 0.01
0 0.514619 0.318717 0.01 0.01
0 0.537119 0.339894 0.01 0.01
0 0.501383 0.375188 0.01 0.01
0 0.510648 0.378717 0.01 0.01
0 0.520574 0.376364 0.01 0.01
0 0.520574 0.366953 0.01 0.01
0 0.518589 0.359894 0.01 0.01
0 0.533810 0.356364 0.01 0.01
0 0.519913 0.348129 0.01 0.01
0 0.511310 0.349306 0.01 0.01
0 0.550354 0.386953 0.01 0.01
0 0.548369 0.370482 0.01 0.01
0 0.533148 0.301070 0.01 0.01
0 0.526530 0.281070 0.01 0.01
0 0.535795 0.271658 0.01 0.01
0 0.514619 0.265776 0.01 0.01
0 0.513295 0.246953 0.01 0.01
0 0.508001 0.231659 0.01 0.01
0 0.519913 0.228129 0.01 0.01
0 0.528516 0.226953 0.01 0.01
0 0.533810 0.230482 0.01 0.01
0 0.540427 0.239894 0.01 0.01
0 0.540427 0.256364 0.01 0.01
0 0.554324 0.226953 0.01 0.01
0 0.562266 0.226953 0.01 0.01
0 0.587413 0.248129 0.01 0.01
0 0.580133 0.243423 0.01 0.01
0 0.570869 0.255188 0.01 0.01
0 0.587413 0.211658 0.01 0.01
0 0.613883 0.198717 0.01 0.01
0 0.625133 0.221070 0.01 0.01
0 0.620501 0.232835 0.01 0.01
0 0.614545 0.279894 0.01 0.01
0 0.593369 0.286953 0.01 0.01
0 0.596677 0.263423 0.01 0.01
0 0.580795 0.269306 0.01 0.01
0 0.568222 0.288129 0.01 0.01
0 0.586089 0.289306 0.01 0.01
0 0.578810 0.299894 0.01 0.01
0 0.568883 0.310482 0.01 0.01
0 0.605942 0.306953 0.01 0.01
0 0.602633 0.298717 0.01 0.01
0 0.573516 0.211658 0.01 0.01
0 0.601310 0.237541 0.01 0.01
0 0.486163 0.418717 0.01 0.01
0 0.613222 0.388129 0.01 0.01
