0 0.240625 0.716667 0.01 0.01
0 0.227344 0.698611 0.01 0.01
0 0.215625 0.654167 0.01 0.01
0 0.210156 0.623611 0.01 0.01
0 0.207813 0.515278 0.01 0.01
0 0.212500 0.515278 0.01 0.01
0 0.196094 0.494444 0.01 0.01
0 0.192969 0.458333 0.01 0.01
0 0.196875 0.444444 0.01 0.01
0 0.228125 0.643056 0.01 0.01
0 0.246875 0.684722 0.01 0.01
0 0.260156 0.687500 0.01 0.01
0 0.251563 0.644444 0.01 0.01
0 0.269531 0.616667 0.01 0.01
0 0.283594 0.620833 0.01 0.01
0 0.287500 0.631944 0.01 0.01
0 0.309375 0.816667 0.01 0.01
0 0.307813 0.826389 0.01 0.01
0 0.317969 0.833333 0.01 0.01
0 0.323438 0.841667 0.01 0.01
0 0.311719 0.883333 0.01 0.01
0 0.320312 0.876389 0.01 0.01
0 0.335156 0.880556 0.01 0.01
0 0.357812 0.915278 0.01 0.01
0 0.399219 0.913889 0.01 0.01
0 0.216406 0.411111 0.01 0.01
0 0.225781 0.422222 0.01 0.01
0 0.243750 0.404167 0.01 0.01
0 0.242188 0.384722 0.01 0.01
0 0.223438 0.279167 0.01 0.01
0 0.239844 0.265278 0.01 0.01
0 0.253125 0.270833 0.01 0.01
0 0.253906 0.190278 0.01 0.01
0 0.288281 0.191667 0.01 0.01
0 0.280469 0.145833 0.01 0.01
0 0.285156 0.145833 0.01 0.01
0 0.305469 0.181944 0.01 0.01
0 0.337500 0.080556 0.01 0.01
0 0.350000 0.091667 0.01 0.01
0 0.364062 0.134722 0.01 0.01
0 0.352344 0.176389 0.01 0.01
0 0.357812 0.181944 0.01 0.01
0 0.353906 0.188889 0.01 0.01
0 0.437500 0.041667 0.01 0.01
0 0.433594 0.077778 0.01 0.01
0 0.439844 0.105556 0.01 0.01
0 0.480469 0.101389 0.01 0.01
0 0.496875 0.075000 0.01 0.01
0 0.509375 0.090278 0.01 0.01
0 0.513281 0.031944 0.01 0.01
0 0.474219 0.022222 0.01 0.01
0 0.568750 0.094444 0.01 0.01
0 0.577344 0.087500 0.01 0.01
0 0.557031 0.047222 0.01 0.01
0 0.546094 0.036111 0.01 0.01
0 0.584375 0.095833 0.01 0.01
0 0.611719 0.111111 0.01 0.01
0 0.616406 0.098611 0.01 0.01
0 0.621094 0.113889 0.01 0.01
0 0.542969 0.108333 0.01 0.01
0 0.267969 0.434722 0.01 0.01
0 0.283594 0.415278 0.01 0.01
0 0.292188 0.369444 0.01 0.01
0 0.272656 0.563889 0.01 0.01
0 0.287500 0.554167 0.01 0.01
0 0.296875 0.559722 0.01 0.01
0 0.301562 0.598611 0.01 0.01
0 0.312500 0.604167 0.01 0.01
0 0.323438 0.601389 0.01 0.01
0 0.311719 0.556944 0.01 0.01
0 0.308594 0.540278 0.01 0.01
0 0.306250 0.502778 0.01 0.01
0 0.302344 0.450000 0.01 0.01
0 0.310937 0.447222 0.01 0.01
0 0.306250 0.422222 0.01 0.01
0 0.309375 0.406944 0.01 0.01
0 0.311719 0.426389 0.01 0.01
0 0.314844 0.431944 0.01 0.01
0 0.314063 0.363889 0.01 0.01
0 0.321875 0.369444 0.01 0.01
0 0.316406 0.343056 0.01 0.01
0 0.318750 0.388889 0.01 0.01
0 0.326562 0.412500 0.01 0.01
0 0.320312 0.477778 0.01 0.01
0 0.327344 0.484722 0.01 0.01
0 0.325781 0.511111 0.01 0.01
0 0.329688 0.581944 0.01 0.01
0 0.331250 0.631944 0.01 0.01
0 0.335938 0.637500 0.01 0.01
0 0.339844 0.645833 0.01 0.01
0 0.346094 0.641667 0.01 0.01
0 0.349219 0.651389 0.01 0.01
0 0.358594 0.652778 0.01 0.01
0 0.360938 0.665278 0.01 0.01
0 0.363281 0.695833 0.01 0.01
0 0.367188 0.708333 0.01 0.01
0 0.373437 0.688889 0.01 0.01
0 0.376563 0.705556 0.01 0.01
0 0.376563 0.709722 0.01 0.01
0 0.374219 0.718056 0.01 0.01
0 0.377344 0.722222 0.01 0.01
0 0.381250 0.720833 0.01 0.01
0 0.384375 0.713889 0.01 0.01
0 0.382031 0.727778 0.01 0.01
0 0.378906 0.744444 0.01 0.01
0 0.376563 0.802778 0.01 0.01
0 0.400781 0.837500 0.01 0.01
0 0.403906 0.809722 0.01 0.01
0 0.390625 0.737500 0.01 0.01
0 0.403906 0.720833 0.01 0.01
0 0.405469 0.745833 0.01 0.01
0 0.404687 0.795833 0.01 0.01
0 0.414844 0.741667 0.01 0.01
0 0.424219 0.811111 0.01 0.01
0 0.424219 0.840278 0.01 0.01
0 0.428125 0.761111 0.01 0.01
0 0.434375 0.768056 0.01 0.01
0 0.408594 0.700000 0.01 0.01
0 0.358594 0.619444 0.01 0.01
0 0.348437 0.563889 0.01 0.01
0 0.339063 0.509722 0.01 0.01
0 0.349219 0.512500 0.01 0.01
0 0.335938 0.459722 0.01 0.01
0 0.344531 0.438889 0.01 0.01
0 0.343750 0.408333 0.01 0.01
0 0.357031 0.416667 0.01 0.01
0 0.331250 0.369444 0.01 0.01
0 0.330469 0.312500 0.01 0.01
0 0.332031 0.329167 0.01 0.01
0 0.339063 0.325000 0.01 0.01
0 0.340625 0.336111 0.01 0.01
0 0.342187 0.344444 0.01 0.01
0 0.350000 0.330556 0.01 0.01
0 0.363281 0.338889 0.01 0.01
0 0.357812 0.333333 0.01 0.01
0 0.352344 0.331944 0.01 0.01
0 0.357031 0.350000 0.01 0.01
0 0.361719 0.359722 0.01 0.01
0 0.332031 0.295833 0.01 0.01
0 0.341406 0.294444 0.01 0.01
0 0.337500 0.283333 0.01 0.01
0 0.335156 0.259722 0.01 0.01
0 0.358594 0.287500 0.01 0.01
0 0.356250 0.294444 0.01 0.01
0 0.353906 0.304167 0.01 0.01
0 0.355469 0.311111 0.01 0.01
0 0.359375 0.305556 0.01 0.01
0 0.371875 0.315278 0.01 0.01
0 0.345313 0.261111 0.01 0.01
0 0.350000 0.254167 0.01 0.01
0 0.351562 0.244444 0.01 0.01
0 0.356250 0.270833 0.01 0.01
0 0.360938 0.275000 0.01 0.01
0 0.368750 0.286111 0.01 0.01
0 0.374219 0.298611 0.01 0.01
0 0.371875 0.262500 0.01 0.01
0 0.376563 0.247222 0.01 0.01
0 0.371094 0.238889 0.01 0.01
0 0.367969 0.226389 0.01 0.01
0 0.382031 0.226389 0.01 0.01
0 0.374219 0.222222 0.01 0.01
0 0.382031 0.204167 0.01 0.01
0 0.380469 0.194444 0.01 0.01
0 0.389062 0.200000 0.01 0.01
0 0.392969 0.190278 0.01 0.01
0 0.397656 0.181944 0.01 0.01
0 0.396094 0.241667 0.01 0.01
0 0.376563 0.287500 0.01 0.01
0 0.382812 0.287500 0.01 0.01
0 0.385938 0.281944 0.01 0.01
0 0.393750 0.254167 0.01 0.01
0 0.413281 0.237500 0.01 0.01
0 0.420312 0.236111 0.01 0.01
0 0.426562 0.238889 0.01 0.01
0 0.410156 0.225000 0.01 0.01
0 0.428125 0.218056 0.01 0.01
0 0.414844 0.208333 0.01 0.01
0 0.409375 0.206944 0.01 0.01
0 0.411719 0.197222 0.01 0.01
0 0.422656 0.200000 0.01 0.01
0 0.434375 0.205556 0.01 0.01
0 0.431250 0.193056 0.01 0.01
0 0.429688 0.175000 0.01 0.01
0 0.424219 0.168056 0.01 0.01
0 0.437500 0.173611 0.01 0.01
0 0.443750 0.162500 0.01 0.01
0 0.447656 0.175000 0.01 0.01
0 0.456250 0.170833 0.01 0.01
0 0.454688 0.161111 0.01 0.01
0 0.455469 0.152778 0.01 0.01
0 0.460156 0.158333 0.01 0.01
0 0.471094 0.155556 0.01 0.01
0 0.475781 0.156944 0.01 0.01
0 0.464063 0.140278 0.01 0.01
0 0.442187 0.133333 0.01 0.01
0 0.528906 0.140278 0.01 0.01
0 0.553125 0.150000 0.01 0.01
0 0.640625 0.138889 0.01 0.01
0 0.633594 0.123611 0.01 0.01
0 0.658594 0.165278 0.01 0.01
0 0.667188 0.172222 0.01 0.01
0 0.676562 0.209722 0.01 0.01
0 0.689062 0.220833 0.01 0.01
0 0.623438 0.223611 0.01 0.01
0 0.622656 0.231944 0.01 0.01
0 0.613281 0.197222 0.01 0.01
0 0.592969 0.212500 0.01 0.01
0 0.572656 0.205556 0.01 0.01
0 0.567187 0.195833 0.01 0.01
0 0.564844 0.206944 0.01 0.01
0 0.557031 0.198611 0.01 0.01
0 0.555469 0.190278 0.01 0.01
0 0.559375 0.169444 0.01 0.01
0 0.547656 0.179167 0.01 0.01
0 0.545313 0.187500 0.01 0.01
0 0.541406 0.191667 0.01 0.01
0 0.536719 0.175000 0.01 0.01
0 0.531250 0.169444 0.01 0.01
0 0.525000 0.165278 0.01 0.01
0 0.514844 0.161111 0.01 0.01
0 0.503125 0.137500 0.01 0.01
0 0.490625 0.155556 0.01 0.01
0 0.503906 0.158333 0.01 0.01
0 0.467969 0.177778 0.01 0.01
0 0.372656 0.377778 0.01 0.01
0 0.380469 0.375000 0.01 0.01
0 0.388281 0.370833 0.01 0.01
0 0.383594 0.368056 0.01 0.01
0 0.382031 0.355556 0.01 0.01
0 0.357812 0.487500 0.01 0.01
0 0.372656 0.550000 0.01 0.01
0 0.382812 0.555556 0.01 0.01
0 0.377344 0.495833 0.01 0.01
0 0.385938 0.519444 0.01 0.01
0 0.396875 0.541667 0.01 0.01
0 0.399219 0.561111 0.01 0.01
0 0.406250 0.609722 0.01 0.01
0 0.456250 0.951389 0.01 0.01
0 0.490625 0.968056 0.01 0.01
0 0.508594 0.952778 0.01 0.01
0 0.484375 0.931944 0.01 0.01
0 0.492969 0.934722 0.01 0.01
0 0.470313 0.879167 0.01 0.01
0 0.473437 0.779167 0.01 0.01
0 0.439844 0.730556 0.01 0.01
0 0.442969 0.688889 0.01 0.01
0 0.442969 0.648611 0.01 0.01
0 0.428906 0.647222 0.01 0.01
0 0.424219 0.538889 0.01 0.01
0 0.404687 0.518056 0.01 0.01
0 0.404687 0.500000 0.01 0.01
0 0.396875 0.486111 0.01 0.01
0 0.410156 0.458333 0.01 0.01
0 0.416406 0.431944 0.01 0.01
0 0.410937 0.419444 0.01 0.01
0 0.406250 0.406944 0.01 0.01
0 0.406250 0.359722 0.01 0.01
0 0.408594 0.316667 0.01 0.01
0 0.417969 0.322222 0.01 0.01
0 0.409375 0.283333 0.01 0.01
0 0.414844 0.290278 0.01 0.01
0 0.417188 0.279167 0.01 0.01
0 0.424219 0.261111 0.01 0.01
0 0.421875 0.373611 0.01 0.01
0 0.433594 0.369444 0.01 0.01
0 0.436719 0.377778 0.01 0.01
0 0.428906 0.427778 0.01 0.01
0 0.445312 0.415278 0.01 0.01
0 0.428125 0.463889 0.01 0.01
0 0.442969 0.445833 0.01 0.01
0 0.446094 0.459722 0.01 0.01
0 0.453906 0.473611 0.01 0.01
0 0.463281 0.490278 0.01 0.01
0 0.460938 0.508333 0.01 0.01
0 0.465625 0.541667 0.01 0.01
0 0.478906 0.543056 0.01 0.01
0 0.464844 0.586111 0.01 0.01
0 0.469531 0.612500 0.01 0.01
0 0.464063 0.672222 0.01 0.01
0 0.490625 0.655556 0.01 0.01
0 0.492969 0.755556 0.01 0.01
0 0.503125 0.747222 0.01 0.01
0 0.503906 0.761111 0.01 0.01
0 0.508594 0.731944 0.01 0.01
0 0.510938 0.773611 0.01 0.01
0 0.517187 0.777778 0.01 0.01
0 0.521875 0.763889 0.01 0.01
0 0.512500 0.793056 0.01 0.01
0 0.518750 0.816667 0.01 0.01
0 0.513281 0.876389 0.01 0.01
0 0.540625 0.902778 0.01 0.01
0 0.542188 0.919444 0.01 0.01
0 0.553906 0.920833 0.01 0.01
0 0.551562 0.936111 0.01 0.01
0 0.546875 0.879167 0.01 0.01
0 0.566406 0.893056 0.01 0.01
0 0.571875 0.856944 0.01 0.01
0 0.609375 0.837500 0.01 0.01
0 0.622656 0.830556 0.01 0.01
0 0.626562 0.845833 0.01 0.01
0 0.639063 0.838889 0.01 0.01
0 0.655469 0.829167 0.01 0.01
0 0.642187 0.815278 0.01 0.01
0 0.659375 0.790278 0.01 0.01
0 0.687500 0.756944 0.01 0.01
0 0.666406 0.752778 0.01 0.01
0 0.679688 0.733333 0.01 0.01
0 0.675000 0.706944 0.01 0.01
0 0.648438 0.713889 0.01 0.01
0 0.623438 0.808333 0.01 0.01
0 0.624219 0.787500 0.01 0.01
0 0.625000 0.762500 0.01 0.01
0 0.592969 0.808333 0.01 0.01
0 0.552344 0.788889 0.01 0.01
0 0.539062 0.783333 0.01 0.01
0 0.552344 0.762500 0.01 0.01
0 0.548437 0.755556 0.01 0.01
0 0.541406 0.759722 0.01 0.01
0 0.545313 0.750000 0.01 0.01
0 0.555469 0.744444 0.01 0.01
0 0.608594 0.775000 0.01 0.01
0 0.594531 0.750000 0.01 0.01
0 0.580469 0.726389 0.01 0.01
0 0.573438 0.725000 0.01 0.01
0 0.544531 0.704167 0.01 0.01
0 0.521094 0.686111 0.01 0.01
0 0.531250 0.645833 0.01 0.01
0 0.521094 0.636111 0.01 0.01
0 0.513281 0.630556 0.01 0.01
0 0.492969 0.581944 0.01 0.01
0 0.493750 0.533333 0.01 0.01
0 0.478906 0.498611 0.01 0.01
0 0.460938 0.395833 0.01 0.01
0 0.477344 0.400000 0.01 0.01
0 0.463281 0.351389 0.01 0.01
0 0.445312 0.319444 0.01 0.01
0 0.446094 0.309722 0.01 0.01
0 0.448438 0.315278 0.01 0.01
0 0.449219 0.295833 0.01 0.01
0 0.457031 0.295833 0.01 0.01
0 0.459375 0.319444 0.01 0.01
0 0.435937 0.280556 0.01 0.01
0 0.445312 0.270833 0.01 0.01
0 0.451562 0.258333 0.01 0.01
0 0.454688 0.237500 0.01 0.01
0 0.457812 0.229167 0.01 0.01
0 0.475000 0.247222 0.01 0.01
0 0.478125 0.244444 0.01 0.01
0 0.492188 0.237500 0.01 0.01
0 0.487500 0.229167 0.01 0.01
0 0.495313 0.211111 0.01 0.01
0 0.491406 0.194444 0.01 0.01
0 0.492969 0.184722 0.01 0.01
0 0.507031 0.201389 0.01 0.01
0 0.507031 0.183333 0.01 0.01
0 0.525781 0.193056 0.01 0.01
0 0.535937 0.190278 0.01 0.01
0 0.480469 0.270833 0.01 0.01
0 0.488281 0.263889 0.01 0.01
0 0.488281 0.263889 0.01 0.01
0 0.475781 0.320833 0.01 0.01
0 0.471094 0.361111 0.01 0.01
0 0.482031 0.351389 0.01 0.01
0 0.484375 0.340278 0.01 0.01
0 0.488281 0.334722 0.01 0.01
0 0.488281 0.377778 0.01 0.01
0 0.490625 0.366667 0.01 0.01
0 0.493750 0.394444 0.01 0.01
0 0.492969 0.420833 0.01 0.01
0 0.513281 0.518056 0.01 0.01
0 0.516406 0.488889 0.01 0.01
0 0.520312 0.563889 0.01 0.01
0 0.521875 0.602778 0.01 0.01
0 0.536719 0.605556 0.01 0.01
0 0.555469 0.606944 0.01 0.01
0 0.534375 0.558333 0.01 0.01
0 0.539062 0.544444 0.01 0.01
0 0.546094 0.536111 0.01 0.01
0 0.549219 0.512500 0.01 0.01
0 0.557813 0.491667 0.01 0.01
0 0.556250 0.484722 0.01 0.01
0 0.561719 0.479167 0.01 0.01
0 0.563281 0.490278 0.01 0.01
0 0.550781 0.470833 0.01 0.01
0 0.551562 0.444444 0.01 0.01
0 0.553906 0.426389 0.01 0.01
0 0.558594 0.443056 0.01 0.01
0 0.564844 0.444444 0.01 0.01
0 0.564062 0.427778 0.01 0.01
0 0.583594 0.422222 0.01 0.01
0 0.590625 0.456944 0.01 0.01
0 0.586719 0.472222 0.01 0.01
0 0.512500 0.409722 0.01 0.01
0 0.504687 0.370833 0.01 0.01
0 0.511719 0.376389 0.01 0.01
0 0.525781 0.379167 0.01 0.01
0 0.529688 0.384722 0.01 0.01
0 0.524219 0.372222 0.01 0.01
0 0.532031 0.361111 0.01 0.01
0 0.521875 0.365278 0.01 0.01
0 0.521094 0.354167 0.01 0.01
0 0.514844 0.354167 0.01 0.01
0 0.498437 0.333333 0.01 0.01
0 0.507812 0.341667 0.01 0.01
0 0.503125 0.315278 0.01 0.01
0 0.510156 0.319444 0.01 0.01
0 0.520312 0.325000 0.01 0.01
0 0.540625 0.340278 0.01 0.01
0 0.543750 0.355556 0.01 0.01
0 0.551562 0.372222 0.01 0.01
0 0.553125 0.386111 0.01 0.01
0 0.512500 0.245833 0.01 0.01
0 0.522656 0.215278 0.01 0.01
0 0.521875 0.227778 0.01 0.01
0 0.515625 0.269444 0.01 0.01
0 0.540625 0.298611 0.01 0.01
0 0.535156 0.305556 0.01 0.01
0 0.529688 0.280556 0.01 0.01
0 0.542188 0.266667 0.01 0.01
0 0.528906 0.229167 0.01 0.01
0 0.540625 0.254167 0.01 0.01
0 0.537500 0.272222 0.01 0.01
0 0.535156 0.233333 0.01 0.01
0 0.540625 0.245833 0.01 0.01
0 0.553906 0.229167 0.01 0.01
0 0.567187 0.230556 0.01 0.01
0 0.550781 0.284722 0.01 0.01
0 0.570312 0.286111 0.01 0.01
0 0.704687 0.708333 0.01 0.01
0 0.717969 0.672222 0.01 0.01
0 0.721875 0.651389 0.01 0.01
0 0.725000 0.618056 0.01 0.01
0 0.728906 0.602778 0.01 0.01
0 0.728906 0.580556 0.01 0.01
0 0.741406 0.487500 0.01 0.01
0 0.732813 0.412500 0.01 0.01
0 0.732031 0.388889 0.01 0.01
0 0.728125 0.356944 0.01 0.01
0 0.721875 0.334722 0.01 0.01
0 0.710156 0.288889 0.01 0.01
0 0.706250 0.263889 0.01 0.01
0 0.697656 0.304167 0.01 0.01
0 0.671875 0.272222 0.01 0.01
0 0.660937 0.256944 0.01 0.01
0 0.632031 0.294444 0.01 0.01
0 0.645312 0.294444 0.01 0.01
0 0.665625 0.334722 0.01 0.01
0 0.666406 0.400000 0.01 0.01
0 0.704687 0.416667 0.01 0.01
0 0.714063 0.400000 0.01 0.01
0 0.714063 0.380556 0.01 0.01
0 0.724219 0.456944 0.01 0.01
0 0.721875 0.472222 0.01 0.01
0 0.718750 0.494444 0.01 0.01
0 0.723437 0.508333 0.01 0.01
0 0.730469 0.497222 0.01 0.01
0 0.720312 0.526389 0.01 0.01
0 0.711719 0.543056 0.01 0.01
0 0.716406 0.620833 0.01 0.01
0 0.706250 0.622222 0.01 0.01
0 0.721094 0.562500 0.01 0.01
0 0.703125 0.502778 0.01 0.01
0 0.681250 0.483333 0.01 0.01
0 0.684375 0.455556 0.01 0.01
0 0.696875 0.554167 0.01 0.01
0 0.679688 0.575000 0.01 0.01
0 0.684375 0.645833 0.01 0.01
0 0.671094 0.675000 0.01 0.01
0 0.662500 0.693056 0.01 0.01
0 0.651563 0.695833 0.01 0.01
0 0.589063 0.709722 0.01 0.01
0 0.579687 0.702778 0.01 0.01
0 0.552344 0.679167 0.01 0.01
0 0.571094 0.569444 0.01 0.01
0 0.592969 0.558333 0.01 0.01
0 0.586719 0.522222 0.01 0.01
0 0.608594 0.413889 0.01 0.01
0 0.614844 0.420833 0.01 0.01
0 0.585156 0.627778 0.01 0.01
0 0.594531 0.633333 0.01 0.01
0 0.588281 0.663889 0.01 0.01
0 0.577344 0.679167 0.01 0.01
0 0.607031 0.684722 0.01 0.01
0 0.617188 0.680556 0.01 0.01
0 0.610937 0.666667 0.01 0.01
0 0.604688 0.645833 0.01 0.01
0 0.620313 0.650000 0.01 0.01
0 0.636719 0.637500 0.01 0.01
0 0.625781 0.636111 0.01 0.01
0 0.657812 0.629167 0.01 0.01
0 0.630469 0.616667 0.01 0.01
0 0.636719 0.618056 0.01 0.01
0 0.621094 0.619444 0.01 0.01
0 0.629687 0.598611 0.01 0.01
0 0.636719 0.605556 0.01 0.01
0 0.650000 0.588889 0.01 0.01
0 0.642187 0.581944 0.01 0.01
0 0.637500 0.576389 0.01 0.01
0 0.621094 0.565278 0.01 0.01
0 0.657812 0.562500 0.01 0.01
0 0.657031 0.568056 0.01 0.01
0 0.649219 0.563889 0.01 0.01
0 0.648438 0.547222 0.01 0.01
0 0.635156 0.543056 0.01 0.01
0 0.640625 0.537500 0.01 0.01
0 0.647656 0.536111 0.01 0.01
0 0.651563 0.525000 0.01 0.01
0 0.657031 0.519444 0.01 0.01
0 0.664844 0.518056 0.01 0.01
0 0.654688 0.509722 0.01 0.01
0 0.656250 0.494444 0.01 0.01
0 0.660156 0.479167 0.01 0.01
0 0.634375 0.526389 0.01 0.01
0 0.642187 0.515278 0.01 0.01
0 0.636719 0.494444 0.01 0.01
0 0.642187 0.488889 0.01 0.01
0 0.646875 0.484722 0.01 0.01
0 0.637500 0.475000 0.01 0.01
0 0.642187 0.468056 0.01 0.01
0 0.651563 0.469444 0.01 0.01
0 0.653906 0.447222 0.01 0.01
0 0.651563 0.456944 0.01 0.01
0 0.642969 0.468056 0.01 0.01
0 0.624219 0.459722 0.01 0.01
0 0.576563 0.300000 0.01 0.01
0 0.632812 0.440278 0.01 0.01
0 0.581250 0.305556 0.01 0.01
0 0.632031 0.455556 0.01 0.01
0 0.587500 0.295833 0.01 0.01
0 0.633594 0.422222 0.01 0.01
0 0.613281 0.381944 0.01 0.01
0 0.576563 0.256944 0.01 0.01
0 0.594531 0.287500 0.01 0.01
0 0.584375 0.272222 0.01 0.01
0 0.577344 0.244444 0.01 0.01
0 0.607813 0.252778 0.01 0.01
0 0.589844 0.250000 0.01 0.01
0 0.603906 0.240278 0.01 0.01
0 0.598437 0.268056 0.01 0.01
0 0.617969 0.277778 0.01 0.01
0 0.596094 0.252778 0.01 0.01
0 0.613281 0.302778 0.01 0.01
0 0.655469 0.397222 0.01 0.01
0 0.657812 0.409722 0.01 0.01
0 0.639844 0.418056 0.01 0.01
0 0.633594 0.405556 0.01 0.01
0 0.651563 0.419444 0.01 0.01
0 0.644531 0.408333 0.01 0.01
0 0.651563 0.401389 0.01 0.01
0 0.640625 0.393056 0.01 0.01
0 0.632031 0.377778 0.01 0.01
0 0.648438 0.388889 0.01 0.01
0 0.642969 0.379167 0.01 0.01
0 0.619531 0.323611 0.01 0.01
0 0.625781 0.338889 0.01 0.01
0 0.607813 0.306944 0.01 0.01
0 0.600781 0.297222 0.01 0.01
0 0.622656 0.304167 0.01 0.01
0 0.629687 0.326389 0.01 0.01
0 0.632031 0.358333 0.01 0.01
0 0.637500 0.351389 0.01 0.01
0 0.646875 0.361111 0.01 0.01
0 0.646094 0.372222 0.01 0.01
