0 0.393750 0.554167 0.01 0.01
0 0.423438 0.534722 0.01 0.01
0 0.405469 0.516667 0.01 0.01
0 0.387500 0.516667 0.01 0.01
0 0.378906 0.554167 0.01 0.01
0 0.369531 0.550000 0.01 0.01
0 0.397656 0.180556 0.01 0.01
0 0.392188 0.187500 0.01 0.01
0 0.387500 0.198611 0.01 0.01
0 0.378125 0.193056 0.01 0.01
0 0.384375 0.206944 0.01 0.01
0 0.375000 0.212500 0.01 0.01
0 0.365625 0.218056 0.01 0.01
0 0.364844 0.229167 0.01 0.01
0 0.377344 0.222222 0.01 0.01
0 0.380469 0.243056 0.01 0.01
0 0.371875 0.244444 0.01 0.01
0 0.371094 0.258333 0.01 0.01
0 0.386719 0.252778 0.01 0.01
0 0.393750 0.240278 0.01 0.01
0 0.360938 0.269444 0.01 0.01
0 0.358594 0.269444 0.01 0.01
0 0.367188 0.284722 0.01 0.01
0 0.354688 0.255556 0.01 0.01
0 0.348437 0.245833 0.01 0.01
0 0.344531 0.256944 0.01 0.01
0 0.335156 0.250000 0.01 0.01
0 0.336719 0.281944 0.01 0.01
0 0.331250 0.295833 0.01 0.01
0 0.327344 0.313889 0.01 0.01
0 0.332812 0.326389 0.01 0.01
0 0.335938 0.319444 0.01 0.01
0 0.339844 0.298611 0.01 0.01
0 0.339844 0.337500 0.01 0.01
0 0.346875 0.331944 0.01 0.01
0 0.350000 0.337500 0.01 0.01
0 0.352344 0.330556 0.01 0.01
0 0.356250 0.333333 0.01 0.01
0 0.360156 0.336111 0.01 0.01
0 0.358594 0.350000 0.01 0.01
0 0.349219 0.316667 0.01 0.01
0 0.362500 0.308333 0.01 0.01
0 0.355469 0.304167 0.01 0.01
0 0.354688 0.298611 0.01 0.01
0 0.354688 0.291667 0.01 0.01
0 0.369531 0.309722 0.01 0.01
0 0.375000 0.301389 0.01 0.01
0 0.376563 0.287500 0.01 0.01
0 0.382812 0.288889 0.01 0.01
0 0.384375 0.280556 0.01 0.01
0 0.407813 0.241667 0.01 0.01
0 0.416406 0.236111 0.01 0.01
0 0.425000 0.234722 0.01 0.01
0 0.406250 0.222222 0.01 0.01
0 0.405469 0.201389 0.01 0.01
0 0.410937 0.204167 0.01 0.01
0 0.409375 0.195833 0.01 0.01
0 0.417969 0.197222 0.01 0.01
0 0.421875 0.168056 0.01 0.01
0 0.428906 0.166667 0.01 0.01
0 0.429688 0.187500 0.01 0.01
0 0.434375 0.198611 0.01 0.01
0 0.424219 0.213889 0.01 0.01
0 0.421875 0.256944 0.01 0.01
0 0.407031 0.279167 0.01 0.01
0 0.417969 0.281944 0.01 0.01
0 0.411719 0.290278 0.01 0.01
0 0.375000 0.379167 0.01 0.01
0 0.380469 0.372222 0.01 0.01
0 0.386719 0.372222 0.01 0.01
0 0.381250 0.362500 0.01 0.01
0 0.402344 0.362500 0.01 0.01
0 0.409375 0.316667 0.01 0.01
0 0.432813 0.280556 0.01 0.01
0 0.446094 0.291667 0.01 0.01
0 0.455469 0.297222 0.01 0.01
0 0.442969 0.312500 0.01 0.01
0 0.450000 0.316667 0.01 0.01
0 0.459375 0.316667 0.01 0.01
0 0.472656 0.318056 0.01 0.01
0 0.454688 0.275000 0.01 0.01
0 0.450781 0.262500 0.01 0.01
0 0.450781 0.237500 0.01 0.01
0 0.455469 0.230556 0.01 0.01
0 0.437500 0.168056 0.01 0.01
0 0.438281 0.188889 0.01 0.01
0 0.425781 0.372222 0.01 0.01
0 0.435156 0.377778 0.01 0.01
0 0.417188 0.372222 0.01 0.01
0 0.401563 0.400000 0.01 0.01
0 0.314844 0.337500 0.01 0.01
0 0.310156 0.362500 0.01 0.01
0 0.332812 0.366667 0.01 0.01
0 0.318750 0.365278 0.01 0.01
0 0.308594 0.405556 0.01 0.01
0 0.301562 0.420833 0.01 0.01
0 0.316406 0.430556 0.01 0.01
0 0.309375 0.425000 0.01 0.01
0 0.326562 0.409722 0.01 0.01
0 0.318750 0.383333 0.01 0.01
0 0.338281 0.402778 0.01 0.01
0 0.344531 0.438889 0.01 0.01
0 0.354688 0.408333 0.01 0.01
0 0.393750 0.477778 0.01 0.01
0 0.405469 0.498611 0.01 0.01
0 0.407813 0.455556 0.01 0.01
0 0.410156 0.427778 0.01 0.01
0 0.407031 0.420833 0.01 0.01
0 0.426562 0.430556 0.01 0.01
0 0.429688 0.459722 0.01 0.01
0 0.436719 0.416667 0.01 0.01
0 0.438281 0.445833 0.01 0.01
0 0.442187 0.456944 0.01 0.01
0 0.449219 0.475000 0.01 0.01
0 0.459375 0.486111 0.01 0.01
0 0.458594 0.505556 0.01 0.01
0 0.467187 0.536111 0.01 0.01
0 0.464844 0.544444 0.01 0.01
0 0.475781 0.541667 0.01 0.01
0 0.477344 0.491667 0.01 0.01
0 0.473437 0.400000 0.01 0.01
0 0.461719 0.400000 0.01 0.01
0 0.462500 0.350000 0.01 0.01
0 0.472656 0.362500 0.01 0.01
0 0.450781 0.179167 0.01 0.01
0 0.443750 0.159722 0.01 0.01
0 0.444531 0.148611 0.01 0.01
0 0.452344 0.151389 0.01 0.01
0 0.453906 0.159722 0.01 0.01
0 0.460938 0.152778 0.01 0.01
0 0.460156 0.144444 0.01 0.01
0 0.467187 0.155556 0.01 0.01
0 0.473437 0.155556 0.01 0.01
0 0.464063 0.176389 0.01 0.01
0 0.491406 0.152778 0.01 0.01
0 0.483594 0.141667 0.01 0.01
0 0.478125 0.241667 0.01 0.01
0 0.474219 0.268056 0.01 0.01
0 0.489062 0.195833 0.01 0.01
0 0.491406 0.186111 0.01 0.01
0 0.492969 0.213889 0.01 0.01
0 0.487500 0.225000 0.01 0.01
0 0.490625 0.255556 0.01 0.01
0 0.484375 0.261111 0.01 0.01
0 0.485156 0.336111 0.01 0.01
0 0.497656 0.322222 0.01 0.01
0 0.482031 0.354167 0.01 0.01
0 0.487500 0.369444 0.01 0.01
0 0.503906 0.306944 0.01 0.01
0 0.514063 0.316667 0.01 0.01
0 0.507031 0.331944 0.01 0.01
0 0.504687 0.183333 0.01 0.01
0 0.507031 0.204167 0.01 0.01
0 0.509375 0.229167 0.01 0.01
0 0.513281 0.247222 0.01 0.01
0 0.514063 0.262500 0.01 0.01
0 0.517187 0.226389 0.01 0.01
0 0.510156 0.154167 0.01 0.01
0 0.517187 0.158333 0.01 0.01
0 0.522656 0.165278 0.01 0.01
0 0.528125 0.165278 0.01 0.01
0 0.532031 0.166667 0.01 0.01
0 0.535156 0.173611 0.01 0.01
0 0.503125 0.159722 0.01 0.01
0 0.500000 0.138889 0.01 0.01
0 0.495313 0.116667 0.01 0.01
0 0.477344 0.097222 0.01 0.01
0 0.446875 0.123611 0.01 0.01
0 0.439844 0.105556 0.01 0.01
0 0.435156 0.065278 0.01 0.01
0 0.432031 0.040278 0.01 0.01
0 0.350781 0.170833 0.01 0.01
0 0.359375 0.179167 0.01 0.01
0 0.353906 0.188889 0.01 0.01
0 0.360938 0.136111 0.01 0.01
0 0.345313 0.090278 0.01 0.01
0 0.338281 0.070833 0.01 0.01
0 0.383594 0.036111 0.01 0.01
0 0.476562 0.023611 0.01 0.01
0 0.590625 0.108333 0.01 0.01
0 0.604688 0.105556 0.01 0.01
0 0.616406 0.105556 0.01 0.01
0 0.620313 0.116667 0.01 0.01
0 0.576563 0.086111 0.01 0.01
0 0.566406 0.097222 0.01 0.01
0 0.540625 0.104167 0.01 0.01
0 0.501562 0.086111 0.01 0.01
0 0.531250 0.029167 0.01 0.01
0 0.542188 0.033333 0.01 0.01
0 0.553125 0.045833 0.01 0.01
0 0.551562 0.126389 0.01 0.01
0 0.569531 0.165278 0.01 0.01
0 0.653906 0.162500 0.01 0.01
0 0.662500 0.173611 0.01 0.01
0 0.522656 0.193056 0.01 0.01
0 0.526563 0.195833 0.01 0.01
0 0.537500 0.197222 0.01 0.01
0 0.539062 0.183333 0.01 0.01
0 0.546875 0.180556 0.01 0.01
0 0.557813 0.163889 0.01 0.01
0 0.565625 0.177778 0.01 0.01
0 0.526563 0.216667 0.01 0.01
0 0.526563 0.280556 0.01 0.01
0 0.495313 0.393056 0.01 0.01
0 0.500781 0.373611 0.01 0.01
0 0.512500 0.341667 0.01 0.01
0 0.536719 0.337500 0.01 0.01
0 0.536719 0.300000 0.01 0.01
0 0.531250 0.302778 0.01 0.01
0 0.535937 0.275000 0.01 0.01
0 0.540625 0.254167 0.01 0.01
0 0.542969 0.241667 0.01 0.01
0 0.535156 0.229167 0.01 0.01
0 0.548437 0.229167 0.01 0.01
0 0.560156 0.205556 0.01 0.01
0 0.557031 0.195833 0.01 0.01
0 0.553906 0.191667 0.01 0.01
0 0.572656 0.195833 0.01 0.01
0 0.575000 0.215278 0.01 0.01
0 0.583594 0.211111 0.01 0.01
0 0.611719 0.197222 0.01 0.01
0 0.622656 0.216667 0.01 0.01
0 0.617188 0.229167 0.01 0.01
0 0.657031 0.247222 0.01 0.01
0 0.677344 0.279167 0.01 0.01
0 0.692969 0.305556 0.01 0.01
0 0.684375 0.225000 0.01 0.01
0 0.679688 0.200000 0.01 0.01
0 0.578125 0.297222 0.01 0.01
0 0.575000 0.300000 0.01 0.01
0 0.583594 0.291667 0.01 0.01
0 0.566406 0.230556 0.01 0.01
0 0.573438 0.252778 0.01 0.01
0 0.580469 0.240278 0.01 0.01
0 0.585938 0.250000 0.01 0.01
0 0.609375 0.256944 0.01 0.01
0 0.605469 0.261111 0.01 0.01
0 0.596875 0.270833 0.01 0.01
0 0.593750 0.286111 0.01 0.01
0 0.582031 0.270833 0.01 0.01
0 0.566406 0.288889 0.01 0.01
0 0.533594 0.359722 0.01 0.01
0 0.521094 0.379167 0.01 0.01
0 0.522656 0.368056 0.01 0.01
0 0.517969 0.359722 0.01 0.01
0 0.511719 0.373611 0.01 0.01
0 0.325781 0.476389 0.01 0.01
0 0.357812 0.623611 0.01 0.01
0 0.374219 0.698611 0.01 0.01
0 0.370313 0.688889 0.01 0.01
0 0.370313 0.708333 0.01 0.01
0 0.358594 0.694444 0.01 0.01
0 0.359375 0.672222 0.01 0.01
0 0.378125 0.702778 0.01 0.01
0 0.374219 0.716667 0.01 0.01
0 0.379687 0.720833 0.01 0.01
0 0.383594 0.709722 0.01 0.01
0 0.383594 0.729167 0.01 0.01
0 0.378125 0.738889 0.01 0.01
0 0.375000 0.723611 0.01 0.01
0 0.357031 0.659722 0.01 0.01
0 0.346875 0.569444 0.01 0.01
0 0.338281 0.506944 0.01 0.01
0 0.343750 0.523611 0.01 0.01
0 0.346875 0.509722 0.01 0.01
0 0.357031 0.481944 0.01 0.01
0 0.376563 0.497222 0.01 0.01
0 0.643750 0.297222 0.01 0.01
0 0.637500 0.304167 0.01 0.01
0 0.627344 0.297222 0.01 0.01
0 0.610937 0.276389 0.01 0.01
0 0.600781 0.294444 0.01 0.01
0 0.614844 0.298611 0.01 0.01
0 0.606250 0.305556 0.01 0.01
0 0.622656 0.308333 0.01 0.01
0 0.615625 0.318056 0.01 0.01
0 0.548437 0.372222 0.01 0.01
0 0.550781 0.384722 0.01 0.01
0 0.539844 0.358333 0.01 0.01
0 0.550000 0.280556 0.01 0.01
0 0.567969 0.309722 0.01 0.01
0 0.547656 0.430556 0.01 0.01
0 0.562500 0.418056 0.01 0.01
0 0.579687 0.420833 0.01 0.01
0 0.621875 0.343056 0.01 0.01
0 0.625781 0.333333 0.01 0.01
0 0.657812 0.331944 0.01 0.01
0 0.703125 0.254167 0.01 0.01
0 0.717969 0.325000 0.01 0.01
0 0.721875 0.351389 0.01 0.01
0 0.728125 0.383333 0.01 0.01
0 0.728125 0.412500 0.01 0.01
0 0.708594 0.376389 0.01 0.01
0 0.708594 0.294444 0.01 0.01
0 0.306250 0.184722 0.01 0.01
0 0.284375 0.195833 0.01 0.01
0 0.284375 0.140278 0.01 0.01
0 0.280469 0.144444 0.01 0.01
0 0.249219 0.177778 0.01 0.01
0 0.217969 0.276389 0.01 0.01
0 0.232812 0.265278 0.01 0.01
0 0.254687 0.269444 0.01 0.01
0 0.646094 0.365278 0.01 0.01
0 0.642969 0.372222 0.01 0.01
0 0.641406 0.377778 0.01 0.01
0 0.643750 0.350000 0.01 0.01
0 0.636719 0.355556 0.01 0.01
0 0.628906 0.358333 0.01 0.01
0 0.632031 0.372222 0.01 0.01
0 0.560156 0.475000 0.01 0.01
0 0.562500 0.494444 0.01 0.01
0 0.555469 0.486111 0.01 0.01
0 0.553125 0.476389 0.01 0.01
0 0.555469 0.441667 0.01 0.01
0 0.560938 0.448611 0.01 0.01
0 0.589063 0.454167 0.01 0.01
0 0.584375 0.465278 0.01 0.01
0 0.606250 0.415278 0.01 0.01
0 0.610937 0.418056 0.01 0.01
0 0.635156 0.398611 0.01 0.01
0 0.642187 0.398611 0.01 0.01
0 0.664062 0.394444 0.01 0.01
0 0.653906 0.400000 0.01 0.01
0 0.632031 0.419444 0.01 0.01
0 0.657031 0.416667 0.01 0.01
0 0.642187 0.412500 0.01 0.01
0 0.647656 0.418056 0.01 0.01
0 0.707031 0.398611 0.01 0.01
0 0.705469 0.423611 0.01 0.01
0 0.514063 0.506944 0.01 0.01
0 0.514063 0.484722 0.01 0.01
0 0.507812 0.418056 0.01 0.01
0 0.485938 0.420833 0.01 0.01
0 0.504687 0.525000 0.01 0.01
0 0.519531 0.559722 0.01 0.01
0 0.532812 0.555556 0.01 0.01
0 0.532812 0.544444 0.01 0.01
0 0.570312 0.569444 0.01 0.01
0 0.588281 0.554167 0.01 0.01
0 0.582812 0.511111 0.01 0.01
0 0.546875 0.540278 0.01 0.01
0 0.548437 0.512500 0.01 0.01
0 0.684375 0.470833 0.01 0.01
0 0.678906 0.445833 0.01 0.01
0 0.718750 0.454167 0.01 0.01
0 0.735156 0.486111 0.01 0.01
0 0.710156 0.665278 0.01 0.01
0 0.718750 0.641667 0.01 0.01
0 0.710156 0.618056 0.01 0.01
0 0.702344 0.618056 0.01 0.01
0 0.674219 0.572222 0.01 0.01
0 0.651563 0.448611 0.01 0.01
0 0.648438 0.452778 0.01 0.01
0 0.717969 0.475000 0.01 0.01
0 0.728125 0.491667 0.01 0.01
0 0.702344 0.505556 0.01 0.01
0 0.693750 0.552778 0.01 0.01
0 0.725781 0.579167 0.01 0.01
0 0.719531 0.616667 0.01 0.01
0 0.728125 0.601389 0.01 0.01
0 0.717188 0.562500 0.01 0.01
0 0.710156 0.540278 0.01 0.01
0 0.714063 0.500000 0.01 0.01
0 0.721875 0.508333 0.01 0.01
0 0.719531 0.523611 0.01 0.01
0 0.638281 0.434722 0.01 0.01
0 0.629687 0.443056 0.01 0.01
0 0.621875 0.458333 0.01 0.01
0 0.630469 0.459722 0.01 0.01
0 0.657812 0.477778 0.01 0.01
0 0.653906 0.470833 0.01 0.01
0 0.633594 0.472222 0.01 0.01
0 0.634375 0.493056 0.01 0.01
0 0.644531 0.480556 0.01 0.01
0 0.639844 0.486111 0.01 0.01
0 0.643750 0.463889 0.01 0.01
0 0.639063 0.463889 0.01 0.01
0 0.663281 0.513889 0.01 0.01
0 0.654688 0.488889 0.01 0.01
0 0.653125 0.501389 0.01 0.01
0 0.653125 0.512500 0.01 0.01
0 0.650000 0.515278 0.01 0.01
0 0.636719 0.519444 0.01 0.01
0 0.638281 0.516667 0.01 0.01
0 0.635938 0.527778 0.01 0.01
0 0.646875 0.525000 0.01 0.01
0 0.635938 0.540278 0.01 0.01
0 0.642969 0.541667 0.01 0.01
0 0.649219 0.547222 0.01 0.01
0 0.653906 0.555556 0.01 0.01
0 0.653906 0.566667 0.01 0.01
0 0.649219 0.556944 0.01 0.01
0 0.644531 0.556944 0.01 0.01
0 0.657812 0.630556 0.01 0.01
0 0.680469 0.652778 0.01 0.01
0 0.704687 0.706944 0.01 0.01
0 0.682031 0.758333 0.01 0.01
0 0.665625 0.748611 0.01 0.01
0 0.645312 0.709722 0.01 0.01
0 0.647656 0.695833 0.01 0.01
0 0.682031 0.734722 0.01 0.01
0 0.670313 0.716667 0.01 0.01
0 0.660156 0.697222 0.01 0.01
0 0.665625 0.683333 0.01 0.01
0 0.632812 0.638889 0.01 0.01
0 0.623438 0.765278 0.01 0.01
0 0.600000 0.769444 0.01 0.01
0 0.586719 0.629167 0.01 0.01
0 0.594531 0.629167 0.01 0.01
0 0.617969 0.568056 0.01 0.01
0 0.635938 0.568056 0.01 0.01
0 0.618750 0.613889 0.01 0.01
0 0.646094 0.584722 0.01 0.01
0 0.628125 0.591667 0.01 0.01
0 0.639063 0.581944 0.01 0.01
0 0.628125 0.602778 0.01 0.01
0 0.628125 0.622222 0.01 0.01
0 0.633594 0.612500 0.01 0.01
0 0.635938 0.594444 0.01 0.01
0 0.623438 0.631944 0.01 0.01
0 0.617188 0.648611 0.01 0.01
0 0.606250 0.652778 0.01 0.01
0 0.588281 0.662500 0.01 0.01
0 0.596094 0.651389 0.01 0.01
0 0.602344 0.683333 0.01 0.01
0 0.618750 0.681944 0.01 0.01
0 0.614844 0.687500 0.01 0.01
0 0.610156 0.668056 0.01 0.01
0 0.554688 0.608333 0.01 0.01
0 0.535937 0.613889 0.01 0.01
0 0.223438 0.641667 0.01 0.01
0 0.207031 0.615278 0.01 0.01
0 0.203906 0.512500 0.01 0.01
0 0.213281 0.518056 0.01 0.01
0 0.191406 0.495833 0.01 0.01
0 0.191406 0.462500 0.01 0.01
0 0.194531 0.443056 0.01 0.01
0 0.207813 0.415278 0.01 0.01
0 0.239844 0.377778 0.01 0.01
0 0.227344 0.419444 0.01 0.01
0 0.243750 0.404167 0.01 0.01
0 0.267188 0.440278 0.01 0.01
0 0.282813 0.412500 0.01 0.01
0 0.289062 0.370833 0.01 0.01
0 0.658594 0.795833 0.01 0.01
0 0.654688 0.823611 0.01 0.01
0 0.641406 0.815278 0.01 0.01
0 0.621094 0.790278 0.01 0.01
0 0.596094 0.808333 0.01 0.01
0 0.597656 0.847222 0.01 0.01
0 0.617969 0.829167 0.01 0.01
0 0.639844 0.836111 0.01 0.01
0 0.625781 0.837500 0.01 0.01
0 0.549219 0.919444 0.01 0.01
0 0.543750 0.922222 0.01 0.01
0 0.539844 0.916667 0.01 0.01
0 0.546875 0.931944 0.01 0.01
0 0.558594 0.891667 0.01 0.01
0 0.539062 0.897222 0.01 0.01
0 0.541406 0.884722 0.01 0.01
0 0.566406 0.851389 0.01 0.01
0 0.507031 0.950000 0.01 0.01
0 0.450000 0.955556 0.01 0.01
0 0.489062 0.965278 0.01 0.01
0 0.479688 0.929167 0.01 0.01
0 0.486719 0.929167 0.01 0.01
0 0.469531 0.879167 0.01 0.01
0 0.519531 0.629167 0.01 0.01
0 0.525781 0.645833 0.01 0.01
0 0.539844 0.705556 0.01 0.01
0 0.519531 0.772222 0.01 0.01
0 0.511719 0.775000 0.01 0.01
0 0.511719 0.766667 0.01 0.01
0 0.489844 0.755556 0.01 0.01
0 0.497656 0.761111 0.01 0.01
0 0.504687 0.731944 0.01 0.01
0 0.517969 0.688889 0.01 0.01
0 0.508594 0.629167 0.01 0.01
0 0.487500 0.577778 0.01 0.01
0 0.513281 0.598611 0.01 0.01
0 0.573438 0.670833 0.01 0.01
0 0.586719 0.747222 0.01 0.01
0 0.556250 0.758333 0.01 0.01
0 0.516406 0.825000 0.01 0.01
0 0.514844 0.875000 0.01 0.01
0 0.507031 0.797222 0.01 0.01
0 0.532812 0.780556 0.01 0.01
0 0.538281 0.754167 0.01 0.01
0 0.547656 0.786111 0.01 0.01
0 0.545313 0.756944 0.01 0.01
0 0.542969 0.744444 0.01 0.01
0 0.550000 0.743056 0.01 0.01
0 0.575000 0.733333 0.01 0.01
0 0.573438 0.722222 0.01 0.01
0 0.585156 0.709722 0.01 0.01
0 0.579687 0.704167 0.01 0.01
0 0.552344 0.680556 0.01 0.01
0 0.299219 0.454167 0.01 0.01
0 0.253125 0.630556 0.01 0.01
0 0.225000 0.697222 0.01 0.01
0 0.239063 0.720833 0.01 0.01
0 0.236719 0.675000 0.01 0.01
0 0.253906 0.688889 0.01 0.01
0 0.307813 0.820833 0.01 0.01
0 0.309375 0.880556 0.01 0.01
0 0.320312 0.833333 0.01 0.01
0 0.321094 0.866667 0.01 0.01
0 0.324219 0.834722 0.01 0.01
0 0.334375 0.883333 0.01 0.01
0 0.359375 0.922222 0.01 0.01
0 0.403125 0.915278 0.01 0.01
0 0.467969 0.776389 0.01 0.01
0 0.462500 0.609722 0.01 0.01
0 0.490625 0.655556 0.01 0.01
0 0.280469 0.504167 0.01 0.01
0 0.313281 0.484722 0.01 0.01
0 0.350781 0.656944 0.01 0.01
0 0.347656 0.645833 0.01 0.01
0 0.339844 0.654167 0.01 0.01
0 0.328906 0.636111 0.01 0.01
0 0.334375 0.644444 0.01 0.01
0 0.393750 0.741667 0.01 0.01
0 0.376563 0.802778 0.01 0.01
0 0.394531 0.850000 0.01 0.01
0 0.421094 0.836111 0.01 0.01
0 0.397656 0.804167 0.01 0.01
0 0.421875 0.813889 0.01 0.01
0 0.408594 0.787500 0.01 0.01
0 0.403906 0.750000 0.01 0.01
0 0.410156 0.744444 0.01 0.01
0 0.401563 0.719444 0.01 0.01
0 0.409375 0.697222 0.01 0.01
0 0.444531 0.776389 0.01 0.01
0 0.437500 0.768056 0.01 0.01
0 0.425000 0.759722 0.01 0.01
0 0.432031 0.644444 0.01 0.01
0 0.424219 0.648611 0.01 0.01
0 0.435937 0.727778 0.01 0.01
0 0.439844 0.693056 0.01 0.01
0 0.440625 0.650000 0.01 0.01
0 0.404687 0.602778 0.01 0.01
0 0.304688 0.506944 0.01 0.01
0 0.268750 0.615278 0.01 0.01
0 0.319531 0.605556 0.01 0.01
0 0.300000 0.601389 0.01 0.01
0 0.312500 0.601389 0.01 0.01
0 0.324219 0.579167 0.01 0.01
0 0.292188 0.531944 0.01 0.01
0 0.285156 0.629167 0.01 0.01
0 0.273438 0.570833 0.01 0.01
0 0.276563 0.618056 0.01 0.01
0 0.305469 0.540278 0.01 0.01
0 0.310156 0.559722 0.01 0.01
0 0.323438 0.513889 0.01 0.01
0 0.461719 0.666667 0.01 0.01
