0 0.537500 0.902778 0.01 0.01
0 0.537500 0.893056 0.01 0.01
0 0.550000 0.927778 0.01 0.01
0 0.540625 0.937500 0.01 0.01
0 0.550781 0.909722 0.01 0.01
0 0.553906 0.890278 0.01 0.01
0 0.554688 0.856944 0.01 0.01
0 0.568750 0.865278 0.01 0.01
0 0.588281 0.850000 0.01 0.01
0 0.616406 0.834722 0.01 0.01
0 0.620313 0.834722 0.01 0.01
0 0.637500 0.838889 0.01 0.01
0 0.650000 0.831944 0.01 0.01
0 0.656250 0.823611 0.01 0.01
0 0.651563 0.816667 0.01 0.01
0 0.675781 0.754167 0.01 0.01
0 0.691406 0.747222 0.01 0.01
0 0.667969 0.745833 0.01 0.01
0 0.659375 0.759722 0.01 0.01
0 0.608594 0.761111 0.01 0.01
0 0.600000 0.808333 0.01 0.01
0 0.619531 0.772222 0.01 0.01
0 0.632031 0.781944 0.01 0.01
0 0.621875 0.791667 0.01 0.01
0 0.646875 0.719444 0.01 0.01
0 0.642187 0.704167 0.01 0.01
0 0.647656 0.704167 0.01 0.01
0 0.657812 0.701389 0.01 0.01
0 0.702344 0.712500 0.01 0.01
0 0.714844 0.665278 0.01 0.01
0 0.705469 0.658333 0.01 0.01
0 0.717969 0.622222 0.01 0.01
0 0.725000 0.620833 0.01 0.01
0 0.717188 0.597222 0.01 0.01
0 0.728906 0.601389 0.01 0.01
0 0.713281 0.586111 0.01 0.01
0 0.732813 0.573611 0.01 0.01
0 0.713281 0.562500 0.01 0.01
0 0.710156 0.551389 0.01 0.01
0 0.693750 0.552778 0.01 0.01
0 0.703906 0.522222 0.01 0.01
0 0.725781 0.526389 0.01 0.01
0 0.727344 0.501389 0.01 0.01
0 0.732813 0.484722 0.01 0.01
0 0.740625 0.475000 0.01 0.01
0 0.719531 0.475000 0.01 0.01
0 0.705469 0.479167 0.01 0.01
0 0.722656 0.441667 0.01 0.01
0 0.735937 0.420833 0.01 0.01
0 0.732813 0.390278 0.01 0.01
0 0.716406 0.413889 0.01 0.01
0 0.690625 0.434722 0.01 0.01
0 0.680469 0.448611 0.01 0.01
0 0.681250 0.640278 0.01 0.01
0 0.668750 0.644444 0.01 0.01
0 0.654688 0.629167 0.01 0.01
0 0.625781 0.622222 0.01 0.01
0 0.630469 0.611111 0.01 0.01
0 0.624219 0.609722 0.01 0.01
0 0.636719 0.600000 0.01 0.01
0 0.628125 0.591667 0.01 0.01
0 0.616406 0.609722 0.01 0.01
0 0.638281 0.584722 0.01 0.01
0 0.639844 0.576389 0.01 0.01
0 0.634375 0.573611 0.01 0.01
0 0.652344 0.558333 0.01 0.01
0 0.653125 0.558333 0.01 0.01
0 0.642969 0.559722 0.01 0.01
0 0.645312 0.545833 0.01 0.01
0 0.637707 0.542247 0.01 0.01
0 0.632413 0.538717 0.01 0.01
0 0.651604 0.522247 0.01 0.01
0 0.644986 0.523423 0.01 0.01
0 0.646972 0.531659 0.01 0.01
0 0.639692 0.529306 0.01 0.01
0 0.635060 0.523423 0.01 0.01
0 0.635060 0.517541 0.01 0.01
0 0.633074 0.496364 0.01 0.01
0 0.637045 0.483423 0.01 0.01
0 0.641677 0.494011 0.01 0.01
0 0.646310 0.504600 0.01 0.01
0 0.650942 0.505776 0.01 0.01
0 0.651604 0.489306 0.01 0.01
0 0.648957 0.476364 0.01 0.01
0 0.641677 0.469306 0.01 0.01
0 0.648957 0.462247 0.01 0.01
0 0.658222 0.431659 0.01 0.01
0 0.631751 0.456364 0.01 0.01
0 0.635722 0.432835 0.01 0.01
0 0.631089 0.421070 0.01 0.01
0 0.640354 0.412835 0.01 0.01
0 0.633074 0.409306 0.01 0.01
0 0.651604 0.419894 0.01 0.01
0 0.646310 0.404600 0.01 0.01
0 0.648295 0.402247 0.01 0.01
0 0.639030 0.392835 0.01 0.01
0 0.646972 0.389306 0.01 0.01
0 0.646972 0.382247 0.01 0.01
0 0.638369 0.376364 0.01 0.01
0 0.667486 0.419894 0.01 0.01
0 0.639692 0.349306 0.01 0.01
0 0.642339 0.342247 0.01 0.01
0 0.593369 0.554011 0.01 0.01
0 0.615207 0.418717 0.01 0.01
0 0.607927 0.422247 0.01 0.01
0 0.627780 0.349306 0.01 0.01
0 0.623148 0.334011 0.01 0.01
0 0.629766 0.326953 0.01 0.01
0 0.641677 0.317541 0.01 0.01
0 0.650280 0.311658 0.01 0.01
0 0.582780 0.464600 0.01 0.01
0 0.582119 0.492835 0.01 0.01
0 0.724398 0.349306 0.01 0.01
0 0.704545 0.332835 0.01 0.01
0 0.719766 0.314011 0.01 0.01
0 0.693295 0.309306 0.01 0.01
0 0.681383 0.301070 0.01 0.01
0 0.703221 0.255188 0.01 0.01
0 0.705869 0.270482 0.01 0.01
0 0.677413 0.232835 0.01 0.01
0 0.643001 0.626953 0.01 0.01
0 0.629766 0.669306 0.01 0.01
0 0.619177 0.678717 0.01 0.01
0 0.611236 0.686953 0.01 0.01
0 0.597339 0.682247 0.01 0.01
0 0.606604 0.665776 0.01 0.01
0 0.617854 0.646953 0.01 0.01
0 0.621163 0.632835 0.01 0.01
0 0.594030 0.658717 0.01 0.01
0 0.588074 0.662247 0.01 0.01
0 0.593369 0.631658 0.01 0.01
0 0.585427 0.632835 0.01 0.01
0 0.587413 0.706953 0.01 0.01
0 0.581457 0.711658 0.01 0.01
0 0.571530 0.722247 0.01 0.01
0 0.574839 0.771658 0.01 0.01
0 0.554986 0.751658 0.01 0.01
0 0.551016 0.742247 0.01 0.01
0 0.544398 0.745776 0.01 0.01
0 0.513957 0.771658 0.01 0.01
0 0.506016 0.771658 0.01 0.01
0 0.539104 0.706953 0.01 0.01
0 0.551016 0.678717 0.01 0.01
0 0.516604 0.690482 0.01 0.01
0 0.505354 0.730482 0.01 0.01
0 0.490133 0.752835 0.01 0.01
0 0.533810 0.802247 0.01 0.01
0 0.523883 0.821070 0.01 0.01
0 0.476236 0.777541 0.01 0.01
0 0.482192 0.775188 0.01 0.01
0 0.494766 0.962247 0.01 0.01
0 0.468295 0.923423 0.01 0.01
0 0.452413 0.938717 0.01 0.01
0 0.504692 0.943423 0.01 0.01
0 0.514619 0.869306 0.01 0.01
0 0.496089 0.798717 0.01 0.01
0 0.476898 0.885776 0.01 0.01
0 0.575501 0.672835 0.01 0.01
0 0.516604 0.746953 0.01 0.01
0 0.573516 0.574011 0.01 0.01
0 0.523883 0.644600 0.01 0.01
0 0.521236 0.628129 0.01 0.01
0 0.531824 0.628129 0.01 0.01
0 0.544398 0.544600 0.01 0.01
0 0.547707 0.515188 0.01 0.01
0 0.529839 0.563423 0.01 0.01
0 0.513295 0.598717 0.01 0.01
0 0.551016 0.604600 0.01 0.01
0 0.621163 0.458717 0.01 0.01
0 0.558957 0.491658 0.01 0.01
0 0.554986 0.479894 0.01 0.01
0 0.559619 0.479894 0.01 0.01
0 0.549030 0.466953 0.01 0.01
0 0.558295 0.445776 0.01 0.01
0 0.554986 0.445776 0.01 0.01
0 0.562266 0.445776 0.01 0.01
0 0.533810 0.448129 0.01 0.01
0 0.577486 0.423423 0.01 0.01
0 0.562927 0.414011 0.01 0.01
0 0.545722 0.439894 0.01 0.01
0 0.554986 0.391658 0.01 0.01
0 0.613222 0.384600 0.01 0.01
0 0.519913 0.512835 0.01 0.01
0 0.514619 0.484600 0.01 0.01
0 0.488810 0.655188 0.01 0.01
0 0.485501 0.577541 0.01 0.01
0 0.466310 0.608129 0.01 0.01
0 0.461016 0.625776 0.01 0.01
0 0.441163 0.644600 0.01 0.01
0 0.430574 0.658717 0.01 0.01
0 0.427266 0.650482 0.01 0.01
0 0.439177 0.691658 0.01 0.01
0 0.439177 0.728129 0.01 0.01
0 0.450427 0.782247 0.01 0.01
0 0.433883 0.764600 0.01 0.01
0 0.425942 0.758717 0.01 0.01
0 0.424619 0.819894 0.01 0.01
0 0.422633 0.843423 0.01 0.01
0 0.407413 0.915188 0.01 0.01
0 0.390869 0.854011 0.01 0.01
0 0.386898 0.816364 0.01 0.01
0 0.400795 0.802247 0.01 0.01
0 0.406089 0.791659 0.01 0.01
0 0.383589 0.757541 0.01 0.01
0 0.389545 0.746953 0.01 0.01
0 0.387560 0.737541 0.01 0.01
0 0.404104 0.743423 0.01 0.01
0 0.398810 0.724600 0.01 0.01
0 0.407413 0.695188 0.01 0.01
0 0.385574 0.716364 0.01 0.01
0 0.380280 0.721070 0.01 0.01
0 0.374324 0.716364 0.01 0.01
0 0.370354 0.678717 0.01 0.01
0 0.369692 0.689306 0.01 0.01
0 0.365722 0.698717 0.01 0.01
0 0.358442 0.692835 0.01 0.01
0 0.353148 0.716364 0.01 0.01
0 0.358442 0.670482 0.01 0.01
0 0.357119 0.658717 0.01 0.01
0 0.353810 0.628129 0.01 0.01
0 0.349839 0.658717 0.01 0.01
0 0.345869 0.648129 0.01 0.01
0 0.334619 0.638717 0.01 0.01
0 0.326016 0.630482 0.01 0.01
0 0.316089 0.604600 0.01 0.01
0 0.320060 0.604600 0.01 0.01
0 0.341898 0.584600 0.01 0.01
0 0.326016 0.577541 0.01 0.01
0 0.309472 0.564600 0.01 0.01
0 0.308148 0.542247 0.01 0.01
0 0.302192 0.504600 0.01 0.01
0 0.304839 0.486953 0.01 0.01
0 0.296898 0.478717 0.01 0.01
0 0.326016 0.511658 0.01 0.01
0 0.337266 0.503423 0.01 0.01
0 0.347192 0.509306 0.01 0.01
0 0.376972 0.497541 0.01 0.01
0 0.369030 0.555188 0.01 0.01
0 0.389545 0.548129 0.01 0.01
0 0.357780 0.477541 0.01 0.01
0 0.399471 0.505776 0.01 0.01
0 0.402119 0.496364 0.01 0.01
0 0.385574 0.491658 0.01 0.01
0 0.382927 0.522247 0.01 0.01
0 0.416016 0.564600 0.01 0.01
0 0.418663 0.538717 0.01 0.01
0 0.460354 0.532835 0.01 0.01
0 0.468295 0.535188 0.01 0.01
0 0.476898 0.539894 0.01 0.01
0 0.474913 0.492835 0.01 0.01
0 0.466310 0.508129 0.01 0.01
0 0.448442 0.471658 0.01 0.01
0 0.445133 0.461070 0.01 0.01
0 0.441163 0.450482 0.01 0.01
0 0.429251 0.458717 0.01 0.01
0 0.406089 0.451659 0.01 0.01
0 0.494104 0.535188 0.01 0.01
0 0.355133 0.916364 0.01 0.01
0 0.338589 0.872835 0.01 0.01
0 0.331310 0.837541 0.01 0.01
0 0.323369 0.825776 0.01 0.01
0 0.312119 0.816364 0.01 0.01
0 0.304177 0.806953 0.01 0.01
0 0.322707 0.865776 0.01 0.01
0 0.308148 0.877541 0.01 0.01
0 0.323369 0.457541 0.01 0.01
0 0.306163 0.455188 0.01 0.01
0 0.314766 0.425776 0.01 0.01
0 0.311457 0.422247 0.01 0.01
0 0.302854 0.428129 0.01 0.01
0 0.332633 0.459894 0.01 0.01
0 0.412045 0.430482 0.01 0.01
0 0.409398 0.421070 0.01 0.01
0 0.343883 0.438717 0.01 0.01
0 0.401457 0.399894 0.01 0.01
0 0.382927 0.401070 0.01 0.01
0 0.359766 0.401070 0.01 0.01
0 0.337266 0.402247 0.01 0.01
0 0.326677 0.408129 0.01 0.01
0 0.306163 0.404600 0.01 0.01
0 0.316751 0.388129 0.01 0.01
0 0.311457 0.358717 0.01 0.01
0 0.320060 0.362247 0.01 0.01
0 0.331310 0.368129 0.01 0.01
0 0.312119 0.337541 0.01 0.01
0 0.331310 0.318717 0.01 0.01
0 0.335942 0.318717 0.01 0.01
0 0.330648 0.304600 0.01 0.01
0 0.335942 0.345776 0.01 0.01
0 0.347192 0.336364 0.01 0.01
0 0.349839 0.326953 0.01 0.01
0 0.359104 0.335188 0.01 0.01
0 0.357119 0.355188 0.01 0.01
0 0.380942 0.359894 0.01 0.01
0 0.406089 0.357541 0.01 0.01
0 0.415354 0.381070 0.01 0.01
0 0.429251 0.434011 0.01 0.01
0 0.437854 0.416364 0.01 0.01
0 0.437192 0.389306 0.01 0.01
0 0.437854 0.375188 0.01 0.01
0 0.426604 0.369306 0.01 0.01
0 0.461677 0.396364 0.01 0.01
0 0.490795 0.394011 0.01 0.01
0 0.497413 0.390482 0.01 0.01
0 0.486824 0.410482 0.01 0.01
0 0.511310 0.375188 0.01 0.01
0 0.518589 0.372835 0.01 0.01
0 0.521236 0.364600 0.01 0.01
0 0.551016 0.375188 0.01 0.01
0 0.542413 0.365776 0.01 0.01
0 0.528516 0.359894 0.01 0.01
0 0.539766 0.334011 0.01 0.01
0 0.520574 0.346953 0.01 0.01
0 0.508001 0.336364 0.01 0.01
0 0.498074 0.337541 0.01 0.01
0 0.489472 0.357541 0.01 0.01
0 0.486163 0.368129 0.01 0.01
0 0.470942 0.361070 0.01 0.01
0 0.479545 0.356364 0.01 0.01
0 0.459692 0.348129 0.01 0.01
0 0.484839 0.339894 0.01 0.01
0 0.483516 0.332835 0.01 0.01
0 0.535133 0.299894 0.01 0.01
0 0.515942 0.318717 0.01 0.01
0 0.510648 0.312835 0.01 0.01
0 0.505354 0.304600 0.01 0.01
0 0.508001 0.297541 0.01 0.01
0 0.593369 0.342247 0.01 0.01
0 0.582780 0.316364 0.01 0.01
0 0.566898 0.286953 0.01 0.01
0 0.584766 0.295188 0.01 0.01
0 0.621163 0.305776 0.01 0.01
0 0.609913 0.298717 0.01 0.01
0 0.602633 0.299894 0.01 0.01
0 0.594692 0.286953 0.01 0.01
0 0.598001 0.266953 0.01 0.01
0 0.580133 0.269306 0.01 0.01
0 0.637045 0.286953 0.01 0.01
0 0.619839 0.274011 0.01 0.01
0 0.613883 0.281070 0.01 0.01
0 0.679398 0.208129 0.01 0.01
0 0.654913 0.236364 0.01 0.01
0 0.664177 0.179894 0.01 0.01
0 0.664177 0.177541 0.01 0.01
0 0.640354 0.154011 0.01 0.01
0 0.637045 0.258717 0.01 0.01
0 0.622486 0.243423 0.01 0.01
0 0.618516 0.219894 0.01 0.01
0 0.612560 0.203423 0.01 0.01
0 0.595354 0.217541 0.01 0.01
0 0.590060 0.246953 0.01 0.01
0 0.572192 0.255188 0.01 0.01
0 0.578810 0.243423 0.01 0.01
0 0.586089 0.215188 0.01 0.01
0 0.572192 0.209306 0.01 0.01
0 0.566898 0.203423 0.01 0.01
0 0.565574 0.191659 0.01 0.01
0 0.562927 0.221070 0.01 0.01
0 0.556971 0.195188 0.01 0.01
0 0.556971 0.186953 0.01 0.01
0 0.562927 0.177541 0.01 0.01
0 0.543074 0.164600 0.01 0.01
0 0.545060 0.175188 0.01 0.01
0 0.549692 0.194011 0.01 0.01
0 0.536457 0.190482 0.01 0.01
0 0.535133 0.178717 0.01 0.01
0 0.556310 0.159894 0.01 0.01
0 0.599324 0.137541 0.01 0.01
0 0.604619 0.112835 0.01 0.01
0 0.613222 0.106953 0.01 0.01
0 0.619177 0.108129 0.01 0.01
0 0.618516 0.096364 0.01 0.01
0 0.528516 0.161070 0.01 0.01
0 0.521898 0.166953 0.01 0.01
0 0.523883 0.179894 0.01 0.01
0 0.527854 0.185776 0.01 0.01
0 0.528516 0.195188 0.01 0.01
0 0.524545 0.229306 0.01 0.01
0 0.529177 0.231659 0.01 0.01
0 0.535795 0.238717 0.01 0.01
0 0.544398 0.250482 0.01 0.01
0 0.535133 0.254011 0.01 0.01
0 0.534472 0.271658 0.01 0.01
0 0.510648 0.246953 0.01 0.01
0 0.513295 0.198717 0.01 0.01
0 0.504030 0.202247 0.01 0.01
0 0.504692 0.184600 0.01 0.01
0 0.516604 0.159894 0.01 0.01
0 0.509986 0.148129 0.01 0.01
0 0.502045 0.158717 0.01 0.01
0 0.490133 0.155188 0.01 0.01
0 0.469619 0.161070 0.01 0.01
0 0.469619 0.154011 0.01 0.01
0 0.466971 0.148129 0.01 0.01
0 0.476898 0.101070 0.01 0.01
0 0.491457 0.076364 0.01 0.01
0 0.506677 0.076364 0.01 0.01
0 0.545060 0.090482 0.01 0.01
0 0.558957 0.070482 0.01 0.01
0 0.570207 0.066953 0.01 0.01
0 0.576163 0.069306 0.01 0.01
0 0.486163 0.028129 0.01 0.01
0 0.433222 0.049306 0.01 0.01
0 0.443810 0.061070 0.01 0.01
0 0.437854 0.128129 0.01 0.01
0 0.465648 0.114011 0.01 0.01
0 0.498074 0.125776 0.01 0.01
0 0.459692 0.139894 0.01 0.01
0 0.455060 0.150482 0.01 0.01
0 0.444472 0.144600 0.01 0.01
0 0.453736 0.171659 0.01 0.01
0 0.442486 0.162247 0.01 0.01
0 0.442486 0.168129 0.01 0.01
0 0.464986 0.177541 0.01 0.01
0 0.483516 0.191659 0.01 0.01
0 0.489472 0.185776 0.01 0.01
0 0.494104 0.211658 0.01 0.01
0 0.486163 0.224600 0.01 0.01
0 0.483516 0.236364 0.01 0.01
0 0.488810 0.244600 0.01 0.01
0 0.486824 0.265776 0.01 0.01
0 0.473589 0.238717 0.01 0.01
0 0.458369 0.256364 0.01 0.01
0 0.455060 0.226953 0.01 0.01
0 0.436530 0.189306 0.01 0.01
0 0.435207 0.175188 0.01 0.01
0 0.428589 0.190482 0.01 0.01
0 0.426604 0.168129 0.01 0.01
0 0.421971 0.212835 0.01 0.01
0 0.418001 0.198717 0.01 0.01
0 0.406751 0.171659 0.01 0.01
0 0.374986 0.162247 0.01 0.01
0 0.355133 0.130482 0.01 0.01
0 0.385574 0.044600 0.01 0.01
0 0.347192 0.061070 0.01 0.01
0 0.330648 0.117541 0.01 0.01
0 0.389545 0.189306 0.01 0.01
0 0.389545 0.201070 0.01 0.01
0 0.380942 0.202247 0.01 0.01
0 0.356457 0.176364 0.01 0.01
0 0.358442 0.191659 0.01 0.01
0 0.343883 0.214011 0.01 0.01
0 0.362413 0.218717 0.01 0.01
0 0.365060 0.218717 0.01 0.01
0 0.372339 0.212835 0.01 0.01
0 0.379619 0.222247 0.01 0.01
0 0.337927 0.248129 0.01 0.01
0 0.335280 0.265776 0.01 0.01
0 0.335942 0.276364 0.01 0.01
0 0.335280 0.284600 0.01 0.01
0 0.339251 0.292835 0.01 0.01
0 0.358442 0.311658 0.01 0.01
0 0.359104 0.295188 0.01 0.01
0 0.354472 0.289306 0.01 0.01
0 0.355795 0.275188 0.01 0.01
0 0.384251 0.285776 0.01 0.01
0 0.371677 0.295188 0.01 0.01
0 0.374986 0.279894 0.01 0.01
0 0.367045 0.261070 0.01 0.01
0 0.367045 0.242247 0.01 0.01
0 0.393516 0.257541 0.01 0.01
0 0.392192 0.232835 0.01 0.01
0 0.386236 0.246953 0.01 0.01
0 0.365722 0.283423 0.01 0.01
0 0.350501 0.252835 0.01 0.01
0 0.416016 0.316364 0.01 0.01
0 0.463001 0.314011 0.01 0.01
0 0.453736 0.317541 0.01 0.01
0 0.441163 0.316364 0.01 0.01
0 0.455060 0.299894 0.01 0.01
0 0.447780 0.292835 0.01 0.01
0 0.429251 0.279894 0.01 0.01
0 0.419324 0.259894 0.01 0.01
0 0.414692 0.239894 0.01 0.01
0 0.414692 0.239894 0.01 0.01
0 0.412045 0.198717 0.01 0.01
0 0.406089 0.202247 0.01 0.01
0 0.407413 0.194011 0.01 0.01
0 0.403442 0.221070 0.01 0.01
0 0.426604 0.235188 0.01 0.01
0 0.406089 0.277541 0.01 0.01
0 0.415354 0.278717 0.01 0.01
0 0.414030 0.288129 0.01 0.01
0 0.476898 0.319894 0.01 0.01
0 0.526530 0.282247 0.01 0.01
0 0.459030 0.488129 0.01 0.01
0 0.286972 0.145776 0.01 0.01
0 0.286972 0.145776 0.01 0.01
0 0.302192 0.183423 0.01 0.01
0 0.284986 0.205776 0.01 0.01
0 0.238001 0.257541 0.01 0.01
0 0.216163 0.283423 0.01 0.01
0 0.288957 0.379894 0.01 0.01
0 0.285648 0.408129 0.01 0.01
0 0.286972 0.429306 0.01 0.01
0 0.236677 0.371659 0.01 0.01
0 0.197633 0.449306 0.01 0.01
0 0.191016 0.468129 0.01 0.01
0 0.194324 0.484600 0.01 0.01
0 0.203589 0.508129 0.01 0.01
0 0.216163 0.542247 0.01 0.01
0 0.231383 0.417541 0.01 0.01
0 0.249251 0.398717 0.01 0.01
0 0.282339 0.502247 0.01 0.01
0 0.270427 0.569306 0.01 0.01
0 0.299545 0.605776 0.01 0.01
0 0.290280 0.605776 0.01 0.01
0 0.271751 0.612835 0.01 0.01
0 0.245942 0.641070 0.01 0.01
0 0.246604 0.690482 0.01 0.01
0 0.245280 0.732835 0.01 0.01
0 0.231383 0.663423 0.01 0.01
0 0.225427 0.685776 0.01 0.01
0 0.214839 0.645776 0.01 0.01
0 0.223442 0.634011 0.01 0.01
0 0.204913 0.610482 0.01 0.01
0 0.257192 0.602247 0.01 0.01
0 0.517927 0.795188 0.01 0.01
0 0.533810 0.750482 0.01 0.01
0 0.462339 0.665776 0.01 0.01
0 0.504692 0.636364 0.01 0.01
0 0.499398 0.450482 0.01 0.01
0 0.472927 0.266953 0.01 0.01
0 0.506016 0.225776 0.01 0.01
0 0.271751 0.435188 0.01 0.01
0 0.249913 0.264600 0.01 0.01
0 0.615869 0.577541 0.01 0.01
0 0.500722 0.024600 0.01 0.01
0 0.472266 0.398717 0.01 0.01
0 0.257192 0.175188 0.01 0.01
