0 0.360938 0.922222 0.01 0.01
0 0.399219 0.916667 0.01 0.01
0 0.456250 0.959722 0.01 0.01
0 0.338281 0.886111 0.01 0.01
0 0.311719 0.881944 0.01 0.01
0 0.324219 0.872222 0.01 0.01
0 0.325000 0.844444 0.01 0.01
0 0.321094 0.834722 0.01 0.01
0 0.311719 0.826389 0.01 0.01
0 0.308594 0.819444 0.01 0.01
0 0.238281 0.723611 0.01 0.01
0 0.225781 0.704167 0.01 0.01
0 0.242969 0.684722 0.01 0.01
0 0.261719 0.693056 0.01 0.01
0 0.215625 0.661111 0.01 0.01
0 0.228125 0.643056 0.01 0.01
0 0.251563 0.640278 0.01 0.01
0 0.209375 0.619444 0.01 0.01
0 0.488281 0.968056 0.01 0.01
0 0.509375 0.954167 0.01 0.01
0 0.480469 0.929167 0.01 0.01
0 0.555469 0.931944 0.01 0.01
0 0.553906 0.918056 0.01 0.01
0 0.542969 0.919444 0.01 0.01
0 0.563281 0.895833 0.01 0.01
0 0.539062 0.904167 0.01 0.01
0 0.546094 0.877778 0.01 0.01
0 0.569531 0.854167 0.01 0.01
0 0.517969 0.877778 0.01 0.01
0 0.608594 0.838889 0.01 0.01
0 0.626562 0.847222 0.01 0.01
0 0.621094 0.834722 0.01 0.01
0 0.642187 0.844444 0.01 0.01
0 0.643750 0.815278 0.01 0.01
0 0.657812 0.830556 0.01 0.01
0 0.659375 0.798611 0.01 0.01
0 0.684375 0.762500 0.01 0.01
0 0.667188 0.756944 0.01 0.01
0 0.679688 0.731944 0.01 0.01
0 0.704687 0.704167 0.01 0.01
0 0.714063 0.668056 0.01 0.01
0 0.715625 0.619444 0.01 0.01
0 0.704687 0.612500 0.01 0.01
0 0.682813 0.656944 0.01 0.01
0 0.676562 0.709722 0.01 0.01
0 0.665625 0.691667 0.01 0.01
0 0.670313 0.675000 0.01 0.01
0 0.646875 0.695833 0.01 0.01
0 0.648438 0.708333 0.01 0.01
0 0.626562 0.759722 0.01 0.01
0 0.625000 0.804167 0.01 0.01
0 0.625000 0.791667 0.01 0.01
0 0.603906 0.773611 0.01 0.01
0 0.594531 0.811111 0.01 0.01
0 0.593750 0.745833 0.01 0.01
0 0.552344 0.787500 0.01 0.01
0 0.538281 0.781944 0.01 0.01
0 0.517969 0.823611 0.01 0.01
0 0.509375 0.795833 0.01 0.01
0 0.422656 0.838889 0.01 0.01
0 0.422656 0.812500 0.01 0.01
0 0.402344 0.841667 0.01 0.01
0 0.404687 0.806944 0.01 0.01
0 0.410156 0.791667 0.01 0.01
0 0.372656 0.798611 0.01 0.01
0 0.286719 0.633333 0.01 0.01
0 0.281250 0.619444 0.01 0.01
0 0.269531 0.622222 0.01 0.01
0 0.295312 0.679167 0.01 0.01
0 0.208594 0.515278 0.01 0.01
0 0.214844 0.516667 0.01 0.01
0 0.193750 0.500000 0.01 0.01
0 0.194531 0.459722 0.01 0.01
0 0.217969 0.412500 0.01 0.01
0 0.228125 0.422222 0.01 0.01
0 0.243750 0.381944 0.01 0.01
0 0.244531 0.408333 0.01 0.01
0 0.273438 0.565278 0.01 0.01
0 0.289062 0.551389 0.01 0.01
0 0.299219 0.565278 0.01 0.01
0 0.299219 0.605556 0.01 0.01
0 0.314063 0.609722 0.01 0.01
0 0.322656 0.601389 0.01 0.01
0 0.722656 0.652778 0.01 0.01
0 0.726562 0.619444 0.01 0.01
0 0.732031 0.601389 0.01 0.01
0 0.730469 0.576389 0.01 0.01
0 0.720312 0.559722 0.01 0.01
0 0.710156 0.537500 0.01 0.01
0 0.721094 0.523611 0.01 0.01
0 0.724219 0.509722 0.01 0.01
0 0.728125 0.502778 0.01 0.01
0 0.741406 0.483333 0.01 0.01
0 0.717969 0.500000 0.01 0.01
0 0.721094 0.475000 0.01 0.01
0 0.721094 0.462500 0.01 0.01
0 0.734375 0.416667 0.01 0.01
0 0.704687 0.502778 0.01 0.01
0 0.695312 0.558333 0.01 0.01
0 0.678125 0.577778 0.01 0.01
0 0.661719 0.631944 0.01 0.01
0 0.732031 0.387500 0.01 0.01
0 0.727344 0.356944 0.01 0.01
0 0.711719 0.379167 0.01 0.01
0 0.706250 0.411111 0.01 0.01
0 0.722656 0.329167 0.01 0.01
0 0.696875 0.304167 0.01 0.01
0 0.703906 0.258333 0.01 0.01
0 0.685156 0.223611 0.01 0.01
0 0.676562 0.208333 0.01 0.01
0 0.674219 0.279167 0.01 0.01
0 0.661719 0.255556 0.01 0.01
0 0.663281 0.173611 0.01 0.01
0 0.657812 0.163889 0.01 0.01
0 0.642969 0.143056 0.01 0.01
0 0.622656 0.116667 0.01 0.01
0 0.611719 0.108333 0.01 0.01
0 0.614062 0.100000 0.01 0.01
0 0.584375 0.100000 0.01 0.01
0 0.576563 0.088889 0.01 0.01
0 0.571094 0.094444 0.01 0.01
0 0.556250 0.043056 0.01 0.01
0 0.537500 0.109722 0.01 0.01
0 0.509375 0.090278 0.01 0.01
0 0.495313 0.080556 0.01 0.01
0 0.221094 0.280556 0.01 0.01
0 0.238281 0.265278 0.01 0.01
0 0.255469 0.273611 0.01 0.01
0 0.288281 0.195833 0.01 0.01
0 0.253125 0.197222 0.01 0.01
0 0.279687 0.145833 0.01 0.01
0 0.285156 0.144444 0.01 0.01
0 0.306250 0.183333 0.01 0.01
0 0.353906 0.093056 0.01 0.01
0 0.338281 0.076389 0.01 0.01
0 0.364844 0.141667 0.01 0.01
0 0.352344 0.177778 0.01 0.01
0 0.358594 0.181944 0.01 0.01
0 0.356250 0.190278 0.01 0.01
0 0.443750 0.104167 0.01 0.01
0 0.436719 0.077778 0.01 0.01
0 0.479688 0.104167 0.01 0.01
0 0.439844 0.043056 0.01 0.01
0 0.424219 0.022222 0.01 0.01
0 0.385156 0.038889 0.01 0.01
0 0.545313 0.034722 0.01 0.01
0 0.534375 0.030556 0.01 0.01
0 0.519531 0.043056 0.01 0.01
0 0.515625 0.034722 0.01 0.01
0 0.476562 0.025000 0.01 0.01
0 0.460938 0.020833 0.01 0.01
0 0.377344 0.750000 0.01 0.01
0 0.360938 0.695833 0.01 0.01
0 0.373437 0.693056 0.01 0.01
0 0.363281 0.670833 0.01 0.01
0 0.358594 0.658333 0.01 0.01
0 0.346875 0.650000 0.01 0.01
0 0.338281 0.638889 0.01 0.01
0 0.332812 0.634722 0.01 0.01
0 0.444531 0.690278 0.01 0.01
0 0.392188 0.734722 0.01 0.01
0 0.383594 0.733333 0.01 0.01
0 0.378125 0.716667 0.01 0.01
0 0.375000 0.723611 0.01 0.01
0 0.410156 0.750000 0.01 0.01
0 0.414062 0.740278 0.01 0.01
0 0.428125 0.763889 0.01 0.01
0 0.434375 0.769444 0.01 0.01
0 0.474219 0.777778 0.01 0.01
0 0.517187 0.777778 0.01 0.01
0 0.522656 0.768056 0.01 0.01
0 0.511719 0.773611 0.01 0.01
0 0.503906 0.761111 0.01 0.01
0 0.492969 0.752778 0.01 0.01
0 0.502344 0.747222 0.01 0.01
0 0.508594 0.731944 0.01 0.01
0 0.541406 0.759722 0.01 0.01
0 0.550781 0.765278 0.01 0.01
0 0.548437 0.756944 0.01 0.01
0 0.544531 0.750000 0.01 0.01
0 0.553906 0.747222 0.01 0.01
0 0.573438 0.720833 0.01 0.01
0 0.582812 0.701389 0.01 0.01
0 0.602344 0.684722 0.01 0.01
0 0.617188 0.683333 0.01 0.01
0 0.621875 0.675000 0.01 0.01
0 0.610156 0.670833 0.01 0.01
0 0.597656 0.661111 0.01 0.01
0 0.590625 0.663889 0.01 0.01
0 0.577344 0.675000 0.01 0.01
0 0.555469 0.680556 0.01 0.01
0 0.539844 0.702778 0.01 0.01
0 0.521094 0.688889 0.01 0.01
0 0.528906 0.651389 0.01 0.01
0 0.491406 0.654167 0.01 0.01
0 0.440625 0.727778 0.01 0.01
0 0.410156 0.698611 0.01 0.01
0 0.402344 0.726389 0.01 0.01
0 0.327344 0.577778 0.01 0.01
0 0.312500 0.558333 0.01 0.01
0 0.307813 0.543056 0.01 0.01
0 0.328125 0.511111 0.01 0.01
0 0.308594 0.505556 0.01 0.01
0 0.320312 0.477778 0.01 0.01
0 0.300000 0.451389 0.01 0.01
0 0.267969 0.436111 0.01 0.01
0 0.285937 0.416667 0.01 0.01
0 0.293750 0.361111 0.01 0.01
0 0.426562 0.647222 0.01 0.01
0 0.403906 0.611111 0.01 0.01
0 0.436719 0.645833 0.01 0.01
0 0.441406 0.648611 0.01 0.01
0 0.464063 0.665278 0.01 0.01
0 0.467969 0.609722 0.01 0.01
0 0.461719 0.586111 0.01 0.01
0 0.465625 0.540278 0.01 0.01
0 0.477344 0.541667 0.01 0.01
0 0.496875 0.536111 0.01 0.01
0 0.489062 0.579167 0.01 0.01
0 0.516406 0.508333 0.01 0.01
0 0.478125 0.497222 0.01 0.01
0 0.460938 0.505556 0.01 0.01
0 0.445312 0.458333 0.01 0.01
0 0.443750 0.448611 0.01 0.01
0 0.432813 0.465278 0.01 0.01
0 0.410156 0.455556 0.01 0.01
0 0.424219 0.538889 0.01 0.01
0 0.398438 0.561111 0.01 0.01
0 0.394531 0.545833 0.01 0.01
0 0.382031 0.555556 0.01 0.01
0 0.374219 0.548611 0.01 0.01
0 0.357812 0.616667 0.01 0.01
0 0.357812 0.626389 0.01 0.01
0 0.349219 0.570833 0.01 0.01
0 0.350781 0.563889 0.01 0.01
0 0.350000 0.511111 0.01 0.01
0 0.341406 0.520833 0.01 0.01
0 0.338281 0.506944 0.01 0.01
0 0.358594 0.486111 0.01 0.01
0 0.378906 0.501389 0.01 0.01
0 0.386719 0.522222 0.01 0.01
0 0.406250 0.519444 0.01 0.01
0 0.403906 0.500000 0.01 0.01
0 0.396875 0.479167 0.01 0.01
0 0.414062 0.431944 0.01 0.01
0 0.408594 0.420833 0.01 0.01
0 0.404687 0.404167 0.01 0.01
0 0.427344 0.427778 0.01 0.01
0 0.424219 0.376389 0.01 0.01
0 0.408594 0.361111 0.01 0.01
0 0.518750 0.627778 0.01 0.01
0 0.512500 0.629167 0.01 0.01
0 0.537500 0.611111 0.01 0.01
0 0.517187 0.597222 0.01 0.01
0 0.521875 0.562500 0.01 0.01
0 0.533594 0.556944 0.01 0.01
0 0.547656 0.544444 0.01 0.01
0 0.536719 0.543056 0.01 0.01
0 0.586719 0.630556 0.01 0.01
0 0.592969 0.633333 0.01 0.01
0 0.603125 0.648611 0.01 0.01
0 0.618750 0.650000 0.01 0.01
0 0.632812 0.637500 0.01 0.01
0 0.625000 0.637500 0.01 0.01
0 0.628906 0.626389 0.01 0.01
0 0.634375 0.611111 0.01 0.01
0 0.628906 0.613889 0.01 0.01
0 0.637500 0.597222 0.01 0.01
0 0.632812 0.595833 0.01 0.01
0 0.649219 0.593056 0.01 0.01
0 0.640625 0.584722 0.01 0.01
0 0.638281 0.576389 0.01 0.01
0 0.654688 0.568056 0.01 0.01
0 0.657031 0.562500 0.01 0.01
0 0.682813 0.481944 0.01 0.01
0 0.682031 0.447222 0.01 0.01
0 0.666406 0.400000 0.01 0.01
0 0.662500 0.333333 0.01 0.01
0 0.642187 0.297222 0.01 0.01
0 0.635156 0.298611 0.01 0.01
0 0.621875 0.230556 0.01 0.01
0 0.625000 0.225000 0.01 0.01
0 0.611719 0.200000 0.01 0.01
0 0.567187 0.184722 0.01 0.01
0 0.559375 0.172222 0.01 0.01
0 0.548437 0.151389 0.01 0.01
0 0.527344 0.140278 0.01 0.01
0 0.553125 0.613889 0.01 0.01
0 0.592969 0.559722 0.01 0.01
0 0.571094 0.566667 0.01 0.01
0 0.621094 0.613889 0.01 0.01
0 0.621875 0.572222 0.01 0.01
0 0.648438 0.559722 0.01 0.01
0 0.647656 0.550000 0.01 0.01
0 0.650000 0.545833 0.01 0.01
0 0.664844 0.516667 0.01 0.01
0 0.650781 0.520833 0.01 0.01
0 0.655469 0.516667 0.01 0.01
0 0.655469 0.505556 0.01 0.01
0 0.655469 0.493056 0.01 0.01
0 0.659375 0.476389 0.01 0.01
0 0.652344 0.468056 0.01 0.01
0 0.653125 0.450000 0.01 0.01
0 0.636719 0.540278 0.01 0.01
0 0.640625 0.538889 0.01 0.01
0 0.647656 0.529167 0.01 0.01
0 0.636719 0.520833 0.01 0.01
0 0.641406 0.515278 0.01 0.01
0 0.636719 0.494444 0.01 0.01
0 0.640625 0.490278 0.01 0.01
0 0.646094 0.483333 0.01 0.01
0 0.636719 0.473611 0.01 0.01
0 0.643750 0.468056 0.01 0.01
0 0.632812 0.458333 0.01 0.01
0 0.621875 0.461111 0.01 0.01
0 0.632812 0.438889 0.01 0.01
0 0.636719 0.434722 0.01 0.01
0 0.634375 0.419444 0.01 0.01
0 0.642969 0.413889 0.01 0.01
0 0.634375 0.409722 0.01 0.01
0 0.657812 0.411111 0.01 0.01
0 0.657031 0.402778 0.01 0.01
0 0.652344 0.397222 0.01 0.01
0 0.649219 0.402778 0.01 0.01
0 0.640625 0.397222 0.01 0.01
0 0.647656 0.384722 0.01 0.01
0 0.632031 0.380556 0.01 0.01
0 0.614844 0.419444 0.01 0.01
0 0.607031 0.415278 0.01 0.01
0 0.585156 0.525000 0.01 0.01
0 0.548437 0.516667 0.01 0.01
0 0.562500 0.493056 0.01 0.01
0 0.586719 0.470833 0.01 0.01
0 0.564062 0.448611 0.01 0.01
0 0.557031 0.448611 0.01 0.01
0 0.546875 0.441667 0.01 0.01
0 0.552344 0.427778 0.01 0.01
0 0.565625 0.422222 0.01 0.01
0 0.581250 0.425000 0.01 0.01
0 0.335938 0.459722 0.01 0.01
0 0.328125 0.488889 0.01 0.01
0 0.345313 0.438889 0.01 0.01
0 0.357812 0.415278 0.01 0.01
0 0.310937 0.451389 0.01 0.01
0 0.329688 0.409722 0.01 0.01
0 0.341406 0.402778 0.01 0.01
0 0.307813 0.419444 0.01 0.01
0 0.309375 0.408333 0.01 0.01
0 0.317187 0.430556 0.01 0.01
0 0.313281 0.426389 0.01 0.01
0 0.334375 0.370833 0.01 0.01
0 0.320312 0.386111 0.01 0.01
0 0.321875 0.366667 0.01 0.01
0 0.315625 0.361111 0.01 0.01
0 0.318750 0.340278 0.01 0.01
0 0.375781 0.375000 0.01 0.01
0 0.388281 0.373611 0.01 0.01
0 0.381250 0.359722 0.01 0.01
0 0.381250 0.369444 0.01 0.01
0 0.439063 0.377778 0.01 0.01
0 0.434375 0.376389 0.01 0.01
0 0.430469 0.370833 0.01 0.01
0 0.439844 0.420833 0.01 0.01
0 0.463281 0.400000 0.01 0.01
0 0.492188 0.425000 0.01 0.01
0 0.510938 0.405556 0.01 0.01
0 0.493750 0.394444 0.01 0.01
0 0.553125 0.390278 0.01 0.01
0 0.550781 0.380556 0.01 0.01
0 0.586719 0.295833 0.01 0.01
0 0.593750 0.287500 0.01 0.01
0 0.614844 0.280556 0.01 0.01
0 0.646875 0.366667 0.01 0.01
0 0.643750 0.370833 0.01 0.01
0 0.642187 0.377778 0.01 0.01
0 0.631250 0.365278 0.01 0.01
0 0.639844 0.356944 0.01 0.01
0 0.642187 0.348611 0.01 0.01
0 0.630469 0.329167 0.01 0.01
0 0.625781 0.343056 0.01 0.01
0 0.617188 0.323611 0.01 0.01
0 0.623438 0.308333 0.01 0.01
0 0.607031 0.309722 0.01 0.01
0 0.613281 0.311111 0.01 0.01
0 0.614844 0.302778 0.01 0.01
0 0.473437 0.363889 0.01 0.01
0 0.462500 0.350000 0.01 0.01
0 0.514844 0.486111 0.01 0.01
0 0.486719 0.375000 0.01 0.01
0 0.504687 0.370833 0.01 0.01
0 0.533594 0.359722 0.01 0.01
0 0.543750 0.362500 0.01 0.01
0 0.539062 0.337500 0.01 0.01
0 0.571094 0.286111 0.01 0.01
0 0.570312 0.311111 0.01 0.01
0 0.575781 0.301389 0.01 0.01
0 0.580469 0.305556 0.01 0.01
0 0.614844 0.386111 0.01 0.01
0 0.598437 0.269444 0.01 0.01
0 0.594531 0.255556 0.01 0.01
0 0.332812 0.262500 0.01 0.01
0 0.347656 0.259722 0.01 0.01
0 0.353906 0.255556 0.01 0.01
0 0.352344 0.245833 0.01 0.01
0 0.398438 0.183333 0.01 0.01
0 0.391406 0.190278 0.01 0.01
0 0.390625 0.201389 0.01 0.01
0 0.383594 0.206944 0.01 0.01
0 0.374219 0.218056 0.01 0.01
0 0.380469 0.229167 0.01 0.01
0 0.370313 0.237500 0.01 0.01
0 0.365625 0.222222 0.01 0.01
0 0.425781 0.216667 0.01 0.01
0 0.435937 0.200000 0.01 0.01
0 0.432813 0.191667 0.01 0.01
0 0.469531 0.181944 0.01 0.01
0 0.485938 0.194444 0.01 0.01
0 0.491406 0.188889 0.01 0.01
0 0.495313 0.212500 0.01 0.01
0 0.507812 0.202778 0.01 0.01
0 0.504687 0.191667 0.01 0.01
0 0.517969 0.220833 0.01 0.01
0 0.512500 0.244444 0.01 0.01
0 0.515625 0.272222 0.01 0.01
0 0.531250 0.230556 0.01 0.01
0 0.534375 0.227778 0.01 0.01
0 0.544531 0.243056 0.01 0.01
0 0.542969 0.256944 0.01 0.01
0 0.537500 0.273611 0.01 0.01
0 0.528125 0.283333 0.01 0.01
0 0.539844 0.301389 0.01 0.01
0 0.550781 0.288889 0.01 0.01
0 0.574219 0.255556 0.01 0.01
0 0.582031 0.247222 0.01 0.01
0 0.608594 0.252778 0.01 0.01
0 0.603906 0.240278 0.01 0.01
0 0.585156 0.275000 0.01 0.01
0 0.591406 0.213889 0.01 0.01
0 0.564062 0.233333 0.01 0.01
0 0.552344 0.231944 0.01 0.01
0 0.563281 0.208333 0.01 0.01
0 0.565625 0.194444 0.01 0.01
0 0.557813 0.197222 0.01 0.01
0 0.554688 0.190278 0.01 0.01
0 0.545313 0.184722 0.01 0.01
0 0.541406 0.191667 0.01 0.01
0 0.547656 0.175000 0.01 0.01
0 0.532812 0.194444 0.01 0.01
0 0.527344 0.194444 0.01 0.01
0 0.538281 0.176389 0.01 0.01
0 0.533594 0.170833 0.01 0.01
0 0.524219 0.165278 0.01 0.01
0 0.518750 0.172222 0.01 0.01
0 0.513281 0.159722 0.01 0.01
0 0.505469 0.158333 0.01 0.01
0 0.501562 0.141667 0.01 0.01
0 0.491406 0.161111 0.01 0.01
0 0.529688 0.387500 0.01 0.01
0 0.522656 0.380556 0.01 0.01
0 0.525781 0.369444 0.01 0.01
0 0.514844 0.381944 0.01 0.01
0 0.521094 0.361111 0.01 0.01
0 0.522656 0.347222 0.01 0.01
0 0.514844 0.350000 0.01 0.01
0 0.507031 0.338889 0.01 0.01
0 0.517969 0.320833 0.01 0.01
0 0.512500 0.313889 0.01 0.01
0 0.507031 0.313889 0.01 0.01
0 0.499219 0.327778 0.01 0.01
0 0.479688 0.356944 0.01 0.01
0 0.476562 0.322222 0.01 0.01
0 0.485938 0.340278 0.01 0.01
0 0.457812 0.320833 0.01 0.01
0 0.443750 0.316667 0.01 0.01
0 0.448438 0.312500 0.01 0.01
0 0.456250 0.300000 0.01 0.01
0 0.449219 0.294444 0.01 0.01
0 0.434375 0.277778 0.01 0.01
0 0.443750 0.272222 0.01 0.01
0 0.450781 0.261111 0.01 0.01
0 0.474219 0.275000 0.01 0.01
0 0.490625 0.262500 0.01 0.01
0 0.486719 0.266667 0.01 0.01
0 0.491406 0.240278 0.01 0.01
0 0.489844 0.229167 0.01 0.01
0 0.477344 0.245833 0.01 0.01
0 0.475781 0.159722 0.01 0.01
0 0.455469 0.231944 0.01 0.01
0 0.464063 0.158333 0.01 0.01
0 0.464063 0.140278 0.01 0.01
0 0.455469 0.170833 0.01 0.01
0 0.450000 0.176389 0.01 0.01
0 0.444531 0.162500 0.01 0.01
0 0.457031 0.159722 0.01 0.01
0 0.439844 0.137500 0.01 0.01
0 0.428125 0.237500 0.01 0.01
0 0.423438 0.263889 0.01 0.01
0 0.417969 0.320833 0.01 0.01
0 0.407813 0.318056 0.01 0.01
0 0.414844 0.294444 0.01 0.01
0 0.417969 0.281944 0.01 0.01
0 0.410156 0.277778 0.01 0.01
0 0.412500 0.241667 0.01 0.01
0 0.419531 0.237500 0.01 0.01
0 0.408594 0.220833 0.01 0.01
0 0.421094 0.202778 0.01 0.01
0 0.360156 0.362500 0.01 0.01
0 0.361719 0.340278 0.01 0.01
0 0.369531 0.312500 0.01 0.01
0 0.375781 0.297222 0.01 0.01
0 0.355469 0.333333 0.01 0.01
0 0.353906 0.333333 0.01 0.01
0 0.351562 0.331944 0.01 0.01
0 0.341406 0.343056 0.01 0.01
0 0.341406 0.333333 0.01 0.01
0 0.337500 0.323611 0.01 0.01
0 0.332812 0.326389 0.01 0.01
0 0.334375 0.297222 0.01 0.01
0 0.342187 0.293056 0.01 0.01
0 0.339063 0.286111 0.01 0.01
0 0.354688 0.315278 0.01 0.01
0 0.359375 0.308333 0.01 0.01
0 0.354688 0.304167 0.01 0.01
0 0.367969 0.287500 0.01 0.01
0 0.371094 0.262500 0.01 0.01
0 0.393750 0.259722 0.01 0.01
0 0.374219 0.250000 0.01 0.01
0 0.396094 0.243056 0.01 0.01
0 0.380469 0.244444 0.01 0.01
0 0.361719 0.273611 0.01 0.01
0 0.358594 0.266667 0.01 0.01
0 0.357031 0.287500 0.01 0.01
0 0.357031 0.294444 0.01 0.01
0 0.332031 0.312500 0.01 0.01
0 0.423438 0.166667 0.01 0.01
0 0.429688 0.168056 0.01 0.01
0 0.439844 0.170833 0.01 0.01
0 0.407813 0.195833 0.01 0.01
0 0.407813 0.204167 0.01 0.01
0 0.412500 0.194444 0.01 0.01
0 0.412500 0.201389 0.01 0.01
0 0.385938 0.281944 0.01 0.01
0 0.378125 0.287500 0.01 0.01
0 0.385156 0.288889 0.01 0.01
0 0.551562 0.468056 0.01 0.01
0 0.557813 0.487500 0.01 0.01
0 0.556250 0.481944 0.01 0.01
0 0.562500 0.481944 0.01 0.01
0 0.634375 0.125000 0.01 0.01
0 0.615625 0.106944 0.01 0.01
0 0.589063 0.248611 0.01 0.01
0 0.496875 0.118056 0.01 0.01
0 0.470313 0.881944 0.01 0.01
0 0.489844 0.937500 0.01 0.01
0 0.710156 0.288889 0.01 0.01
0 0.679688 0.794444 0.01 0.01
0 0.721875 0.293056 0.01 0.01
