0 0.215501 0.658717 0.01 0.01
0 0.221457 0.639894 0.01 0.01
0 0.225427 0.690482 0.01 0.01
0 0.236016 0.671659 0.01 0.01
0 0.256530 0.688129 0.01 0.01
0 0.250574 0.637541 0.01 0.01
0 0.243957 0.729306 0.01 0.01
0 0.206898 0.615188 0.01 0.01
0 0.217486 0.526953 0.01 0.01
0 0.203589 0.511658 0.01 0.01
0 0.193001 0.492835 0.01 0.01
0 0.192339 0.464600 0.01 0.01
0 0.204251 0.428129 0.01 0.01
0 0.231383 0.418717 0.01 0.01
0 0.245942 0.402247 0.01 0.01
0 0.239324 0.377541 0.01 0.01
0 0.219471 0.283423 0.01 0.01
0 0.240648 0.261070 0.01 0.01
0 0.257192 0.184600 0.01 0.01
0 0.251898 0.269306 0.01 0.01
0 0.285648 0.201070 0.01 0.01
0 0.302192 0.183423 0.01 0.01
0 0.281677 0.146953 0.01 0.01
0 0.283663 0.146953 0.01 0.01
0 0.357119 0.136364 0.01 0.01
0 0.339251 0.108129 0.01 0.01
0 0.340574 0.071658 0.01 0.01
0 0.384913 0.034011 0.01 0.01
0 0.436530 0.048129 0.01 0.01
0 0.443810 0.065776 0.01 0.01
0 0.482192 0.026953 0.01 0.01
0 0.440501 0.119894 0.01 0.01
0 0.453074 0.124600 0.01 0.01
0 0.477560 0.103423 0.01 0.01
0 0.507339 0.082247 0.01 0.01
0 0.492119 0.082247 0.01 0.01
0 0.496751 0.121070 0.01 0.01
0 0.543736 0.099894 0.01 0.01
0 0.560942 0.082247 0.01 0.01
0 0.573516 0.081070 0.01 0.01
0 0.619177 0.099894 0.01 0.01
0 0.615869 0.110482 0.01 0.01
0 0.620501 0.117541 0.01 0.01
0 0.611898 0.122247 0.01 0.01
0 0.609251 0.110482 0.01 0.01
0 0.580795 0.128129 0.01 0.01
0 0.659545 0.169306 0.01 0.01
0 0.664839 0.177541 0.01 0.01
0 0.683369 0.204600 0.01 0.01
0 0.680722 0.229306 0.01 0.01
0 0.658222 0.250482 0.01 0.01
0 0.705869 0.256364 0.01 0.01
0 0.674766 0.290482 0.01 0.01
0 0.711163 0.277541 0.01 0.01
0 0.660869 0.335188 0.01 0.01
0 0.693295 0.310482 0.01 0.01
0 0.717780 0.321070 0.01 0.01
0 0.708516 0.366953 0.01 0.01
0 0.725060 0.350482 0.01 0.01
0 0.731016 0.389306 0.01 0.01
0 0.734986 0.422247 0.01 0.01
0 0.711824 0.408129 0.01 0.01
0 0.718442 0.455188 0.01 0.01
0 0.707192 0.446953 0.01 0.01
0 0.682045 0.445776 0.01 0.01
0 0.683369 0.464600 0.01 0.01
0 0.717780 0.477541 0.01 0.01
0 0.738957 0.485776 0.01 0.01
0 0.730354 0.491658 0.01 0.01
0 0.725060 0.504600 0.01 0.01
0 0.713148 0.522247 0.01 0.01
0 0.701898 0.516364 0.01 0.01
0 0.723074 0.528129 0.01 0.01
0 0.717119 0.563423 0.01 0.01
0 0.711163 0.548129 0.01 0.01
0 0.695280 0.554011 0.01 0.01
0 0.728369 0.577541 0.01 0.01
0 0.730354 0.601070 0.01 0.01
0 0.714472 0.615188 0.01 0.01
0 0.720427 0.621070 0.01 0.01
0 0.704545 0.632835 0.01 0.01
0 0.723074 0.635188 0.01 0.01
0 0.675427 0.601070 0.01 0.01
0 0.658222 0.631658 0.01 0.01
0 0.682707 0.648129 0.01 0.01
0 0.714472 0.669306 0.01 0.01
0 0.704545 0.708129 0.01 0.01
0 0.664177 0.690482 0.01 0.01
0 0.656236 0.699894 0.01 0.01
0 0.646972 0.701070 0.01 0.01
0 0.646310 0.715188 0.01 0.01
0 0.668810 0.724600 0.01 0.01
0 0.662854 0.745776 0.01 0.01
0 0.686016 0.742247 0.01 0.01
0 0.680060 0.756364 0.01 0.01
0 0.652266 0.799894 0.01 0.01
0 0.653589 0.825776 0.01 0.01
0 0.648957 0.825776 0.01 0.01
0 0.627119 0.839894 0.01 0.01
0 0.617192 0.830482 0.01 0.01
0 0.596016 0.850482 0.01 0.01
0 0.598663 0.806953 0.01 0.01
0 0.606604 0.765776 0.01 0.01
0 0.624472 0.791659 0.01 0.01
0 0.620501 0.775188 0.01 0.01
0 0.641677 0.838717 0.01 0.01
0 0.563589 0.850482 0.01 0.01
0 0.568222 0.856364 0.01 0.01
0 0.545722 0.899894 0.01 0.01
0 0.542413 0.889306 0.01 0.01
0 0.554324 0.902247 0.01 0.01
0 0.540427 0.916364 0.01 0.01
0 0.543736 0.926953 0.01 0.01
0 0.545722 0.928129 0.01 0.01
0 0.548369 0.935188 0.01 0.01
0 0.506016 0.945776 0.01 0.01
0 0.491457 0.968129 0.01 0.01
0 0.470942 0.926953 0.01 0.01
0 0.453736 0.950482 0.01 0.01
0 0.513957 0.872835 0.01 0.01
0 0.407413 0.921070 0.01 0.01
0 0.354472 0.922247 0.01 0.01
0 0.338589 0.878717 0.01 0.01
0 0.306824 0.879894 0.01 0.01
0 0.326677 0.839894 0.01 0.01
0 0.321383 0.831658 0.01 0.01
0 0.310133 0.817541 0.01 0.01
0 0.308148 0.811659 0.01 0.01
0 0.380942 0.811659 0.01 0.01
0 0.393516 0.852835 0.01 0.01
0 0.423295 0.841070 0.01 0.01
0 0.423295 0.817541 0.01 0.01
0 0.409398 0.788129 0.01 0.01
0 0.380280 0.758717 0.01 0.01
0 0.290280 0.622247 0.01 0.01
0 0.279030 0.615188 0.01 0.01
0 0.270427 0.568129 0.01 0.01
0 0.300869 0.603423 0.01 0.01
0 0.284324 0.504600 0.01 0.01
0 0.288957 0.491658 0.01 0.01
0 0.265133 0.441070 0.01 0.01
0 0.285648 0.408129 0.01 0.01
0 0.290942 0.375188 0.01 0.01
0 0.297560 0.468129 0.01 0.01
0 0.304177 0.451659 0.01 0.01
0 0.310133 0.448129 0.01 0.01
0 0.314104 0.429306 0.01 0.01
0 0.311457 0.423423 0.01 0.01
0 0.304177 0.423423 0.01 0.01
0 0.307486 0.405776 0.01 0.01
0 0.325354 0.409306 0.01 0.01
0 0.339251 0.403423 0.01 0.01
0 0.318074 0.386953 0.01 0.01
0 0.333295 0.369306 0.01 0.01
0 0.319398 0.365776 0.01 0.01
0 0.314104 0.363423 0.01 0.01
0 0.341236 0.345776 0.01 0.01
0 0.337927 0.338717 0.01 0.01
0 0.336604 0.328129 0.01 0.01
0 0.331971 0.328129 0.01 0.01
0 0.328663 0.312835 0.01 0.01
0 0.332633 0.291658 0.01 0.01
0 0.341236 0.291658 0.01 0.01
0 0.335280 0.283423 0.01 0.01
0 0.316751 0.341070 0.01 0.01
0 0.339913 0.238717 0.01 0.01
0 0.345869 0.244600 0.01 0.01
0 0.350501 0.252835 0.01 0.01
0 0.341898 0.258717 0.01 0.01
0 0.357119 0.357541 0.01 0.01
0 0.361751 0.337541 0.01 0.01
0 0.352486 0.334011 0.01 0.01
0 0.352486 0.334011 0.01 0.01
0 0.350501 0.315188 0.01 0.01
0 0.362413 0.310482 0.01 0.01
0 0.360427 0.301070 0.01 0.01
0 0.355133 0.294011 0.01 0.01
0 0.355795 0.289306 0.01 0.01
0 0.359104 0.278717 0.01 0.01
0 0.357119 0.270482 0.01 0.01
0 0.370354 0.303423 0.01 0.01
0 0.373001 0.295188 0.01 0.01
0 0.367045 0.285776 0.01 0.01
0 0.374986 0.283423 0.01 0.01
0 0.382266 0.283423 0.01 0.01
0 0.368369 0.259894 0.01 0.01
0 0.369692 0.246953 0.01 0.01
0 0.365060 0.218717 0.01 0.01
0 0.373001 0.215188 0.01 0.01
0 0.377633 0.226953 0.01 0.01
0 0.378957 0.198717 0.01 0.01
0 0.379619 0.208129 0.01 0.01
0 0.382266 0.196364 0.01 0.01
0 0.388222 0.199894 0.01 0.01
0 0.392192 0.191659 0.01 0.01
0 0.400133 0.178717 0.01 0.01
0 0.392192 0.257541 0.01 0.01
0 0.383589 0.248129 0.01 0.01
0 0.393516 0.242247 0.01 0.01
0 0.406751 0.222247 0.01 0.01
0 0.404766 0.201070 0.01 0.01
0 0.408074 0.203423 0.01 0.01
0 0.409398 0.196364 0.01 0.01
0 0.425280 0.216364 0.01 0.01
0 0.419324 0.201070 0.01 0.01
0 0.432560 0.199894 0.01 0.01
0 0.429913 0.186953 0.01 0.01
0 0.429913 0.172835 0.01 0.01
0 0.423295 0.163423 0.01 0.01
0 0.437192 0.185776 0.01 0.01
0 0.438516 0.175188 0.01 0.01
0 0.453736 0.169306 0.01 0.01
0 0.455060 0.150482 0.01 0.01
0 0.460354 0.151658 0.01 0.01
0 0.466310 0.154011 0.01 0.01
0 0.472927 0.154011 0.01 0.01
0 0.445795 0.161070 0.01 0.01
0 0.444472 0.154011 0.01 0.01
0 0.453074 0.231659 0.01 0.01
0 0.455060 0.231659 0.01 0.01
0 0.489472 0.157541 0.01 0.01
0 0.464986 0.179894 0.01 0.01
0 0.500722 0.158717 0.01 0.01
0 0.508663 0.152835 0.01 0.01
0 0.515280 0.161070 0.01 0.01
0 0.524545 0.166953 0.01 0.01
0 0.539104 0.171659 0.01 0.01
0 0.531163 0.181070 0.01 0.01
0 0.524545 0.189306 0.01 0.01
0 0.529839 0.189306 0.01 0.01
0 0.531824 0.201070 0.01 0.01
0 0.542413 0.184600 0.01 0.01
0 0.550354 0.190482 0.01 0.01
0 0.552339 0.192835 0.01 0.01
0 0.556310 0.192835 0.01 0.01
0 0.558957 0.165776 0.01 0.01
0 0.562266 0.205776 0.01 0.01
0 0.588074 0.194011 0.01 0.01
0 0.608589 0.203423 0.01 0.01
0 0.618516 0.223423 0.01 0.01
0 0.623148 0.238717 0.01 0.01
0 0.484839 0.194011 0.01 0.01
0 0.491457 0.190482 0.01 0.01
0 0.504692 0.186953 0.01 0.01
0 0.508001 0.203423 0.01 0.01
0 0.494766 0.211658 0.01 0.01
0 0.488148 0.224600 0.01 0.01
0 0.499398 0.258717 0.01 0.01
0 0.486163 0.268129 0.01 0.01
0 0.475574 0.239894 0.01 0.01
0 0.474913 0.269306 0.01 0.01
0 0.471604 0.283423 0.01 0.01
0 0.452413 0.263423 0.01 0.01
0 0.427927 0.238717 0.01 0.01
0 0.414030 0.237541 0.01 0.01
0 0.421971 0.261070 0.01 0.01
0 0.407413 0.282247 0.01 0.01
0 0.417339 0.282247 0.01 0.01
0 0.415354 0.290482 0.01 0.01
0 0.432560 0.283423 0.01 0.01
0 0.449104 0.294011 0.01 0.01
0 0.455060 0.302247 0.01 0.01
0 0.443810 0.315188 0.01 0.01
0 0.455060 0.319894 0.01 0.01
0 0.474913 0.323423 0.01 0.01
0 0.378957 0.389306 0.01 0.01
0 0.376972 0.369306 0.01 0.01
0 0.380942 0.371659 0.01 0.01
0 0.381604 0.363423 0.01 0.01
0 0.405427 0.361070 0.01 0.01
0 0.417339 0.321070 0.01 0.01
0 0.411383 0.319894 0.01 0.01
0 0.358442 0.405776 0.01 0.01
0 0.343883 0.441070 0.01 0.01
0 0.334619 0.457541 0.01 0.01
0 0.326677 0.472835 0.01 0.01
0 0.306163 0.485776 0.01 0.01
0 0.303516 0.506953 0.01 0.01
0 0.308148 0.546953 0.01 0.01
0 0.310795 0.564600 0.01 0.01
0 0.312780 0.605776 0.01 0.01
0 0.321383 0.606953 0.01 0.01
0 0.327339 0.579894 0.01 0.01
0 0.344545 0.578717 0.01 0.01
0 0.324030 0.512835 0.01 0.01
0 0.339251 0.506953 0.01 0.01
0 0.359104 0.481070 0.01 0.01
0 0.378295 0.496364 0.01 0.01
0 0.370354 0.552835 0.01 0.01
0 0.376972 0.558717 0.01 0.01
0 0.394839 0.559894 0.01 0.01
0 0.384251 0.522247 0.01 0.01
0 0.388883 0.478717 0.01 0.01
0 0.404766 0.515188 0.01 0.01
0 0.404104 0.503423 0.01 0.01
0 0.421971 0.539894 0.01 0.01
0 0.410060 0.455188 0.01 0.01
0 0.412707 0.428129 0.01 0.01
0 0.407413 0.419894 0.01 0.01
0 0.399471 0.398717 0.01 0.01
0 0.419324 0.371659 0.01 0.01
0 0.430574 0.374011 0.01 0.01
0 0.436530 0.384600 0.01 0.01
0 0.435869 0.417541 0.01 0.01
0 0.426604 0.435188 0.01 0.01
0 0.428589 0.464600 0.01 0.01
0 0.439177 0.448129 0.01 0.01
0 0.441824 0.454011 0.01 0.01
0 0.465648 0.505776 0.01 0.01
0 0.448442 0.474011 0.01 0.01
0 0.353810 0.621070 0.01 0.01
0 0.363074 0.631658 0.01 0.01
0 0.357780 0.655188 0.01 0.01
0 0.361751 0.675188 0.01 0.01
0 0.350501 0.655188 0.01 0.01
0 0.345869 0.643423 0.01 0.01
0 0.339913 0.651658 0.01 0.01
0 0.335942 0.635188 0.01 0.01
0 0.358442 0.696364 0.01 0.01
0 0.369692 0.688129 0.01 0.01
0 0.368369 0.697541 0.01 0.01
0 0.378957 0.699894 0.01 0.01
0 0.403442 0.756364 0.01 0.01
0 0.406089 0.739894 0.01 0.01
0 0.387560 0.731659 0.01 0.01
0 0.378295 0.729306 0.01 0.01
0 0.379619 0.724600 0.01 0.01
0 0.384913 0.722247 0.01 0.01
0 0.410060 0.702247 0.01 0.01
0 0.399471 0.719894 0.01 0.01
0 0.438516 0.728129 0.01 0.01
0 0.424619 0.652835 0.01 0.01
0 0.431236 0.652835 0.01 0.01
0 0.440501 0.645776 0.01 0.01
0 0.406751 0.594011 0.01 0.01
0 0.443148 0.692835 0.01 0.01
0 0.424619 0.755188 0.01 0.01
0 0.436530 0.766953 0.01 0.01
0 0.475574 0.781070 0.01 0.01
0 0.492119 0.769306 0.01 0.01
0 0.492780 0.754011 0.01 0.01
0 0.447119 0.779894 0.01 0.01
0 0.402119 0.806953 0.01 0.01
0 0.505354 0.798717 0.01 0.01
0 0.510648 0.772835 0.01 0.01
0 0.514619 0.772835 0.01 0.01
0 0.519251 0.817541 0.01 0.01
0 0.536457 0.755188 0.01 0.01
0 0.545060 0.745776 0.01 0.01
0 0.560280 0.754011 0.01 0.01
0 0.552339 0.745776 0.01 0.01
0 0.531163 0.746953 0.01 0.01
0 0.508663 0.731659 0.01 0.01
0 0.498074 0.748129 0.01 0.01
0 0.490133 0.656364 0.01 0.01
0 0.516604 0.689306 0.01 0.01
0 0.538442 0.705776 0.01 0.01
0 0.523883 0.646953 0.01 0.01
0 0.520574 0.634011 0.01 0.01
0 0.507339 0.630482 0.01 0.01
0 0.465648 0.609306 0.01 0.01
0 0.461016 0.603423 0.01 0.01
0 0.464986 0.538717 0.01 0.01
0 0.473589 0.498717 0.01 0.01
0 0.460354 0.399894 0.01 0.01
0 0.461016 0.346953 0.01 0.01
0 0.472266 0.362247 0.01 0.01
0 0.479545 0.352835 0.01 0.01
0 0.481530 0.338717 0.01 0.01
0 0.484177 0.336364 0.01 0.01
0 0.484839 0.371659 0.01 0.01
0 0.492780 0.394011 0.01 0.01
0 0.488148 0.419894 0.01 0.01
0 0.502045 0.381070 0.01 0.01
0 0.499398 0.334011 0.01 0.01
0 0.506677 0.337541 0.01 0.01
0 0.511972 0.314011 0.01 0.01
0 0.503369 0.305776 0.01 0.01
0 0.518589 0.374011 0.01 0.01
0 0.522560 0.365776 0.01 0.01
0 0.519251 0.363423 0.01 0.01
0 0.511972 0.348129 0.01 0.01
0 0.535795 0.336364 0.01 0.01
0 0.537780 0.302247 0.01 0.01
0 0.535795 0.303423 0.01 0.01
0 0.525207 0.285776 0.01 0.01
0 0.537119 0.272835 0.01 0.01
0 0.515280 0.265776 0.01 0.01
0 0.490795 0.243423 0.01 0.01
0 0.512633 0.248129 0.01 0.01
0 0.508001 0.235188 0.01 0.01
0 0.515942 0.212835 0.01 0.01
0 0.527192 0.223423 0.01 0.01
0 0.533148 0.228129 0.01 0.01
0 0.541089 0.242247 0.01 0.01
0 0.539104 0.256364 0.01 0.01
0 0.563589 0.226953 0.01 0.01
0 0.566236 0.185776 0.01 0.01
0 0.552339 0.229306 0.01 0.01
0 0.577486 0.243423 0.01 0.01
0 0.570207 0.252835 0.01 0.01
0 0.587413 0.248129 0.01 0.01
0 0.568222 0.286953 0.01 0.01
0 0.580795 0.305776 0.01 0.01
0 0.580795 0.305776 0.01 0.01
0 0.584766 0.291658 0.01 0.01
0 0.594030 0.284600 0.01 0.01
0 0.581457 0.266953 0.01 0.01
0 0.595354 0.265776 0.01 0.01
0 0.612560 0.258717 0.01 0.01
0 0.617854 0.262247 0.01 0.01
0 0.613222 0.275188 0.01 0.01
0 0.542413 0.361070 0.01 0.01
0 0.548369 0.370482 0.01 0.01
0 0.553663 0.382247 0.01 0.01
0 0.529839 0.359894 0.01 0.01
0 0.517927 0.345776 0.01 0.01
0 0.539766 0.439894 0.01 0.01
0 0.513957 0.489306 0.01 0.01
0 0.517927 0.508129 0.01 0.01
0 0.492780 0.537541 0.01 0.01
0 0.511972 0.595188 0.01 0.01
0 0.533810 0.623423 0.01 0.01
0 0.530501 0.556364 0.01 0.01
0 0.544398 0.544600 0.01 0.01
0 0.549692 0.512835 0.01 0.01
0 0.562927 0.490482 0.01 0.01
0 0.553001 0.485776 0.01 0.01
0 0.559619 0.479894 0.01 0.01
0 0.555648 0.446953 0.01 0.01
0 0.562266 0.445776 0.01 0.01
0 0.564251 0.414011 0.01 0.01
0 0.580795 0.428129 0.01 0.01
0 0.593369 0.550482 0.01 0.01
0 0.582119 0.499894 0.01 0.01
0 0.584104 0.631658 0.01 0.01
0 0.592707 0.632835 0.01 0.01
0 0.594030 0.659894 0.01 0.01
0 0.586751 0.662247 0.01 0.01
0 0.576163 0.671659 0.01 0.01
0 0.549692 0.681070 0.01 0.01
0 0.571530 0.721070 0.01 0.01
0 0.580133 0.702247 0.01 0.01
0 0.588074 0.711658 0.01 0.01
0 0.584104 0.759894 0.01 0.01
0 0.543074 0.794011 0.01 0.01
0 0.523883 0.786953 0.01 0.01
0 0.320722 0.870482 0.01 0.01
0 0.347854 0.510482 0.01 0.01
0 0.464986 0.665776 0.01 0.01
0 0.484839 0.576364 0.01 0.01
0 0.504692 0.430482 0.01 0.01
0 0.517266 0.559894 0.01 0.01
0 0.553001 0.609306 0.01 0.01
0 0.584766 0.468129 0.01 0.01
0 0.590721 0.463423 0.01 0.01
0 0.571530 0.569306 0.01 0.01
0 0.567560 0.319894 0.01 0.01
0 0.638369 0.319894 0.01 0.01
0 0.635060 0.303423 0.01 0.01
0 0.623810 0.306953 0.01 0.01
0 0.613883 0.302247 0.01 0.01
0 0.603957 0.310482 0.01 0.01
0 0.618516 0.318717 0.01 0.01
0 0.629104 0.330482 0.01 0.01
0 0.625133 0.331659 0.01 0.01
0 0.626457 0.358717 0.01 0.01
0 0.635060 0.358717 0.01 0.01
0 0.639692 0.344600 0.01 0.01
0 0.644986 0.355188 0.01 0.01
0 0.643001 0.364600 0.01 0.01
0 0.642339 0.372835 0.01 0.01
0 0.614545 0.384600 0.01 0.01
0 0.613222 0.418717 0.01 0.01
0 0.605942 0.418717 0.01 0.01
0 0.643001 0.388129 0.01 0.01
0 0.636383 0.395188 0.01 0.01
0 0.654913 0.401070 0.01 0.01
0 0.641016 0.412835 0.01 0.01
0 0.635060 0.410482 0.01 0.01
0 0.633074 0.419894 0.01 0.01
0 0.648957 0.402247 0.01 0.01
0 0.662192 0.404600 0.01 0.01
0 0.637045 0.432835 0.01 0.01
0 0.622486 0.456364 0.01 0.01
0 0.627780 0.456364 0.01 0.01
0 0.630427 0.437541 0.01 0.01
0 0.649619 0.418717 0.01 0.01
0 0.656236 0.423423 0.01 0.01
0 0.650280 0.454011 0.01 0.01
0 0.650280 0.463423 0.01 0.01
0 0.650280 0.469306 0.01 0.01
0 0.644324 0.469306 0.01 0.01
0 0.644324 0.469306 0.01 0.01
0 0.635722 0.470482 0.01 0.01
0 0.634398 0.498717 0.01 0.01
0 0.637707 0.482247 0.01 0.01
0 0.643001 0.482247 0.01 0.01
0 0.657560 0.482247 0.01 0.01
0 0.652927 0.495188 0.01 0.01
0 0.658883 0.518717 0.01 0.01
0 0.650280 0.517541 0.01 0.01
0 0.646972 0.526953 0.01 0.01
0 0.639692 0.517541 0.01 0.01
0 0.637045 0.517541 0.01 0.01
0 0.635060 0.529306 0.01 0.01
0 0.634398 0.544600 0.01 0.01
0 0.633736 0.541070 0.01 0.01
0 0.645648 0.546953 0.01 0.01
0 0.640354 0.561070 0.01 0.01
0 0.653589 0.574011 0.01 0.01
0 0.653589 0.558717 0.01 0.01
0 0.633074 0.571658 0.01 0.01
0 0.639692 0.585776 0.01 0.01
0 0.615869 0.574011 0.01 0.01
0 0.629104 0.592835 0.01 0.01
0 0.633736 0.599894 0.01 0.01
0 0.625795 0.612835 0.01 0.01
0 0.633074 0.614011 0.01 0.01
0 0.627780 0.621070 0.01 0.01
0 0.615207 0.611658 0.01 0.01
0 0.635060 0.636364 0.01 0.01
0 0.621824 0.635188 0.01 0.01
0 0.619177 0.649306 0.01 0.01
0 0.617192 0.662247 0.01 0.01
0 0.607927 0.668129 0.01 0.01
0 0.599986 0.683423 0.01 0.01
0 0.614545 0.682247 0.01 0.01
0 0.618516 0.681070 0.01 0.01
0 0.353148 0.176364 0.01 0.01
0 0.362413 0.179894 0.01 0.01
0 0.948074 0.685776 0.01 0.01
